[
    [
        0.0,
        0.567918,
        0.668473,
        0.6830069999999999,
        1.0300619999999998,
        0.9415030000000001,
        1.5131569999999999,
        1.039194,
        1.344148,
        0.45795600000000003,
        1.012726,
        1.815083,
        1.483913,
        1.762577,
        1.050364,
        0.695828,
        0.39352800000000004,
        1.2792260000000002,
        0.882971,
        0.933455,
        1.734266,
        1.2584359999999999,
        0.718471,
        1.137756,
        1.090705,
        1.472432,
        2.43677,
        1.169672,
        1.054535,
        1.366556,
        1.463628,
        2.44081,
        1.627211,
        1.0192569999999999,
        1.127324,
        2.241122,
        2.05869,
        0.927409,
        0.08553400000000001,
        1.125382,
        1.686382,
        2.0324459999999998,
        1.473763,
        1.5649549999999999,
        0.475059,
        0.513334,
        0.535553,
        2.039354,
        0.30785,
        1.052894,
        0.159142,
        2.8011909999999998,
        0.564659,
        1.621473,
        0.7565810000000001,
        1.75225,
        1.7156099999999999,
        0.118414,
        2.972306,
        0.693339
    ],
    [
        0.567918,
        0.0,
        0.427925,
        0.36299000000000003,
        1.201975,
        1.486341,
        2.057995,
        0.7191770000000001,
        1.8865630000000002,
        1.002793,
        1.5575640000000002,
        1.387977,
        1.172199,
        1.7692940000000001,
        0.73865,
        0.38411399999999996,
        0.938365,
        1.8240640000000001,
        1.4278089999999999,
        1.1053689999999998,
        1.7409839999999999,
        1.8032739999999998,
        1.263308,
        0.933292,
        1.555083,
        2.019692,
        2.17277,
        0.857957,
        0.7428210000000001,
        1.9113930000000001,
        2.0084649999999997,
        2.623158,
        2.169626,
        1.564094,
        1.672161,
        1.814017,
        1.631585,
        1.143921,
        0.482385,
        1.67022,
        1.844118,
        1.605341,
        1.708424,
        1.297537,
        0.092859,
        0.054584,
        0.039799,
        2.588343,
        0.852688,
        0.74118,
        0.40877600000000003,
        2.804332,
        0.544851,
        1.628191,
        1.301418,
        1.758968,
        1.722328,
        0.663252,
        2.979024,
        0.452791
    ],
    [
        0.668473,
        0.427925,
        0.0,
        0.065908,
        1.125588,
        1.5868959999999999,
        2.1371700000000002,
        0.397112,
        1.987118,
        1.103349,
        1.658119,
        1.4162139999999999,
        1.5705740000000001,
        2.225044,
        1.1370239999999998,
        0.782489,
        1.03892,
        1.9246189999999999,
        1.528364,
        1.028982,
        2.139358,
        1.903829,
        1.363863,
        1.331667,
        1.736097,
        2.117824,
        2.201006,
        1.256332,
        1.1411959999999999,
        2.011949,
        2.1090210000000003,
        3.021533,
        2.2701819999999997,
        1.643269,
        1.772717,
        1.8422539999999998,
        1.659822,
        1.542295,
        0.58294,
        1.770775,
        2.242493,
        1.633577,
        2.106799,
        0.900861,
        0.49703699999999995,
        0.458762,
        0.443978,
        2.6847469999999998,
        0.9532430000000001,
        1.1395540000000002,
        0.509331,
        3.128944,
        0.943226,
        2.026566,
        1.373467,
        2.23537,
        2.120703,
        0.763807,
        3.377399,
        0.339148
    ],
    [
        0.6830069999999999,
        0.36299000000000003,
        0.065908,
        0.0,
        1.161387,
        1.6014300000000001,
        2.1388949999999998,
        0.37672100000000003,
        2.001652,
        1.117882,
        1.672653,
        1.350306,
        1.5056379999999998,
        2.159136,
        1.0720889999999998,
        0.717553,
        1.053454,
        1.9391530000000001,
        1.5428979999999999,
        1.064781,
        2.074423,
        1.918363,
        1.3783969999999999,
        1.266731,
        1.750631,
        2.132359,
        2.1350990000000003,
        1.191397,
        1.076261,
        2.026483,
        2.123554,
        2.956598,
        2.284716,
        1.6449939999999998,
        1.78725,
        1.776346,
        1.593914,
        1.47736,
        0.5974740000000001,
        1.785309,
        2.1775569999999997,
        1.5676700000000001,
        2.041863,
        0.9550810000000001,
        0.432102,
        0.393827,
        0.379042,
        2.699281,
        0.967777,
        1.074619,
        0.523865,
        3.063036,
        0.878291,
        1.9616310000000001,
        1.409265,
        2.1694630000000004,
        2.055768,
        0.7783410000000001,
        3.312464,
        0.37494700000000003
    ],
    [
        1.0300619999999998,
        1.201975,
        1.125588,
        1.161387,
        0.0,
        0.996418,
        0.9775069999999999,
        1.128568,
        1.646062,
        1.227853,
        1.4520419999999998,
        2.446594,
        2.236186,
        2.532474,
        1.802637,
        1.448101,
        0.636534,
        1.330345,
        1.322818,
        0.126979,
        2.5041640000000003,
        0.925157,
        1.324271,
        1.907653,
        1.748172,
        1.5235509999999999,
        3.231386,
        1.9219439999999999,
        1.806808,
        1.417675,
        1.514747,
        3.037883,
        1.873665,
        0.483607,
        1.567171,
        2.872633,
        2.690201,
        1.6973070000000001,
        1.0925150000000001,
        0.963437,
        2.45628,
        2.663957,
        2.243661,
        1.423626,
        1.227332,
        1.214802,
        1.200018,
        2.479201,
        0.722211,
        1.805167,
        1.0466330000000001,
        3.571088,
        1.571641,
        2.391371,
        0.37381,
        2.522147,
        2.485508,
        0.911648,
        3.693464,
        0.78644
    ],
    [
        0.9415030000000001,
        1.486341,
        1.5868959999999999,
        1.6014300000000001,
        0.996418,
        0.0,
        0.8796799999999999,
        1.956255,
        0.649644,
        0.756193,
        0.771186,
        2.733505,
        2.157994,
        2.047452,
        1.919502,
        1.6142509999999999,
        0.843568,
        0.486454,
        0.6414310000000001,
        0.954543,
        2.019142,
        0.316435,
        0.773084,
        1.427379,
        1.1696199999999999,
        0.6796599999999999,
        2.7216460000000002,
        1.843753,
        1.9236739999999999,
        0.573783,
        0.670855,
        2.356495,
        0.932708,
        0.797388,
        0.638768,
        3.0433440000000003,
        2.906126,
        1.217514,
        1.003956,
        0.18338,
        1.971258,
        2.9346550000000002,
        1.7586389999999998,
        2.251313,
        1.3934819999999999,
        1.4317570000000002,
        1.453975,
        1.7105730000000001,
        0.929245,
        1.790022,
        1.077565,
        3.0860659999999998,
        1.466289,
        1.9063489999999998,
        0.663359,
        2.0371259999999998,
        2.000486,
        0.8255119999999999,
        3.012076,
        1.5177850000000002
    ],
    [
        1.5131569999999999,
        2.057995,
        2.1371700000000002,
        2.1388949999999998,
        0.9775069999999999,
        0.8796799999999999,
        0.0,
        2.138204,
        1.1324960000000002,
        1.600335,
        1.6153279999999999,
        3.4522779999999997,
        3.002136,
        2.891594,
        2.539797,
        2.185261,
        1.118986,
        0.506419,
        1.485573,
        1.104369,
        2.863284,
        0.576384,
        1.617226,
        2.2715210000000003,
        1.9873640000000001,
        0.946222,
        3.565788,
        2.687895,
        2.543968,
        0.675296,
        0.8055030000000001,
        2.873312,
        1.1644210000000002,
        0.493257,
        1.348954,
        3.878318,
        3.695886,
        2.061656,
        1.5749659999999999,
        0.709438,
        2.8154,
        3.6696419999999996,
        2.602781,
        2.37424,
        1.964492,
        2.002767,
        2.024986,
        2.191183,
        1.204663,
        2.5423270000000002,
        1.6485750000000001,
        3.9302089999999996,
        2.0540920000000003,
        2.750491,
        0.7762960000000001,
        2.881268,
        2.844628,
        1.394099,
        3.528893,
        1.763304
    ],
    [
        1.039194,
        0.7191770000000001,
        0.397112,
        0.37672100000000003,
        1.128568,
        1.956255,
        2.138204,
        0.0,
        2.4004920000000003,
        1.4740689999999999,
        2.071493,
        1.3180260000000001,
        1.562189,
        2.126856,
        1.428276,
        1.07374,
        1.2554539999999998,
        2.293978,
        1.941738,
        1.029251,
        2.293882,
        1.94547,
        1.7345840000000001,
        1.6229179999999999,
        2.106818,
        2.487184,
        2.102818,
        1.547584,
        1.4324469999999998,
        2.3813069999999996,
        2.478379,
        3.283544,
        2.683556,
        1.6409960000000001,
        2.186091,
        1.744065,
        1.561633,
        1.833547,
        0.95366,
        1.939597,
        2.504504,
        1.535389,
        2.39805,
        0.578361,
        0.788289,
        0.750014,
        0.735229,
        3.098121,
        1.341131,
        1.430806,
        0.8800520000000001,
        3.030756,
        1.234477,
        2.267959,
        1.373735,
        2.1371819999999997,
        2.440451,
        1.134528,
        3.5732779999999997,
        0.74474
    ],
    [
        1.344148,
        1.8865630000000002,
        1.987118,
        2.001652,
        1.646062,
        0.649644,
        1.1324960000000002,
        2.4004920000000003,
        0.0,
        1.02711,
        0.73785,
        2.682414,
        2.024481,
        1.8735840000000001,
        1.785989,
        2.0144729999999997,
        1.287805,
        0.6260760000000001,
        0.458754,
        1.6022619999999999,
        1.8452739999999999,
        0.868398,
        0.7603390000000001,
        1.348006,
        0.880572,
        0.197074,
        2.5477779999999997,
        1.71024,
        1.7901610000000001,
        0.485528,
        0.385324,
        1.821836,
        0.28306200000000004,
        1.386221,
        0.24216100000000002,
        2.869475,
        2.732258,
        1.1376600000000001,
        1.4041780000000001,
        0.790058,
        1.79739,
        2.7607869999999997,
        1.5409169999999999,
        2.6955500000000003,
        1.793704,
        1.831979,
        1.8541969999999999,
        1.1397059999999999,
        1.3734819999999999,
        1.656509,
        1.477786,
        2.912198,
        1.386916,
        1.732481,
        1.311078,
        1.863258,
        1.8266179999999999,
        1.2233109999999998,
        2.477417,
        1.962022
    ],
    [
        0.45795600000000003,
        1.002793,
        1.103349,
        1.117882,
        1.227853,
        0.756193,
        1.600335,
        1.4740689999999999,
        1.02711,
        0.0,
        0.5772999999999999,
        2.113451,
        1.409934,
        1.3081980000000002,
        1.171442,
        1.130703,
        0.6264890000000001,
        1.0939159999999999,
        0.568356,
        1.1312470000000001,
        1.276311,
        1.073126,
        0.260515,
        0.679319,
        0.632749,
        1.198481,
        1.978815,
        1.095692,
        1.175613,
        1.1812449999999999,
        1.278318,
        1.9828540000000001,
        1.310174,
        1.217048,
        0.8127089999999999,
        2.3005120000000003,
        2.163294,
        0.469454,
        0.520409,
        0.940072,
        1.228426,
        2.191823,
        1.015808,
        1.99983,
        0.9099349999999999,
        0.948209,
        0.970428,
        1.66601,
        0.540811,
        1.041962,
        0.594017,
        2.343235,
        0.718228,
        1.163518,
        0.954372,
        1.297871,
        1.257655,
        0.364285,
        2.514351,
        1.128214
    ],
    [
        1.012726,
        1.5575640000000002,
        1.658119,
        1.672653,
        1.4520419999999998,
        0.771186,
        1.6153279999999999,
        2.071493,
        0.73785,
        0.5772999999999999,
        0.0,
        2.3472890000000004,
        1.689356,
        1.538459,
        1.450864,
        1.685474,
        0.958806,
        1.1089090000000001,
        0.279096,
        1.3559670000000001,
        1.5101479999999998,
        1.0881189999999998,
        0.316786,
        1.012881,
        0.566717,
        0.90922,
        2.212652,
        1.375114,
        1.455035,
        1.196239,
        1.123175,
        1.9941600000000002,
        1.020913,
        1.441769,
        0.523448,
        2.53435,
        2.397132,
        0.802534,
        1.075179,
        0.955065,
        1.4622639999999998,
        2.425661,
        1.2057909999999998,
        2.366552,
        1.464705,
        1.50298,
        1.525199,
        1.435478,
        1.044484,
        1.321383,
        1.148788,
        2.577073,
        1.05179,
        1.397356,
        1.1790930000000002,
        1.528132,
        1.491492,
        0.894312,
        2.649741,
        1.6330239999999998
    ],
    [
        1.815083,
        1.387977,
        1.4162139999999999,
        1.350306,
        2.446594,
        2.733505,
        3.4522779999999997,
        1.3180260000000001,
        2.682414,
        2.113451,
        2.3472890000000004,
        0.0,
        0.244164,
        0.80883,
        0.42326400000000003,
        1.350603,
        2.177133,
        3.062831,
        2.3087600000000004,
        2.347276,
        0.975856,
        3.042042,
        2.165431,
        0.9841409999999999,
        1.9803579999999998,
        2.853785,
        0.835759,
        0.537799,
        0.427436,
        3.141362,
        3.066862,
        1.965518,
        2.938237,
        2.9590210000000003,
        2.4671350000000003,
        0.452357,
        0.243608,
        1.8566969999999998,
        1.721152,
        2.908987,
        1.1864780000000001,
        0.24368,
        1.276267,
        1.896386,
        1.352051,
        1.363829,
        1.404029,
        2.777562,
        2.091456,
        0.6717759999999999,
        1.6475440000000001,
        1.67359,
        1.51134,
        0.949933,
        2.5401860000000003,
        0.819156,
        1.122425,
        1.90202,
        2.255252,
        1.718326
    ],
    [
        1.483913,
        1.172199,
        1.5705740000000001,
        1.5056379999999998,
        2.236186,
        2.157994,
        3.002136,
        1.562189,
        2.024481,
        1.409934,
        1.689356,
        0.244164,
        0.0,
        0.815379,
        0.199707,
        0.995933,
        1.841543,
        2.495717,
        1.650827,
        2.136078,
        0.982405,
        2.474927,
        1.467143,
        0.7605839999999999,
        1.382375,
        2.194974,
        0.919284,
        0.314242,
        0.20387899999999998,
        2.483428,
        2.408929,
        1.972067,
        2.306667,
        2.467271,
        1.809202,
        0.512676,
        0.294007,
        0.971213,
        1.385562,
        2.341873,
        1.193027,
        0.322536,
        1.155375,
        2.14055,
        1.07076,
        1.082538,
        1.104756,
        2.4156350000000004,
        1.755865,
        0.448219,
        1.311953,
        1.680138,
        0.7763150000000001,
        0.9564819999999999,
        2.204595,
        0.825705,
        1.128974,
        1.566429,
        2.2618009999999997,
        1.4462439999999999
    ],
    [
        1.762577,
        1.7692940000000001,
        2.225044,
        2.159136,
        2.532474,
        2.047452,
        2.891594,
        2.126856,
        1.8735840000000001,
        1.3081980000000002,
        1.538459,
        0.80883,
        0.815379,
        0.0,
        1.118659,
        1.593029,
        1.978046,
        2.3851750000000003,
        1.49993,
        2.4828040000000002,
        0.16702699999999998,
        2.3643850000000004,
        1.3566010000000002,
        1.258214,
        1.1715280000000001,
        2.044955,
        0.713167,
        0.955569,
        1.12283,
        2.333409,
        2.2589099999999998,
        1.156689,
        2.129407,
        2.5686060000000004,
        1.659183,
        0.995891,
        0.8586739999999999,
        1.0478669999999999,
        1.8719659999999998,
        2.231331,
        0.37764800000000004,
        0.887202,
        0.467437,
        2.705216,
        1.667855,
        1.679633,
        1.7018520000000001,
        1.968732,
        1.892369,
        1.045314,
        1.945575,
        1.2734839999999998,
        1.297123,
        0.141103,
        2.30593,
        0.010327,
        0.313595,
        1.715843,
        1.446422,
        2.0433399999999997
    ],
    [
        1.050364,
        0.73865,
        1.1370239999999998,
        1.0720889999999998,
        1.802637,
        1.919502,
        2.539797,
        1.428276,
        1.785989,
        1.171442,
        1.450864,
        0.42326400000000003,
        0.199707,
        1.118659,
        0.0,
        0.5451849999999999,
        1.390794,
        2.257225,
        1.4123350000000001,
        1.68533,
        1.0903479999999999,
        2.2364349999999997,
        1.2286510000000002,
        0.522092,
        1.143883,
        1.956483,
        1.7928520000000001,
        0.16309,
        0.004171,
        2.2449369999999997,
        2.1704369999999997,
        1.9725219999999999,
        2.068176,
        2.016523,
        1.57071,
        0.6917770000000001,
        0.47310800000000003,
        0.732721,
        0.934813,
        2.1033809999999997,
        1.193482,
        0.501636,
        1.000951,
        1.840242,
        0.620011,
        0.6317889999999999,
        0.654008,
        2.1771439999999997,
        1.3051169999999999,
        0.128892,
        0.861205,
        2.154159,
        0.5378229999999999,
        0.977555,
        1.753847,
        1.108332,
        1.071692,
        1.11568,
        2.328388,
        0.9954959999999999
    ],
    [
        0.695828,
        0.38411399999999996,
        0.782489,
        0.717553,
        1.448101,
        1.6142509999999999,
        2.185261,
        1.07374,
        2.0144729999999997,
        1.130703,
        1.685474,
        1.350603,
        0.995933,
        1.593029,
        0.5451849999999999,
        0.0,
        1.193687,
        2.0793850000000003,
        1.4412239999999998,
        1.478906,
        1.358673,
        2.058596,
        1.2575399999999999,
        0.5509809999999999,
        1.172772,
        1.986249,
        2.0611770000000003,
        0.475647,
        0.360511,
        2.166715,
        2.2002040000000003,
        2.240847,
        2.097942,
        1.819416,
        1.6004770000000001,
        1.809973,
        1.627541,
        0.76161,
        0.737706,
        1.925541,
        1.461807,
        1.601297,
        1.326113,
        1.777554,
        0.431404,
        0.46967899999999996,
        0.491897,
        2.2060329999999997,
        1.108009,
        0.35886900000000005,
        0.664098,
        2.422021,
        0.264266,
        1.245881,
        1.55674,
        1.376657,
        1.340017,
        0.918573,
        2.596714,
        0.932807
    ],
    [
        0.39352800000000004,
        0.938365,
        1.03892,
        1.053454,
        0.636534,
        0.843568,
        1.118986,
        1.2554539999999998,
        1.287805,
        0.6264890000000001,
        0.958806,
        2.177133,
        1.841543,
        1.978046,
        1.390794,
        1.193687,
        0.0,
        1.1812909999999999,
        0.8290510000000001,
        0.539928,
        1.902799,
        0.9347880000000001,
        0.830504,
        1.305807,
        1.2592370000000002,
        1.3744960000000002,
        2.6053029999999997,
        1.540119,
        1.424982,
        1.2686199999999999,
        1.365692,
        2.5441149999999997,
        1.5708689999999998,
        0.6257290000000001,
        1.073404,
        2.611569,
        2.4291370000000003,
        1.095942,
        0.45598099999999997,
        0.8731,
        1.8549149999999999,
        2.402893,
        1.642296,
        1.550512,
        0.845506,
        0.8837809999999999,
        0.906,
        1.985434,
        0.085677,
        1.423341,
        0.5295890000000001,
        2.969723,
        0.935106,
        1.790006,
        0.363053,
        1.920783,
        1.8841430000000001,
        0.27511399999999997,
        3.140839,
        0.816984
    ],
    [
        1.2792260000000002,
        1.8240640000000001,
        1.9246189999999999,
        1.9391530000000001,
        1.330345,
        0.486454,
        0.506419,
        2.293978,
        0.6260760000000001,
        1.0939159999999999,
        1.1089090000000001,
        3.062831,
        2.495717,
        2.3851750000000003,
        2.257225,
        2.0793850000000003,
        1.1812909999999999,
        0.0,
        0.979153,
        1.321408,
        2.356865,
        0.488919,
        1.110807,
        1.7651020000000002,
        1.480945,
        0.439803,
        3.0593690000000002,
        2.181475,
        2.2613960000000004,
        0.168876,
        0.299084,
        2.366893,
        0.658001,
        0.923924,
        0.842534,
        3.3810659999999997,
        3.243849,
        1.555237,
        1.341679,
        0.45110700000000004,
        2.30898,
        3.272377,
        2.096362,
        2.589035,
        1.7312049999999999,
        1.76948,
        1.791698,
        1.684763,
        1.2669670000000002,
        2.127745,
        1.415287,
        3.423789,
        1.804011,
        2.244072,
        0.997287,
        2.374849,
        2.338209,
        1.160812,
        3.0224740000000003,
        1.855507
    ],
    [
        0.882971,
        1.4278089999999999,
        1.528364,
        1.5428979999999999,
        1.322818,
        0.6414310000000001,
        1.485573,
        1.941738,
        0.458754,
        0.568356,
        0.279096,
        2.3087600000000004,
        1.650827,
        1.49993,
        1.4123350000000001,
        1.4412239999999998,
        0.8290510000000001,
        0.979153,
        0.0,
        1.226212,
        1.47162,
        0.958364,
        0.301585,
        0.974352,
        0.528189,
        0.630125,
        2.174124,
        1.336586,
        1.416507,
        0.9185789999999999,
        0.8440789999999999,
        1.7150640000000001,
        0.741818,
        1.3120129999999999,
        0.24435300000000001,
        2.495821,
        2.3586039999999997,
        0.764006,
        0.9454239999999999,
        0.825309,
        1.4237360000000001,
        2.3871320000000003,
        1.167263,
        2.236796,
        1.33495,
        1.373225,
        1.395443,
        1.156383,
        0.914728,
        1.282855,
        1.019033,
        2.538544,
        1.0132619999999999,
        1.358827,
        1.049337,
        1.4896040000000002,
        1.452964,
        0.764557,
        2.3706460000000003,
        1.503268
    ],
    [
        0.933455,
        1.1053689999999998,
        1.028982,
        1.064781,
        0.126979,
        0.954543,
        1.104369,
        1.029251,
        1.6022619999999999,
        1.1312470000000001,
        1.3559670000000001,
        2.347276,
        2.136078,
        2.4828040000000002,
        1.68533,
        1.478906,
        0.539928,
        1.321408,
        1.226212,
        0.0,
        2.4075569999999997,
        0.916219,
        1.227665,
        1.811047,
        1.651566,
        1.5146140000000001,
        3.138709,
        1.825338,
        1.710202,
        1.408738,
        1.5058099999999999,
        2.941277,
        1.8647280000000002,
        0.607161,
        1.4705650000000001,
        2.7799560000000003,
        2.597524,
        1.6007,
        0.995908,
        0.926917,
        2.359673,
        2.5712800000000002,
        2.1470540000000002,
        1.3309490000000002,
        1.1307260000000001,
        1.118196,
        1.1034110000000001,
        2.382594,
        0.625605,
        1.7085599999999999,
        0.9500259999999999,
        3.474482,
        1.4750340000000002,
        2.2947640000000002,
        0.34448399999999996,
        2.425541,
        2.3889009999999997,
        0.815041,
        3.596858,
        0.689834
    ],
    [
        1.734266,
        1.7409839999999999,
        2.139358,
        2.074423,
        2.5041640000000003,
        2.019142,
        2.863284,
        2.293882,
        1.8452739999999999,
        1.276311,
        1.5101479999999998,
        0.975856,
        0.982405,
        0.16702699999999998,
        1.0903479999999999,
        1.358673,
        1.902799,
        2.356865,
        1.47162,
        2.4075569999999997,
        0.0,
        2.336274,
        1.32849,
        1.230102,
        1.143417,
        2.016844,
        0.737973,
        0.927457,
        1.094719,
        2.3052979999999996,
        2.2307979999999996,
        1.101066,
        2.101295,
        2.5404940000000003,
        1.6310719999999999,
        1.10064,
        1.0257,
        1.0197559999999999,
        1.843855,
        2.20322,
        0.32202600000000003,
        1.054229,
        0.439326,
        2.872243,
        1.6397439999999999,
        1.651522,
        1.67374,
        1.9406199999999998,
        1.864257,
        1.017203,
        1.917463,
        1.137021,
        1.269012,
        0.130776,
        2.2778180000000003,
        0.15669999999999998,
        0.269406,
        1.687731,
        1.315957,
        2.015228
    ],
    [
        1.2584359999999999,
        1.8032739999999998,
        1.903829,
        1.918363,
        0.925157,
        0.316435,
        0.576384,
        1.94547,
        0.868398,
        1.073126,
        1.0881189999999998,
        3.042042,
        2.474927,
        2.3643850000000004,
        2.2364349999999997,
        2.058596,
        0.9347880000000001,
        0.488919,
        0.958364,
        0.916219,
        2.336274,
        0.0,
        1.090017,
        1.7443119999999999,
        1.486553,
        0.682125,
        3.0385790000000004,
        2.160686,
        2.240606,
        0.576249,
        0.6733210000000001,
        2.6037660000000002,
        1.032238,
        0.659424,
        0.9141609999999999,
        3.360277,
        3.223059,
        1.534447,
        1.3208900000000001,
        0.133054,
        2.288191,
        3.251587,
        2.075572,
        2.2471680000000003,
        1.710415,
        1.74869,
        1.770908,
        1.985966,
        1.020465,
        2.106955,
        1.394498,
        3.403,
        1.783222,
        2.223282,
        0.5920979999999999,
        2.3540590000000003,
        2.3174189999999997,
        1.1400219999999999,
        3.259348,
        1.598332
    ],
    [
        0.718471,
        1.263308,
        1.363863,
        1.3783969999999999,
        1.324271,
        0.773084,
        1.617226,
        1.7345840000000001,
        0.7603390000000001,
        0.260515,
        0.316786,
        2.165431,
        1.467143,
        1.3566010000000002,
        1.2286510000000002,
        1.2575399999999999,
        0.830504,
        1.110807,
        0.301585,
        1.227665,
        1.32849,
        1.090017,
        0.0,
        0.7365280000000001,
        0.46209300000000003,
        0.93171,
        2.030795,
        1.1529010000000002,
        1.2328219999999999,
        1.198137,
        1.145664,
        1.936146,
        1.043403,
        1.3134659999999998,
        0.545938,
        2.3524920000000002,
        2.215275,
        0.526663,
        0.7833519999999999,
        0.956963,
        1.2804069999999999,
        2.2438029999999998,
        1.067788,
        2.2382489999999997,
        1.1728779999999999,
        1.211153,
        1.233371,
        1.4579680000000002,
        0.800335,
        1.0991710000000001,
        0.856961,
        2.3952150000000003,
        0.775438,
        1.215498,
        1.05079,
        1.346275,
        1.3096349999999999,
        0.627229,
        2.566331,
        1.391158
    ],
    [
        1.137756,
        0.933292,
        1.331667,
        1.266731,
        1.907653,
        1.427379,
        2.2715210000000003,
        1.6229179999999999,
        1.348006,
        0.679319,
        1.012881,
        0.9841409999999999,
        0.7605839999999999,
        1.258214,
        0.522092,
        0.5509809999999999,
        1.305807,
        1.7651020000000002,
        0.974352,
        1.811047,
        1.230102,
        1.7443119999999999,
        0.7365280000000001,
        0.0,
        0.741752,
        1.519377,
        1.933085,
        0.44634300000000005,
        0.5262640000000001,
        1.807831,
        1.733331,
        2.037602,
        1.630192,
        1.897345,
        1.132727,
        1.252654,
        1.033985,
        0.210346,
        1.200705,
        1.611739,
        1.213558,
        1.0625129999999998,
        1.0463230000000001,
        2.118059,
        0.897828,
        0.909606,
        0.931825,
        1.775013,
        1.2211079999999999,
        0.392612,
        1.139022,
        2.293929,
        0.03890999999999999,
        1.117788,
        1.6346690000000001,
        1.2485650000000001,
        1.211925,
        1.0445820000000001,
        2.468621,
        1.2733130000000001
    ],
    [
        1.090705,
        1.555083,
        1.736097,
        1.750631,
        1.748172,
        1.1696199999999999,
        1.9873640000000001,
        2.106818,
        0.880572,
        0.632749,
        0.566717,
        1.9803579999999998,
        1.382375,
        1.1715280000000001,
        1.143883,
        1.172772,
        1.2592370000000002,
        1.480945,
        0.528189,
        1.651566,
        1.143417,
        1.486553,
        0.46209300000000003,
        0.741752,
        0.0,
        1.048579,
        1.845722,
        1.068133,
        1.1480540000000001,
        1.337033,
        1.216642,
        1.474053,
        1.063871,
        1.7373669999999999,
        0.687442,
        2.1674189999999998,
        2.030202,
        0.5314059999999999,
        1.1516590000000002,
        1.353498,
        1.095334,
        2.0587310000000003,
        0.806856,
        2.66215,
        1.5196189999999998,
        1.528676,
        1.550894,
        1.033261,
        1.172061,
        1.014403,
        1.225267,
        2.210142,
        0.7806620000000001,
        1.030425,
        1.474691,
        1.161202,
        1.1245619999999998,
        0.995535,
        2.129634,
        1.759464
    ],
    [
        1.472432,
        2.019692,
        2.117824,
        2.132359,
        1.5235509999999999,
        0.6796599999999999,
        0.946222,
        2.487184,
        0.197074,
        1.198481,
        0.90922,
        2.853785,
        2.194974,
        2.044955,
        1.956483,
        1.986249,
        1.3744960000000002,
        0.439803,
        0.630125,
        1.5146140000000001,
        2.016844,
        0.682125,
        0.93171,
        1.519377,
        1.048579,
        0.0,
        2.719149,
        1.8793199999999999,
        1.9615319999999998,
        0.299254,
        0.22674799999999998,
        2.018911,
        0.48013799999999995,
        1.199948,
        0.41353199999999996,
        3.040846,
        2.903629,
        1.309031,
        1.534885,
        0.644313,
        1.968761,
        2.932157,
        1.712288,
        2.782241,
        1.924411,
        1.962685,
        1.984904,
        1.336782,
        1.460173,
        1.8278800000000002,
        1.608493,
        3.083569,
        1.558287,
        1.903852,
        1.190493,
        2.034629,
        1.997989,
        1.354018,
        2.6744920000000003,
        2.0487130000000002
    ],
    [
        2.43677,
        2.17277,
        2.201006,
        2.1350990000000003,
        3.231386,
        2.7216460000000002,
        3.565788,
        2.102818,
        2.5477779999999997,
        1.978815,
        2.212652,
        0.835759,
        0.919284,
        0.713167,
        1.7928520000000001,
        2.0611770000000003,
        2.6053029999999997,
        3.0593690000000002,
        2.174124,
        3.138709,
        0.737973,
        3.0385790000000004,
        2.030795,
        1.933085,
        1.845722,
        2.719149,
        0.0,
        1.629961,
        1.797223,
        3.006924,
        2.9333020000000003,
        1.808598,
        2.803799,
        3.242998,
        2.333576,
        0.43365499999999996,
        0.62527,
        1.72226,
        2.546359,
        2.905724,
        1.029558,
        0.6152839999999999,
        1.14183,
        2.680364,
        2.136029,
        2.147807,
        2.1880070000000003,
        2.643125,
        2.566761,
        1.719707,
        2.4315219999999997,
        0.927938,
        1.971516,
        0.811338,
        2.980322,
        0.70284,
        0.9719099999999999,
        2.390235,
        2.0532220000000003,
        2.502304
    ],
    [
        1.169672,
        0.857957,
        1.256332,
        1.191397,
        1.9219439999999999,
        1.843753,
        2.687895,
        1.547584,
        1.71024,
        1.095692,
        1.375114,
        0.537799,
        0.314242,
        0.955569,
        0.16309,
        0.475647,
        1.540119,
        2.181475,
        1.336586,
        1.825338,
        0.927457,
        2.160686,
        1.1529010000000002,
        0.44634300000000005,
        1.068133,
        1.8793199999999999,
        1.629961,
        0.0,
        0.167261,
        2.169187,
        2.094687,
        1.809432,
        1.992426,
        2.15303,
        1.494961,
        0.806311,
        0.587642,
        0.656971,
        1.0713199999999998,
        2.027631,
        1.030392,
        0.616171,
        0.894698,
        1.976749,
        0.756518,
        0.7682960000000001,
        0.790515,
        2.101394,
        1.441624,
        0.133977,
        0.997712,
        1.990606,
        0.462074,
        0.814465,
        1.890354,
        0.9452419999999999,
        0.908602,
        1.252187,
        2.165298,
        1.1320029999999999
    ],
    [
        1.054535,
        0.7428210000000001,
        1.1411959999999999,
        1.076261,
        1.806808,
        1.9236739999999999,
        2.543968,
        1.4324469999999998,
        1.7901610000000001,
        1.175613,
        1.455035,
        0.427436,
        0.20387899999999998,
        1.12283,
        0.004171,
        0.360511,
        1.424982,
        2.2613960000000004,
        1.416507,
        1.710202,
        1.094719,
        2.240606,
        1.2328219999999999,
        0.5262640000000001,
        1.1480540000000001,
        1.9615319999999998,
        1.797223,
        0.167261,
        0.0,
        2.249108,
        2.174608,
        1.976694,
        2.072347,
        2.0206939999999998,
        1.5748820000000001,
        0.695948,
        0.477279,
        0.736893,
        0.938985,
        2.107552,
        1.197654,
        0.505808,
        1.005123,
        1.844414,
        0.624182,
        0.635961,
        0.658179,
        2.181315,
        1.309288,
        0.133063,
        0.8653759999999999,
        2.15833,
        0.541995,
        0.981727,
        1.758018,
        1.112503,
        1.075864,
        1.119852,
        2.33256,
        0.9996670000000001
    ],
    [
        1.366556,
        1.9113930000000001,
        2.011949,
        2.026483,
        1.417675,
        0.573783,
        0.675296,
        2.3813069999999996,
        0.485528,
        1.1812449999999999,
        1.196239,
        3.141362,
        2.483428,
        2.333409,
        2.2449369999999997,
        2.166715,
        1.2686199999999999,
        0.168876,
        0.9185789999999999,
        1.408738,
        2.3052979999999996,
        0.576249,
        1.198137,
        1.807831,
        1.337033,
        0.299254,
        3.006924,
        2.169187,
        2.249108,
        0.0,
        0.130207,
        2.1980169999999997,
        0.489125,
        1.0928,
        0.701986,
        3.3293000000000004,
        3.1920830000000002,
        1.5974849999999998,
        1.429009,
        0.538437,
        2.267777,
        3.220612,
        2.000741,
        2.6763649999999997,
        1.818535,
        1.856809,
        1.879028,
        1.515887,
        1.354297,
        2.1163339999999997,
        1.5026169999999999,
        3.3720239999999997,
        1.846741,
        2.192306,
        1.084616,
        2.323083,
        2.2864430000000002,
        1.248142,
        2.853598,
        1.942837
    ],
    [
        1.463628,
        2.0084649999999997,
        2.1090210000000003,
        2.123554,
        1.514747,
        0.670855,
        0.8055030000000001,
        2.478379,
        0.385324,
        1.278318,
        1.123175,
        3.066862,
        2.408929,
        2.2589099999999998,
        2.1704369999999997,
        2.2002040000000003,
        1.365692,
        0.299084,
        0.8440789999999999,
        1.5058099999999999,
        2.2307979999999996,
        0.6733210000000001,
        1.145664,
        1.733331,
        1.216642,
        0.22674799999999998,
        2.9333020000000003,
        2.094687,
        2.174608,
        0.130207,
        0.0,
        2.067809,
        0.373908,
        1.191144,
        0.62948,
        3.2567939999999997,
        3.119576,
        1.5249780000000002,
        1.5260809999999998,
        0.635509,
        2.13757,
        3.148105,
        1.8484960000000001,
        2.773437,
        1.915607,
        1.953881,
        1.9761,
        1.38568,
        1.451369,
        2.043828,
        1.5996890000000001,
        3.299517,
        1.7742339999999999,
        2.1198,
        1.181688,
        2.250576,
        2.2139360000000003,
        1.345214,
        2.7233899999999998,
        2.039909
    ],
    [
        2.44081,
        2.623158,
        3.021533,
        2.956598,
        3.037883,
        2.356495,
        2.873312,
        3.283544,
        1.821836,
        1.9828540000000001,
        1.9941600000000002,
        1.965518,
        1.972067,
        1.156689,
        1.9725219999999999,
        2.240847,
        2.5441149999999997,
        2.366893,
        1.7150640000000001,
        2.941277,
        1.101066,
        2.6037660000000002,
        1.936146,
        2.037602,
        1.474053,
        2.018911,
        1.808598,
        1.809432,
        1.976694,
        2.1980169999999997,
        2.067809,
        0.0,
        1.865192,
        3.00408,
        1.7954700000000001,
        2.1712640000000003,
        2.015362,
        1.827255,
        2.503263,
        2.446994,
        0.8815270000000001,
        2.043891,
        1.3213009999999998,
        3.861905,
        2.521719,
        2.5334969999999997,
        2.555716,
        1.121899,
        2.523665,
        1.899178,
        2.576871,
        2.021169,
        2.076511,
        1.023485,
        2.741404,
        1.146362,
        0.972607,
        2.3471390000000003,
        0.8324980000000001,
        2.897203
    ],
    [
        1.627211,
        2.169626,
        2.2701819999999997,
        2.284716,
