[
    [
        0.0,
        0.763038,
        0.077257,
        1.401451,
        0.6567390000000001,
        0.386453,
        0.631991,
        1.1576300000000002,
        0.270669,
        1.039925,
        2.506719,
        0.18103999999999998,
        0.5958110000000001,
        0.726998,
        1.995301,
        1.026747,
        0.593221,
        0.41792700000000005,
        0.664264,
        0.596598,
        0.51613,
        0.708379,
        0.6827519999999999,
        0.41075599999999995,
        1.5854570000000001,
        0.7525850000000001,
        1.212181,
        0.670018,
        0.155468,
        0.159863,
        0.295454,
        0.869366
    ],
    [
        0.763038,
        0.0,
        0.824063,
        1.9669269999999999,
        0.117948,
        1.13326,
        0.583182,
        0.8859450000000001,
        0.853722,
        0.768239,
        2.368938,
        0.565766,
        0.32412599999999997,
        1.292474,
        1.7236150000000001,
        0.755062,
        0.477731,
        0.34539299999999995,
        0.098774,
        0.20436600000000002,
        0.33470999999999995,
        0.569902,
        0.411067,
        0.361947,
        2.150933,
        0.4809,
        1.9692560000000001,
        0.39833300000000005,
        0.5913339999999999,
        0.586943,
        0.482931,
        0.286229
    ],
    [
        0.077257,
        0.824063,
        0.0,
        1.3241939999999999,
        0.733996,
        0.3317,
        0.7092480000000001,
        1.2348869999999998,
        0.193412,
        1.1171820000000001,
        2.551946,
        0.258297,
        0.6730689999999999,
        0.64974,
        2.072558,
        1.104004,
        0.670479,
        0.495184,
        0.741521,
        0.673855,
        0.593387,
        0.785636,
        0.760009,
        0.488014,
        1.5082,
        0.829842,
        1.1574280000000001,
        0.747275,
        0.232725,
        0.237121,
        0.372711,
        0.946623
    ],
    [
        1.401451,
        1.9669269999999999,
        1.3241939999999999,
        0.0,
        1.87686,
        1.568124,
        1.6900920000000001,
        2.3777510000000004,
        1.143326,
        2.260046,
        3.72684,
        1.401161,
        1.815933,
        0.693194,
        3.2154220000000002,
        2.246868,
        1.8133430000000001,
        1.638048,
        1.884385,
        1.816719,
        1.736251,
        1.9285,
        1.902873,
        1.6308779999999998,
        0.239054,
        1.9727059999999998,
        2.220272,
        1.8901389999999998,
        1.375589,
        1.3799849999999998,
        1.5155750000000001,
        2.089487
    ],
    [
        0.6567390000000001,
        0.117948,
        0.733996,
        1.87686,
        0.0,
        1.043192,
        0.493114,
        0.769625,
        0.7636539999999999,
        0.651919,
        2.252618,
        0.47569799999999995,
        0.20780600000000002,
        1.2024059999999999,
        1.6072950000000001,
        0.6387419999999999,
        0.361411,
        0.25532499999999997,
        0.019174,
        0.09806699999999999,
        0.218929,
        0.453582,
        0.29474700000000004,
        0.27188,
        2.0608649999999997,
        0.36457999999999996,
        1.879189,
        0.28201299999999996,
        0.501266,
        0.496875,
        0.392863,
        0.240507
    ],
    [
        0.386453,
        1.13326,
        0.3317,
        1.568124,
        1.043192,
        0.0,
        1.018444,
        1.539209,
        0.46420999999999996,
        1.421503,
        2.220246,
        0.567493,
        0.97739,
        0.8936710000000001,
        2.3768789999999997,
        1.408325,
        0.882025,
        0.80438,
        1.050718,
        0.983051,
        0.883046,
        1.009097,
        1.064331,
        0.7972100000000001,
        1.7521300000000002,
        1.134163,
        1.04101,
        1.051597,
        0.5419210000000001,
        0.546317,
        0.681907,
        1.255819
    ],
    [
        0.631991,
        0.583182,
        0.7092480000000001,
        1.6900920000000001,
        0.493114,
        1.018444,
        0.0,
        0.994006,
        0.738906,
        0.8763,
        2.4769989999999997,
        0.45095100000000005,
        0.432187,
        1.127912,
        1.8316759999999999,
        0.863122,
        0.527548,
        0.305592,
        0.50064,
        0.43297399999999997,
        0.43005099999999996,
        0.65462,
        0.519128,
        0.22123400000000001,
        1.874097,
        0.58896,
        1.854441,
        0.506393,
        0.476518,
        0.472127,
        0.368116,
        0.705741
    ],
    [
        1.1576300000000002,
        0.8859450000000001,
        1.2348869999999998,
        2.3777510000000004,
        0.769625,
        1.539209,
        0.994006,
        0.0,
        1.264546,
        0.117706,
        1.482993,
        0.9765900000000001,
        0.561819,
        1.703298,
        0.8376699999999999,
        0.130883,
        0.652178,
        0.743174,
        0.788799,
        0.694298,
        0.6906950000000001,
        0.584909,
        0.47487799999999997,
        0.772771,
        2.561757,
        0.49527899999999997,
        2.369812,
        0.487595,
        1.002158,
        0.9977670000000001,
        0.893755,
        0.6257
    ],
    [
        0.270669,
        0.853722,
        0.193412,
        1.143326,
        0.7636539999999999,
        0.46420999999999996,
        0.738906,
        1.264546,
        0.0,
        1.1468399999999999,
        2.6136340000000002,
        0.28795499999999996,
        0.702727,
        0.468873,
        2.102216,
        1.133662,
        0.7001369999999999,
        0.524842,
        0.77118,
        0.703513,
        0.623045,
        0.815294,
        0.789667,
        0.517672,
        1.3273320000000002,
        0.8595,
        1.16227,
        0.776933,
        0.262383,
        0.266779,
        0.40236900000000003,
        0.976281
    ],
    [
        1.039925,
        0.768239,
        1.1171820000000001,
        2.260046,
        0.651919,
        1.421503,
        0.8763,
        0.117706,
        1.1468399999999999,
        0.0,
        1.600699,
        0.858885,
        0.444113,
        1.585593,
        0.955376,
        0.013178,
        0.534472,
        0.6254679999999999,
        0.6710929999999999,
        0.5765929999999999,
        0.57299,
        0.467203,
        0.357173,
        0.655066,
        2.444052,
        0.377573,
        2.2521060000000004,
        0.369889,
        0.884452,
        0.880061,
        0.7760499999999999,
        0.5079940000000001
    ],
    [
        2.506719,
        2.368938,
        2.551946,
        3.72684,
        2.252618,
        2.220246,
        2.4769989999999997,
        1.482993,
        2.6136340000000002,
        1.600699,
        0.0,
        2.325678,
        2.044812,
        3.052386,
        2.0042619999999998,
        1.613877,
        1.979635,
        2.226167,
        2.271792,
        2.177292,
        2.118136,
        1.954887,
        1.957872,
        2.255765,
        3.9108449999999997,
        1.978272,
        3.264478,
        1.970588,
        2.351246,
        2.346855,
        2.2428429999999997,
        2.108693
    ],
    [
        0.18103999999999998,
        0.565766,
        0.258297,
        1.401161,
        0.47569799999999995,
        0.567493,
        0.45095100000000005,
        0.9765900000000001,
        0.28795499999999996,
        0.858885,
        2.325678,
        0.0,
        0.414771,
        0.726708,
        1.81426,
        0.845707,
        0.41218099999999996,
        0.23688700000000001,
        0.483224,
        0.415558,
        0.33509,
        0.527338,
        0.5017119999999999,
        0.229716,
        1.585167,
        0.571545,
        1.393221,
        0.488978,
        0.025568,
        0.021176999999999998,
        0.114413,
        0.688326
    ],
    [
        0.5958110000000001,
        0.32412599999999997,
        0.6730689999999999,
        1.815933,
        0.20780600000000002,
        0.97739,
        0.432187,
        0.561819,
        0.702727,
        0.444113,
        2.044812,
        0.414771,
        0.0,
        1.1414790000000001,
        1.399489,
        0.430935,
        0.271358,
        0.181355,
        0.22698,
        0.132479,
        0.12887700000000002,
        0.270962,
        0.086941,
        0.210953,
        1.999938,
        0.156773,
        1.818261,
        0.074207,
        0.440339,
        0.435948,
        0.33193599999999995,
        0.348912
    ],
    [
        0.726998,
        1.292474,
        0.64974,
        0.693194,
        1.2024059999999999,
        0.8936710000000001,
        1.127912,
        1.703298,
        0.468873,
        1.585593,
        3.052386,
        0.726708,
        1.1414790000000001,
        0.0,
        2.540968,
        1.572415,
        1.1388889999999998,
        0.9635940000000001,
        1.209932,
        1.142266,
        1.061798,
        1.254046,
        1.22842,
        0.9564239999999999,
        0.8771420000000001,
        1.2982529999999999,
        1.545818,
        1.2156859999999998,
        0.701136,
        0.7055309999999999,
        0.841121,
        1.4150340000000001
    ],
    [
        1.995301,
        1.7236150000000001,
        2.072558,
        3.2154220000000002,
        1.6072950000000001,
        2.3768789999999997,
        1.8316759999999999,
        0.8376699999999999,
        2.102216,
        0.955376,
        2.0042619999999998,
        1.81426,
        1.399489,
        2.540968,
        0.0,
        0.968554,
        1.489848,
        1.5808440000000001,
        1.626469,
        1.5319690000000001,
        1.528366,
        1.422579,
        1.312548,
        1.610442,
        3.399428,
        1.3329490000000002,
        3.207482,
        1.3252650000000001,
        1.839828,
        1.835437,
        1.731425,
        1.4633699999999998
    ],
    [
        1.026747,
        0.755062,
        1.104004,
        2.246868,
        0.6387419999999999,
        1.408325,
        0.863122,
        0.130883,
        1.133662,
        0.013178,
        1.613877,
        0.845707,
        0.430935,
        1.572415,
        0.968554,
        0.0,
        0.521294,
        0.612291,
        0.6579160000000001,
        0.563415,
        0.559812,
        0.45402499999999996,
        0.343995,
        0.641888,
        2.4308739999999998,
        0.36439499999999997,
        2.238928,
        0.356711,
        0.871275,
        0.8668830000000001,
        0.762872,
        0.494816
    ],
    [
        0.593221,
        0.477731,
        0.670479,
        1.8133430000000001,
        0.361411,
        0.882025,
        0.527548,
        0.652178,
        0.7001369999999999,
        0.534472,
        1.979635,
        0.41218099999999996,
        0.271358,
        1.1388889999999998,
        1.489848,
        0.521294,
        0.0,
        0.30601999999999996,
        0.380585,
        0.285783,
        0.177014,
        0.13719499999999998,
        0.251291,
        0.30631400000000003,
        1.997348,
        0.27169099999999996,
        1.815671,
        0.264007,
        0.437749,
        0.433358,
        0.329346,
        0.5146069999999999
    ],
    [
        0.41792700000000005,
        0.34539299999999995,
        0.495184,
        1.638048,
        0.25532499999999997,
        0.80438,
        0.305592,
        0.743174,
        0.524842,
        0.6254679999999999,
        2.226167,
        0.23688700000000001,
        0.181355,
        0.9635940000000001,
        1.5808440000000001,
        0.612291,
        0.30601999999999996,
        0.0,
        0.262851,
        0.182142,
        0.179219,
        0.433092,
        0.268296,
        0.084358,
        1.822054,
        0.338129,
        1.640377,
        0.255562,
        0.262454,
        0.258063,
        0.154052,
        0.467952
    ],
    [
        0.664264,
        0.098774,
        0.741521,
        1.884385,
        0.019174,
        1.050718,
        0.50064,
        0.788799,
        0.77118,
        0.6710929999999999,
        2.271792,
        0.483224,
        0.22698,
        1.209932,
        1.626469,
        0.6579160000000001,
        0.380585,
        0.262851,
        0.0,
        0.105592,
        0.235936,
        0.471128,
        0.312293,
        0.27940499999999996,
        2.068391,
        0.38212599999999997,
        1.886714,
        0.299559,
        0.508792,
        0.504401,
        0.400389,
        0.221333
    ],
    [
        0.596598,
        0.20436600000000002,
        0.673855,
        1.816719,
        0.09806699999999999,
        0.983051,
        0.43297399999999997,
        0.694298,
        0.703513,
        0.5765929999999999,
        2.177292,
        0.415558,
        0.132479,
        1.142266,
        1.5319690000000001,
        0.563415,
        0.285783,
        0.182142,
        0.105592,
        0.0,
        0.130343,
        0.377954,
        0.21941999999999998,
        0.211739,
        2.000725,
        0.289253,
        1.819048,
        0.206686,
        0.44112599999999996,
        0.43673500000000004,
        0.332723,
        0.326926
    ],
    [
        0.51613,
        0.33470999999999995,
        0.593387,
        1.736251,
        0.218929,
        0.883046,
        0.43005099999999996,
        0.6906950000000001,
        0.623045,
        0.57299,
        2.118136,
        0.33509,
        0.12887700000000002,
        1.061798,
        1.528366,
        0.559812,
        0.177014,
        0.179219,
        0.235936,
        0.130343,
        0.0,
        0.269185,
        0.215817,
        0.208816,
        1.920257,
        0.28564999999999996,
        1.73858,
        0.20308299999999999,
        0.36065800000000003,
        0.356267,
        0.252255,
        0.458072
    ],
    [
        0.708379,
        0.569902,
        0.785636,
        1.9285,
        0.453582,
        1.009097,
        0.65462,
        0.584909,
        0.815294,
        0.467203,
        1.954887,
        0.527338,
        0.270962,
        1.254046,
        1.422579,
        0.45402499999999996,
        0.13719499999999998,
        0.433092,
        0.471128,
        0.377954,
        0.269185,
        0.0,
        0.184022,
        0.43338499999999996,
        2.12442,
        0.204422,
        1.932474,
        0.196738,
        0.564821,
        0.56043,
        0.456418,
        0.447338
    ],
    [
        0.6827519999999999,
        0.411067,
        0.760009,
        1.902873,
        0.29474700000000004,
        1.064331,
        0.519128,
        0.47487799999999997,
        0.789667,
        0.357173,
        1.957872,
        0.5017119999999999,
        0.086941,
        1.22842,
        1.312548,
        0.343995,
        0.251291,
        0.268296,
        0.312293,
        0.21941999999999998,
        0.215817,
        0.184022,
        0.0,
        0.29789299999999996,
        2.0868789999999997,
        0.06983299999999999,
        1.894933,
        0.012717000000000001,
        0.52728,
        0.522889,
        0.418877,
        0.312749
    ],
    [
        0.41075599999999995,
        0.361947,
        0.488014,
        1.6308779999999998,
        0.27188,
        0.7972100000000001,
        0.22123400000000001,
        0.772771,
        0.517672,
        0.655066,
        2.255765,
        0.229716,
        0.210953,
        0.9564239999999999,
        1.610442,
        0.641888,
        0.30631400000000003,
        0.084358,
        0.27940499999999996,
        0.211739,
        0.208816,
        0.43338499999999996,
        0.29789299999999996,
        0.0,
        1.814883,
        0.367726,
        1.622938,
        0.285159,
        0.255284,
        0.250893,
        0.146881,
        0.484507
    ],
    [
        1.5854570000000001,
        2.150933,
        1.5082,
        0.239054,
        2.0608649999999997,
        1.7521300000000002,
        1.874097,
        2.561757,
        1.3273320000000002,
        2.444052,
        3.9108449999999997,
        1.585167,
        1.999938,
        0.8771420000000001,
        3.399428,
        2.4308739999999998,
        1.997348,
        1.822054,
        2.068391,
        2.000725,
        1.920257,
        2.12442,
        2.0868789999999997,
        1.814883,
        0.0,
        2.156712,
        2.4042779999999997,
        2.074145,
        1.559595,
        1.56399,
        1.6995799999999999,
        2.2734929999999998
    ],
    [
        0.7525850000000001,
        0.4809,
        0.829842,
        1.9727059999999998,
        0.36457999999999996,
        1.134163,
        0.58896,
        0.49527899999999997,
        0.8595,
        0.377573,
        1.978272,
        0.571545,
        0.156773,
        1.2982529999999999,
        1.3329490000000002,
        0.36439499999999997,
        0.27169099999999996,
        0.338129,
        0.38212599999999997,
        0.289253,
        0.28564999999999996,
        0.204422,
        0.06983299999999999,
        0.367726,
        2.156712,
        0.0,
        1.975035,
        0.08254900000000001,
        0.597112,
        0.592721,
        0.48871,
        0.242916
    ],
    [
        1.212181,
        1.9692560000000001,
        1.1574280000000001,
        2.220272,
        1.879189,
        1.04101,
        1.854441,
        2.369812,
        1.16227,
        2.2521060000000004,
        3.264478,
        1.393221,
        1.818261,
        1.545818,
        3.207482,
        2.238928,
        1.815671,
        1.640377,
        1.886714,
        1.819048,
        1.73858,
        1.932474,
        1.894933,
        1.622938,
        2.4042779999999997,
        1.975035,
        0.0,
        1.8771600000000002,
        1.3626099999999999,
        1.367005,
        1.5025950000000001,
        2.076508
    ],
    [
        0.670018,
        0.39833300000000005,
        0.747275,
        1.8901389999999998,
        0.28201299999999996,
        1.051597,
        0.506393,
        0.487595,
        0.776933,
        0.369889,
        1.970588,
        0.488978,
        0.074207,
        1.2156859999999998,
        1.3252650000000001,
        0.356711,
        0.264007,
        0.255562,
        0.299559,
        0.206686,
        0.20308299999999999,
        0.196738,
        0.012717000000000001,
        0.285159,
        2.074145,
        0.08254900000000001,
        1.8771600000000002,
        0.0,
        0.5145460000000001,
        0.510155,
        0.406143,
        0.32546499999999995
    ],
    [
        0.155468,
        0.5913339999999999,
        0.232725,
        1.375589,
        0.501266,
        0.5419210000000001,
        0.476518,
        1.002158,
        0.262383,
        0.884452,
        2.351246,
        0.025568,
        0.440339,
        0.701136,
        1.839828,
        0.871275,
        0.437749,
        0.262454,
        0.508792,
        0.44112599999999996,
        0.36065800000000003,
        0.564821,
        0.52728,
        0.255284,
        1.559595,
        0.597112,
        1.3626099999999999,
        0.5145460000000001,
        0.0,
        0.004391,
        0.139981,
        0.713893
    ],
    [
        0.159863,
        0.586943,
        0.237121,
        1.3799849999999998,
        0.496875,
        0.546317,
        0.472127,
        0.9977670000000001,
        0.266779,
        0.880061,
        2.346855,
        0.021176999999999998,
        0.435948,
        0.7055309999999999,
        1.835437,
        0.8668830000000001,
        0.433358,
        0.258063,
        0.504401,
        0.43673500000000004,
        0.356267,
        0.56043,
        0.522889,
        0.250893,
        1.56399,
        0.592721,
        1.367005,
        0.510155,
        0.004391,
        0.0,
        0.13559000000000002,
        0.709502
    ],
    [
        0.295454,
        0.482931,
        0.372711,
        1.5155750000000001,
        0.392863,
        0.681907,
        0.368116,
        0.893755,
        0.40236900000000003,
        0.7760499999999999,
        2.2428429999999997,
        0.114413,
        0.33193599999999995,
        0.841121,
        1.731425,
        0.762872,
        0.329346,
        0.154052,
        0.400389,
        0.332723,
        0.252255,
        0.456418,
        0.418877,
        0.146881,
        1.6995799999999999,
        0.48871,
        1.5025950000000001,
        0.406143,
        0.139981,
        0.13559000000000002,
        0.0,
        0.605491
    ],
    [
        0.869366,
        0.286229,
        0.946623,
        2.089487,
        0.240507,
        1.255819,
        0.705741,
        0.6257,
        0.976281,
        0.5079940000000001,
        2.108693,
        0.688326,
        0.348912,
        1.4150340000000001,
        1.4633699999999998,
        0.494816,
        0.5146069999999999,
        0.467952,
        0.221333,
        0.326926,
        0.458072,
        0.447338,
        0.312749,
        0.484507,
        2.2734929999999998,
        0.242916,
        2.076508,
        0.32546499999999995,
        0.713893,
        0.709502,
        0.605491,
        0.0
    ]
]