[
    [
        0.0,
        0.9349,
        0.828832,
        1.711459,
        0.8971140000000001,
        0.991593,
        0.996658,
        0.08830299999999999,
        1.196952,
        1.308874,
        0.568933,
        0.5722889999999999,
        0.575322,
        1.086988,
        1.3710799999999999,
        1.207487,
        0.5625030000000001,
        2.825817,
        0.727982,
        0.9577340000000001,
        0.878325,
        0.668883,
        0.895477,
        0.9872150000000001,
        3.5609830000000002,
        1.2535209999999999,
        3.3184430000000003,
        1.196957,
        3.4262710000000003,
        0.995448,
        1.1914,
        1.047974,
        0.905727,
        1.914675,
        0.9058849999999999,
        1.391624,
        1.0837919999999999,
        0.953905,
        1.34456,
        0.921339,
        1.054056,
        0.46874400000000005,
        1.262214,
        0.997727,
        1.011078,
        0.909702,
        0.968643,
        0.66055,
        1.114776,
        3.198748,
        0.971653,
        2.3240770000000004,
        1.315747,
        3.42994,
        0.64366,
        1.031154,
        1.0418640000000001,
        3.237926,
        1.178032,
        0.622045
    ],
    [
        0.9349,
        0.0,
        0.106068,
        1.3962,
        0.360827,
        0.715228,
        0.5664969999999999,
        0.739162,
        0.920588,
        1.0325090000000001,
        0.127633,
        1.180899,
        1.258694,
        0.810624,
        1.0947159999999998,
        0.931122,
        0.23940799999999998,
        2.510558,
        0.199458,
        0.68137,
        0.534121,
        0.37701100000000004,
        0.349616,
        0.422913,
        4.1609620000000005,
        0.9041119999999999,
        4.096664,
        0.847548,
        4.204492,
        0.646039,
        0.792335,
        0.7765359999999999,
        0.6099410000000001,
        1.599416,
        0.341583,
        1.042215,
        0.51949,
        0.561864,
        0.995151,
        0.385051,
        0.704647,
        1.077353,
        0.98585,
        0.648318,
        0.555275,
        0.714453,
        0.538481,
        1.26916,
        0.550474,
        3.8143339999999997,
        0.5543899999999999,
        2.939663,
        0.9663379999999999,
        4.038549,
        0.33494999999999997,
        1.809374,
        0.610413,
        3.8535120000000003,
        0.901668,
        1.230655
    ],
    [
        0.828832,
        0.106068,
        0.0,
        1.4857799999999999,
        0.450407,
        0.6091599999999999,
        0.460428,
        0.7386520000000001,
        0.814519,
        0.9264410000000001,
        0.127122,
        1.180388,
        1.258184,
        0.7045549999999999,
        0.988648,
        0.825054,
        0.238897,
        2.600138,
        0.09339,
        0.5753010000000001,
        0.428053,
        0.3765,
        0.43919600000000003,
        0.316844,
        4.160452,
        0.798044,
        4.096153,
        0.741479,
        4.203981,
        0.539971,
        0.6862659999999999,
        0.670467,
        0.503873,
        1.6889960000000002,
        0.23551499999999997,
        0.9361470000000001,
        0.413422,
        0.455796,
        0.889083,
        0.474632,
        0.598579,
        1.076842,
        0.8797809999999999,
        0.54225,
        0.44920699999999997,
        0.606336,
        0.432413,
        1.268649,
        0.444406,
        3.8138229999999997,
        0.448321,
        2.939152,
        0.86027,
        4.038039,
        0.33444,
        1.808863,
        0.504345,
        3.8530010000000003,
        0.7956,
        1.230144
    ],
    [
        1.711459,
        1.3962,
        1.4857799999999999,
        0.0,
        1.174215,
        2.0278620000000003,
        1.879131,
        1.7288599999999998,
        2.233221,
        2.345143,
        1.404243,
        2.170596,
        2.417174,
        2.123257,
        2.40735,
        2.243756,
        1.515974,
        1.188471,
        1.600192,
        1.994003,
        1.8467550000000001,
        1.569591,
        1.133743,
        1.735547,
        5.063142,
        2.129414,
        5.08636,
        2.160182,
        5.1941880000000005,
        1.958673,
        1.939732,
        2.08917,
        1.9225750000000001,
        0.16909100000000002,
        1.654217,
        2.354849,
        1.832124,
        1.874498,
        2.307785,
        1.19844,
        2.017281,
        2.06705,
        2.2984839999999997,
        1.960952,
        1.7594100000000001,
        2.029153,
        1.851115,
        2.258857,
        1.863108,
        4.64453,
        1.7199849999999999,
        3.769859,
        2.19164,
        4.875722,
        1.6322809999999999,
        2.799071,
        1.790196,
        4.666182,
        2.214302,
        2.2203519999999997
    ],
    [
        0.8971140000000001,
        0.360827,
        0.450407,
        1.174215,
        0.0,
        1.0394459999999999,
        0.890714,
        0.939708,
        1.2448050000000002,
        1.356726,
        0.364336,
        1.381445,
        1.45924,
        1.134841,
        1.418933,
        1.25534,
        0.488562,
        2.2840390000000004,
        0.5602849999999999,
        1.005587,
        0.8583379999999999,
        0.542179,
        0.040472,
        0.74713,
        4.361509,
        1.140998,
        4.297209,
        1.1717650000000002,
        4.405037999999999,
        0.9702569999999999,
        0.951315,
        1.1007529999999999,
        0.934158,
        1.372897,
        0.6658,
        1.366432,
        0.843707,
        0.886081,
        1.3193679999999999,
        0.024225,
        1.028864,
        1.277899,
        1.310067,
        0.9725349999999999,
        0.770993,
        1.001741,
        0.862698,
        1.469706,
        0.874691,
        4.007904,
        0.731568,
        3.133232,
        1.203223,
        4.246072,
        0.604869,
        2.00992,
        0.801779,
        4.141551000000001,
        1.225885,
        1.431201
    ],
    [
        0.991593,
        0.715228,
        0.6091599999999999,
        2.0278620000000003,
        1.0394459999999999,
        0.0,
        0.400721,
        0.9889249999999999,
        0.253164,
        0.418267,
        0.6477,
        1.532105,
        1.437628,
        0.11957899999999999,
        0.480474,
        0.24007699999999998,
        0.582221,
        3.120716,
        0.542901,
        0.033859,
        0.34581,
        0.6308279999999999,
        0.959774,
        0.499771,
        4.222018,
        0.554962,
        4.148885,
        0.498397,
        4.2567129999999995,
        0.35520999999999997,
        0.6005119999999999,
        0.201176,
        0.147061,
        2.024561,
        0.373645,
        0.5774009999999999,
        0.451609,
        0.357967,
        0.530336,
        0.99521,
        0.355496,
        1.42856,
        0.294805,
        0.34404700000000005,
        0.5458999999999999,
        0.25207,
        0.372705,
        1.620366,
        0.420625,
        4.158564,
        0.6553049999999999,
        3.283893,
        0.617188,
        4.389756,
        0.43043400000000004,
        1.8934600000000001,
        0.601038,
        4.197742,
        0.287426,
        1.5818610000000002
    ],
    [
        0.996658,
        0.5664969999999999,
        0.460428,
        1.879131,
        0.890714,
        0.400721,
        0.0,
        0.9984339999999999,
        0.537567,
        0.649489,
        0.586351,
        1.566528,
        1.4471379999999998,
        0.496116,
        0.7116950000000001,
        0.562991,
        0.587286,
        3.005614,
        0.39297000000000004,
        0.366862,
        0.19781700000000002,
        0.653362,
        0.8984249999999999,
        0.261361,
        4.543519,
        0.413392,
        4.190258,
        0.356827,
        4.2980860000000005,
        0.15531899999999998,
        0.458942,
        0.285815,
        0.25366,
        1.87463,
        0.223714,
        0.551495,
        0.164785,
        0.071143,
        0.50443,
        0.9338609999999999,
        0.21392599999999998,
        1.462982,
        0.587585,
        0.15759700000000001,
        0.25907600000000003,
        0.46696699999999997,
        0.028015,
        1.654789,
        0.13380099999999998,
        4.192985999999999,
        0.36848000000000003,
        3.318316,
        0.475617,
        4.4241790000000005,
        0.435499,
        1.9029690000000001,
        0.314213,
        4.232165,
        0.5186470000000001,
        1.616284
    ],
    [
        0.08830299999999999,
        0.739162,
        0.7386520000000001,
        1.7288599999999998,
        0.939708,
        0.9889249999999999,
        0.9984339999999999,
        0.0,
        1.1966880000000002,
        1.3086099999999998,
        0.5818,
        0.5851559999999999,
        0.5220750000000001,
        1.086724,
        1.370816,
        1.207223,
        0.575369,
        2.838683,
        0.7408490000000001,
        0.95747,
        0.878061,
        0.681749,
        0.908344,
        1.000081,
        3.5738499999999997,
        1.253257,
        3.2630100000000004,
        1.196692,
        3.370838,
        0.995184,
        1.204266,
        1.0477100000000001,
        0.905462,
        1.9275419999999999,
        0.9187519999999999,
        1.39136,
        1.096659,
        0.953641,
        1.3442960000000002,
        0.9342050000000001,
        1.0537919999999998,
        0.48161000000000004,
        1.2619500000000001,
        0.997463,
        1.023945,
        0.909438,
        0.9683780000000001,
        0.673417,
        1.016298,
        3.2116149999999997,
        0.98452,
        2.336944,
        1.315483,
        3.4428069999999997,
        0.643396,
        0.97572,
        1.054731,
        3.2507930000000003,
        1.177768,
        0.634912
    ],
    [
        1.196952,
        0.920588,
        0.814519,
        2.233221,
        1.2448050000000002,
        0.253164,
        0.537567,
        1.1966880000000002,
        0.0,
        0.194767,
        0.8530599999999999,
        1.7374649999999998,
        1.642987,
        0.182811,
        0.256973,
        0.025424,
        0.7875800000000001,
        3.326075,
        0.74826,
        0.275177,
        0.551169,
        0.836188,
        1.165133,
        0.685031,
        4.142637,
        0.526719,
        4.069504,
        0.425649,
        4.177332000000001,
        0.382248,
        0.6275499999999999,
        0.359998,
        0.34269900000000003,
        2.22992,
        0.579005,
        0.440348,
        0.588456,
        0.49481400000000003,
        0.393283,
        1.200569,
        0.382534,
        1.6339190000000001,
        0.050018,
        0.434469,
        0.682746,
        0.457429,
        0.509551,
        1.8257260000000002,
        0.557472,
        4.363923,
        0.7921509999999999,
        3.489252,
        0.611451,
        4.595115,
        0.635793,
        2.0988189999999998,
        0.737884,
        4.403102,
        0.123917,
        1.787221
    ],
    [
        1.308874,
        1.0325090000000001,
        0.9264410000000001,
        2.345143,
        1.356726,
        0.418267,
        0.649489,
        1.3086099999999998,
        0.194767,
        0.0,
        0.964981,
        1.849386,
        1.754909,
        0.34957299999999997,
        0.077862,
        0.199476,
        0.8995019999999999,
        3.437996,
        0.860182,
        0.40275099999999997,
        0.663091,
        0.9481090000000001,
        1.277055,
        0.796953,
        4.126029000000001,
        0.49252300000000004,
        4.0528960000000005,
        0.390706,
        4.160724,
        0.49417,
        0.739471,
        0.47192,
        0.454621,
        2.341842,
        0.690926,
        0.322684,
        0.7003769999999999,
        0.606735,
        0.32061399999999995,
        1.31249,
        0.434542,
        1.7458399999999998,
        0.144748,
        0.546391,
        0.794668,
        0.569351,
        0.6214729999999999,
        1.937647,
        0.669393,
        4.4758450000000005,
        0.904072,
        3.601174,
        0.5371670000000001,
        4.707037000000001,
        0.747715,
        2.21074,
        0.8498060000000001,
        4.515023,
        0.130841,
        1.899142
    ],
    [
        0.568933,
        0.127633,
        0.127122,
        1.404243,
        0.364336,
        0.6477,
        0.586351,
        0.5818,
        0.8530599999999999,
        0.964981,
        0.0,
        1.053264,
        1.131059,
        0.7374120000000001,
        1.021504,
        0.857911,
        0.111773,
        2.514067,
        0.220512,
        0.608158,
        0.515073,
        0.24937600000000001,
        0.353126,
        0.443967,
        4.033328,
        0.890269,
        3.969029,
        0.833705,
        4.076857,
        0.632196,
        0.935819,
        0.6983980000000001,
        0.5561499999999999,
        1.6029259999999999,
        0.362637,
        1.028372,
        0.540544,
        0.590653,
        0.981308,
        0.388561,
        0.690804,
        0.949718,
        0.9126380000000001,
        0.634475,
        0.576329,
        0.638563,
        0.605391,
        1.1415250000000001,
        0.6533110000000001,
        3.679723,
        0.575443,
        2.8120279999999998,
        0.952495,
        3.917891,
        0.207315,
        1.681739,
        0.631467,
        3.718901,
        0.828456,
        1.10302
    ],
    [
        0.5722889999999999,
        1.180899,
        1.180388,
        2.170596,
        1.381445,
        1.532105,
        1.566528,
        0.5851559999999999,
        1.7374649999999998,
        1.849386,
        1.053264,
        0.0,
        0.500354,
        1.629905,
        1.9139970000000002,
        1.750404,
        1.00861,
        3.271925,
        1.189562,
        1.500651,
        1.421242,
        1.11499,
        1.341585,
        1.412574,
        2.9872739999999998,
        1.806442,
        3.06281,
        1.837209,
        3.170638,
        1.635701,
        1.616759,
        1.590891,
        1.4486430000000001,
        2.360783,
        1.3312449999999998,
        2.031877,
        1.509152,
        1.551525,
        1.9848119999999998,
        1.367446,
        1.694309,
        0.128229,
        1.805131,
        1.637979,
        1.436438,
        1.452618,
        1.528143,
        0.11428400000000001,
        1.540136,
        2.652482,
        1.397012,
        1.777811,
        1.868668,
        2.883674,
        1.192463,
        0.7755209999999999,
        1.4672239999999999,
        2.6916599999999997,
        1.720949,
        0.075779
    ],
    [
        0.575322,
        1.258694,
        1.258184,
        2.417174,
        1.45924,
        1.437628,
        1.4471379999999998,
        0.5220750000000001,
        1.642987,
        1.754909,
        1.131059,
        0.500354,
        0.0,
        1.5617249999999998,
        1.845817,
        1.682224,
        1.153915,
        3.417229,
        1.298939,
        1.432471,
        1.353062,
        1.2602950000000002,
        1.48689,
        1.5993330000000001,
        2.895178,
        1.728258,
        2.716447,
        1.6716929999999999,
        2.824275,
        1.4701849999999999,
        1.803518,
        1.522711,
        1.380463,
        2.506087,
        1.518003,
        1.8663610000000002,
        1.5222829999999998,
        1.428642,
        1.819297,
        1.512751,
        1.5287929999999998,
        0.628583,
        1.736951,
        1.472464,
        1.6231959999999999,
        1.384438,
        1.443379,
        0.614638,
        1.491299,
        2.935089,
        1.583771,
        2.051548,
        1.790484,
        3.1594520000000004,
        1.1183969999999999,
        0.42915699999999996,
        1.653982,
        3.173623,
        1.652769,
        0.576133
    ],
    [
        1.086988,
        0.810624,
        0.7045549999999999,
        2.123257,
        1.134841,
        0.11957899999999999,
        0.496116,
        1.086724,
        0.182811,
        0.34957299999999997,
        0.7374120000000001,
        1.629905,
        1.5617249999999998,
        0.0,
        0.411779,
        0.157387,
        0.677616,
        3.2161109999999997,
        0.6382960000000001,
        0.12925399999999998,
        0.44120499999999996,
        0.7262240000000001,
        1.055169,
        0.5951660000000001,
        4.139328000000001,
        0.543311,
        4.0661950000000004,
        0.48674599999999996,
        4.174023,
        0.343559,
        0.588861,
        0.29657100000000003,
        0.24245599999999998,
        2.119957,
        0.469041,
        0.56575,
        0.549767,
        0.456125,
        0.518686,
        1.090605,
        0.343846,
        1.523955,
        0.212114,
        0.395781,
        0.644057,
        0.34746499999999997,
        0.470863,
        1.715762,
        0.518783,
        4.253959,
        0.753462,
        3.379288,
        0.605537,
        4.485151,
        0.525829,
        1.988855,
        0.699195,
        4.293138,
        0.275775,
        1.677257
    ],
    [
        1.3710799999999999,
        1.0947159999999998,
        0.988648,
        2.40735,
        1.418933,
        0.480474,
        0.7116950000000001,
        1.370816,
        0.256973,
        0.077862,
        1.021504,
        1.9139970000000002,
        1.845817,
        0.411779,
        0.0,
        0.261682,
        0.961708,
        3.500203,
        0.922389,
        0.464957,
        0.7252970000000001,
        1.010316,
        1.339261,
        0.8591599999999999,
        4.203891,
        0.5547300000000001,
        4.130758,
        0.452913,
        4.238587000000001,
        0.5563769999999999,
        0.801678,
        0.534126,
        0.516828,
        2.404049,
        0.753133,
        0.361391,
        0.7625839999999999,
        0.668942,
        0.359321,
        1.3746969999999998,
        0.496749,
        1.808047,
        0.206955,
        0.608598,
        0.856875,
        0.631557,
        0.68368,
        1.999854,
        0.7316,
        4.5380519999999995,
        0.966279,
        3.6633809999999998,
        0.5993740000000001,
        4.769243,
        0.809921,
        2.2729470000000003,
        0.9120119999999999,
        4.577229,
        0.193048,
        1.961349
    ],
    [
        1.207487,
        0.931122,
        0.825054,
        2.243756,
        1.25534,
        0.24007699999999998,
        0.562991,
        1.207223,
        0.025424,
        0.199476,
        0.857911,
        1.750404,
        1.682224,
        0.157387,
        0.261682,
        0.0,
        0.798115,
        3.3366100000000003,
        0.758795,
        0.24975299999999998,
        0.561704,
        0.846723,
        1.175668,
        0.715665,
        4.147346,
        0.531428,
        4.074213,
        0.430358,
        4.182041,
        0.407673,
        0.652974,
        0.41707,
        0.36295499999999997,
        2.240455,
        0.589539,
        0.44505700000000004,
        0.61388,
        0.5202380000000001,
        0.397992,
        1.211104,
        0.407959,
        1.6444539999999999,
        0.054727,
        0.459894,
        0.708171,
        0.467964,
        0.534976,
        1.83626,
        0.582896,
        4.374458,
        0.817575,
        3.499787,
        0.6161599999999999,
        4.60565,
        0.646328,
        2.1093539999999997,
        0.763308,
        4.413636,
        0.169746,
        1.7977550000000002
    ],
    [
        0.5625030000000001,
        0.23940799999999998,
        0.238897,
        1.515974,
        0.488562,
        0.582221,
        0.587286,
        0.575369,
        0.7875800000000001,
        0.8995019999999999,
        0.111773,
        1.00861,
        1.153915,
        0.677616,
        0.961708,
        0.798115,
        0.0,
        2.625842,
        0.33228800000000003,
        0.55263,
        0.45954500000000004,
        0.190062,
        0.464901,
        0.588448,
        4.026897,
        0.834741,
        3.962598,
        0.7781760000000001,
        4.0704270000000005,
        0.576668,
        0.880291,
        0.64287,
        0.500622,
        1.7144030000000001,
        0.48738099999999995,
        0.972844,
        0.6287659999999999,
        0.535125,
        0.9257799999999999,
        0.500336,
        0.635276,
        0.943288,
        0.85711,
        0.578947,
        0.7230570000000001,
        0.505328,
        0.549862,
        1.135094,
        0.597782,
        3.6802689999999996,
        0.7199260000000001,
        2.7986210000000002,
        0.896967,
        3.904484,
        0.151787,
        1.675308,
        0.7781950000000001,
        3.7124699999999997,
        0.772928,
        1.096589
    ],
    [
        2.825817,
        2.510558,
        2.600138,
        1.188471,
        2.2840390000000004,
        3.120716,
        3.005614,
        2.838683,
        3.326075,
        3.437996,
        2.514067,
        3.271925,
        3.417229,
        3.2161109999999997,
        3.500203,
        3.3366100000000003,
        2.625842,
        0.0,
        2.71455,
        3.134993,
        2.987745,
        2.683949,
        2.248101,
        2.876536,
        6.1775,
        3.270404,
        6.200718,
        3.3011709999999996,
        6.308546000000001,
        3.099663,
        3.080721,
        3.230159,
        3.063564,
        1.348841,
        2.795207,
        3.495839,
        2.973114,
        3.015488,
        3.448775,
        2.312798,
        3.158271,
        3.181408,
        3.439473,
        3.101942,
        2.9004000000000003,
        3.233986,
        2.992105,
        3.373215,
        3.004098,
        5.758888,
        2.860975,
        4.884217,
        3.33263,
        5.99008,
        2.746638,
        3.9134290000000003,
        2.9311860000000003,
        5.78054,
        3.355292,
        3.33471
    ],
    [
        0.727982,
        0.199458,
        0.09339,
        1.600192,
        0.5602849999999999,
        0.542901,
        0.39297000000000004,
        0.7408490000000001,
        0.74826,
        0.860182,
        0.220512,
        1.189562,
        1.298939,
        0.6382960000000001,
        0.922389,
        0.758795,
        0.33228800000000003,
        2.71455,
        0.0,
        0.5305019999999999,
        0.38325400000000004,
        0.46989,
        0.532586,
        0.27204500000000004,
        4.162649,
        0.753245,
        4.105326,
        0.69668,
        4.213154,
        0.495172,
        0.641467,
        0.625668,
        0.45907400000000004,
        1.782386,
        0.190716,
        0.8913479999999999,
        0.368623,
        0.410996,
        0.844284,
        0.568022,
        0.5537799999999999,
        1.086016,
        0.834982,
        0.49745100000000003,
        0.404408,
        0.5615370000000001,
        0.38761399999999996,
        1.2778230000000002,
        0.39960700000000005,
        3.816021,
        0.403522,
        2.94135,
        0.8154710000000001,
        4.047213,
        0.387976,
        1.8180370000000001,
        0.459546,
        3.8551979999999997,
        0.7507999999999999,
        1.239318
    ],
    [
        0.9577340000000001,
        0.68137,
        0.5753010000000001,
        1.994003,
        1.005587,
        0.033859,
        0.366862,
        0.95747,
        0.275177,
        0.40275099999999997,
        0.608158,
        1.500651,
        1.432471,
        0.12925399999999998,
        0.464957,
        0.24975299999999998,
        0.55263,
        3.134993,
        0.5305019999999999,
        0.0,
        0.31195100000000003,
        0.59697,
        0.9259149999999999,
        0.465912,
        4.231694,
        0.5394450000000001,
        4.158561,
        0.48288,
        4.266389,
        0.307909,
        0.584995,
        0.167317,
        0.113202,
        1.990702,
        0.339786,
        0.561884,
        0.41775,
        0.324108,
        0.51482,
        0.961351,
        0.33998,
        1.394701,
        0.30448000000000003,
        0.31018799999999996,
        0.5120410000000001,
        0.21821100000000002,
        0.338846,
        1.5865070000000001,
        0.386766,
        4.124705,
        0.621446,
        3.2500340000000003,
        0.6016710000000001,
        4.355897,
        0.396575,
        1.859601,
        0.567179,
        4.163883,
        0.271909,
        1.5480019999999999
    ],
    [
        0.878325,
        0.534121,
        0.428053,
        1.8467550000000001,
        0.8583379999999999,
        0.34581,
        0.19781700000000002,
        0.878061,
        0.551169,
        0.663091,
        0.515073,
        1.421242,
        1.353062,
        0.44120499999999996,
        0.7252970000000001,
        0.561704,
        0.45954500000000004,
        2.987745,
        0.38325400000000004,
        0.31195100000000003,
        0.0,
        0.535029,
        0.785456,
        0.345282,
        4.420845999999999,
        0.45468000000000003,
        4.0719259999999995,
        0.398115,
        4.179754,
        0.196607,
        0.5002300000000001,
        0.327104,
        0.24052199999999999,
        1.843454,
        0.19253800000000001,
        0.5927830000000001,
        0.24870599999999998,
        0.15506399999999998,
        0.5457190000000001,
        0.8208909999999999,
        0.255215,
        1.3197370000000002,
        0.6164310000000001,
        0.198886,
        0.34299599999999997,
        0.410943,
        0.16980199999999998,
        1.5115429999999999,
        0.217722,
        4.049741,
        0.452401,
        3.1750700000000003,
        0.516906,
        4.280933,
        0.317166,
        1.784637,
        0.398134,
        4.088919,
        0.532249,
        1.473038
    ],
    [
        0.668883,
        0.37701100000000004,
        0.3765,
        1.569591,
        0.542179,
        0.6308279999999999,
        0.653362,
        0.681749,
        0.836188,
        0.9481090000000001,
        0.24937600000000001,
        1.11499,
        1.2602950000000002,
        0.7262240000000001,
        1.010316,
        0.846723,
        0.190062,
        2.683949,
        0.46989,
        0.59697,
        0.535029,
        0.0,
        0.530968,
        0.739111,
        4.224811,
        0.960346,
        4.507005,
        0.903781,
        4.614833,
        0.702273,
        1.005896,
        0.7357440000000001,
        0.593496,
        1.768273,
        0.612986,
        1.155777,
        0.754371,
        0.660729,
        1.108713,
        0.566404,
        0.7608809999999999,
        1.1412010000000001,
        0.949984,
        0.704551,
        0.848662,
        0.481221,
        0.675467,
        1.333008,
        0.7233869999999999,
        3.878182,
        0.8705879999999999,
        2.9965349999999997,
        1.022572,
        4.102398,
        0.341849,
        1.873222,
        0.9037999999999999,
        3.91736,
        0.8658020000000001,
        1.294503
    ],
    [
        0.895477,
        0.349616,
        0.43919600000000003,
        1.133743,
        0.040472,
        0.959774,
        0.8984249999999999,
        0.908344,
        1.165133,
        1.277055,
        0.353126,
        1.341585,
        1.48689,
        1.055169,
        1.339261,
        1.175668,
        0.464901,
        2.248101,
        0.532586,
        0.9259149999999999,
        0.785456,
        0.530968,
        0.0,
        0.787602,
        4.350296999999999,
        1.18147,
        4.2859989999999994,
        1.212237,
        4.393827,
        1.010729,
        0.9917870000000001,
        1.141225,
        0.974631,
        1.332425,
        0.706273,
        1.406905,
        0.88418,
        0.926553,
        1.35984,
        0.064697,
        1.069337,
        1.266688,
        1.350539,
        1.0130080000000001,
        0.811466,
        0.9905309999999999,
        0.9031710000000001,
        1.4584949999999999,
        0.915164,
        3.996693,
        0.7720410000000001,
        3.122022,
        1.243696,
        4.234859999999999,
        0.593658,
        1.998709,
        0.842251,
        4.1010789999999995,
        1.266357,
        1.41999
    ],
    [
        0.9872150000000001,
        0.422913,
        0.316844,
        1.735547,
        0.74713,
        0.499771,
        0.261361,
        1.000081,
        0.685031,
        0.796953,
        0.443967,
        1.412574,
        1.5993330000000001,
        0.5951660000000001,
        0.8591599999999999,
        0.715665,
        0.588448,
        2.876536,
        0.27204500000000004,
        0.465912,
        0.345282,
        0.739111,
        0.787602,
        0.0,
        4.401133,
        0.560856,
        4.339908,
        0.504291,
        4.447736,
        0.302783,
        0.36942,
        0.43327899999999997,
        0.40112400000000004,
        1.7322449999999998,
        0.12612600000000002,
        0.698959,
        0.096576,
        0.190218,
        0.651895,
        0.791476,
        0.361391,
        1.320597,
        0.73505,
        0.305062,
        0.13236099999999998,
        0.6144310000000001,
        0.233345,
        1.512404,
        0.12756,
        4.050602,
        0.24176499999999998,
        3.175931,
        0.623082,
        4.281794,
        0.472228,
        2.052618,
        0.187499,
        4.08978,
        0.6661119999999999,
        1.4738989999999998
    ],
    [
        3.5609830000000002,
        4.1609620000000005,
        4.160452,
        5.063142,
        4.361509,
        4.222018,
        4.543519,
        3.5738499999999997,
        4.142637,
        4.126029000000001,
        4.033328,
        2.9872739999999998,
        2.895178,
        4.139328000000001,
        4.203891,
        4.147346,
        4.026897,
        6.1775,
        4.162649,
        4.231694,
        4.420845999999999,
        4.224811,
        4.350296999999999,
        4.401133,
        0.0,
        4.549375,
        2.41523,
        4.448306,
        2.7556700000000003,
        4.323072,
        4.658781,
        4.399011000000001,
        4.233351,
        5.424341,
        4.373265999999999,
        4.477956,
        4.5511729999999995,
        4.281529000000001,
        4.41594,
        4.4094679999999995,
        4.3816809999999995,
        3.142942,
        4.136894,
        4.3253509999999995,
        4.478459,
        4.24488,
        4.296266999999999,
        2.9264520000000003,
        4.344188,
        2.502052,
        4.4390339999999995,
        1.792023,
        4.634108,
        1.6147719999999999,
        3.971285,
        2.443175,
        4.509245,
        2.9633499999999997,
        4.187693,
        2.964957
    ],
    [
        1.2535209999999999,
        0.9041119999999999,
        0.798044,
        2.129414,
        1.140998,
        0.554962,
        0.413392,
        1.253257,
        0.526719,
        0.49252300000000004,
        0.890269,
        1.806442,
        1.728258,
        0.543311,
        0.5547300000000001,
        0.531428,
        0.834741,
        3.270404,
        0.753245,
        0.5394450000000001,
        0.45468000000000003,
        0.960346,
        1.18147,
        0.560856,
        4.549375,
        0.0,
        4.458199,
        0.182838,
        4.566027,
        0.258073,
        0.24397,
        0.438106,
        0.45277999999999996,
        2.1207759999999998,
        0.56133,
        0.37750599999999995,
        0.46427999999999997,
        0.37063799999999997,
        0.330441,
        1.196087,
        0.225927,
        1.694933,
        0.458657,
        0.31029399999999996,
        0.426742,
        0.666087,
        0.385376,
        1.886739,
        0.433296,
        4.424937,
        0.479409,
        3.550266,
        0.07381,
        4.656129,
        0.6923619999999999,
        2.159833,
        0.385055,
        4.464115,
        0.409786,
        1.848234
    ],
    [
        3.3184430000000003,
        4.096664,
        4.096153,
        5.08636,
        4.297209,
        4.148885,
        4.190258,
        3.2630100000000004,
        4.069504,
        4.0528960000000005,
        3.969029,
        3.06281,
        2.716447,
        4.0661950000000004,
        4.130758,
        4.074213,
        3.962598,
        6.200718,
        4.105326,
        4.158561,
        4.0719259999999995,
        4.507005,
        4.2859989999999994,
        4.339908,
        2.41523,
        4.458199,
        0.0,
        4.219306,
        0.5455180000000001,
        4.217,
        4.462301,
        4.431705,
        4.311094,
        5.188087,
        4.200003,
        4.248957000000001,
        4.2042839999999995,
        4.1106419999999995,
        4.18694,
        4.194751,
        4.217286,
        3.1910390000000004,
        3.907895,
        4.154464,
        4.305197,
        4.118055,
        4.125379,
        3.114944,
        4.1733,
        3.8390619999999998,
        4.265771,
        2.924996,
        4.405108,
        3.833335,
        3.800397,
        2.32479,
        4.335982,
        4.069957,
        3.958694,
        3.0764389999999997
    ],
    [
        1.196957,
        0.847548,
        0.741479,
        2.160182,
        1.1717650000000002,
        0.498397,
        0.356827,
        1.196692,
        0.425649,
        0.390706,
        0.833705,
        1.837209,
        1.6716929999999999,
        0.48674599999999996,
        0.452913,
        0.430358,
        0.7781760000000001,
        3.3011709999999996,
        0.69668,
        0.48288,
        0.398115,
        0.903781,
        1.212237,
        0.504291,
        4.448306,
        0.182838,
        4.219306,
        0.0,
        4.483001,
        0.20150800000000002,
        0.415923,
        0.381541,
        0.396215,
        2.155681,
        0.504765,
        0.217441,
        0.407715,
        0.314073,
        0.170377,
        1.139522,
        0.1429,
        1.638368,
        0.375631,
        0.25372900000000004,
        0.502006,
        0.609522,
        0.32881099999999996,
        1.830174,
        0.376731,
        4.368372999999999,
        0.6114109999999999,
        3.493701,
        0.241854,
        4.599564,
        0.6357970000000001,
        2.103268,
        0.557144,
        4.4075500000000005,
        0.32676,
        1.79167
    ],
    [
        3.4262710000000003,
        4.204492,
        4.203981,
        5.1941880000000005,
        4.405037999999999,
        4.2567129999999995,
        4.2980860000000005,
        3.370838,
        4.177332000000001,
        4.160724,
        4.076857,
        3.170638,
        2.824275,
        4.174023,
        4.238587000000001,
        4.182041,
        4.0704270000000005,
        6.308546000000001,
        4.213154,
        4.266389,
        4.179754,
        4.614833,
        4.393827,
        4.447736,
        2.7556700000000003,
        4.566027,
        0.5455180000000001,
        4.483001,
        0.0,
        4.324828,
        4.570129,
        4.5395330000000005,
        4.418921999999999,
        5.295916,
        4.307831,
        4.3567849999999995,
        4.312112,
        4.21847,
        4.2947690000000005,
        4.30258,
        4.325113999999999,
        3.298867,
        4.015723,
        4.262292,
        4.413024999999999,
        4.225883,
        4.233207999999999,
        3.222772,
        4.281128,
        4.292795,
        4.373600000000001,
        3.378729,
        4.512937,
        4.227349,
        3.908225,
        2.4326179999999997,
        4.443810999999999,
        4.523689999999999,
        4.066522,
        3.184268
    ],
    [
        0.995448,
        0.646039,
        0.539971,
        1.958673,
        0.9702569999999999,
        0.35520999999999997,
        0.15531899999999998,
        0.995184,
        0.382248,
        0.49417,
        0.632196,
        1.635701,
        1.4701849999999999,
        0.343559,
        0.5563769999999999,
        0.407673,
        0.576668,
        3.099663,
        0.495172,
        0.307909,
        0.196607,
        0.702273,
        1.010729,
        0.302783,
        4.323072,
        0.258073,
        4.217,
        0.20150800000000002,
        4.324828,
        0.0,
        0.303623,
        0.226862,
        0.194707,
        1.954173,
        0.303257,
        0.396176,
        0.206207,
        0.112565,
        0.349111,
        0.938014,
        0.058608,
        1.4368599999999998,
        0.432267,
        0.052221,
        0.300498,
        0.408014,
        0.127303,
        1.628666,
        0.17522300000000002,
        4.1668639999999995,
        0.409903,
        3.292193,
        0.320299,
        4.398057,
        0.434289,
        1.90176,
        0.355636,
        4.206042,
        0.363329,
        1.5901610000000002
    ],
    [
        1.1914,
        0.792335,
        0.6862659999999999,
        1.939732,
        0.951315,
        0.6005119999999999,
        0.458942,
        1.204266,
        0.6275499999999999,
        0.739471,
        0.935819,
        1.616759,
        1.803518,
        0.588861,
        0.801678,
        0.652974,
        0.880291,
        3.080721,
        0.641467,
        0.584995,
        0.5002300000000001,
        1.005896,
        0.9917870000000001,
        0.36942,
        4.658781,
        0.24397,
        4.462301,
        0.415923,
        4.570129,
        0.303623,
        0.0,
        0.436502,
        0.40434699999999996,
        1.870116,
        0.263996,
        0.702182,
        0.09979900000000001,
        0.193441,
        0.655117,
        0.929347,
        0.364614,
        1.458468,
        0.7382730000000001,
        0.30828500000000003,
        0.133335,
        0.617654,
        0.236568,
        1.6502750000000002,
        0.13078299999999998,
        4.188473,
        0.242739,
        3.313802,
        0.550621,
        4.419665,
        0.586186,
        2.0536570000000003,
        0.10334,
        4.227651,
        0.669335,
        1.61177
    ],
    [
        1.047974,
        0.7765359999999999,
        0.670467,
        2.08917,
        1.1007529999999999,
        0.201176,
        0.285815,
        1.0477100000000001,
        0.359998,
        0.47192,
        0.6983980000000001,
        1.590891,
        1.522711,
        0.29657100000000003,
        0.534126,
        0.41707,
        0.64287,
        3.230159,
        0.625668,
        0.167317,
        0.327104,
        0.7357440000000001,
        1.141225,
        0.43327899999999997,
        4.399011000000001,
        0.438106,
        4.431705,
        0.381541,
        4.5395330000000005,
        0.226862,
        0.436502,
        0.0,
        0.14224799999999999,
        2.0615210000000004,
        0.41060599999999997,
        0.576209,
        0.336703,
        0.243062,
        0.529145,
        1.038959,
        0.238641,
        1.484941,
        0.410017,
        0.22914099999999998,
        0.43099400000000004,
        0.33391699999999996,
        0.257799,
        1.676747,
        0.305719,
        4.214944999999999,
        0.540399,
        3.340275,
        0.500332,
        4.446136999999999,
        0.486815,
        1.949841,
        0.486132,
        4.254123,
        0.341078,
        1.638243
    ],
    [
        0.905727,
        0.6099410000000001,
        0.503873,
        1.9225750000000001,
        0.934158,
        0.147061,
        0.25366,
        0.905462,
        0.34269900000000003,
        0.454621,
        0.5561499999999999,
        1.4486430000000001,
        1.380463,
        0.24245599999999998,
        0.516828,
        0.36295499999999997,
        0.500622,
        3.063564,
