[
  [
    0.0, 0.5600040000000001, 0.335048, 0.522097, 0.754196, 1.3282370000000001,
    0.50957, 0.818655, 0.854904, 0.367269, 0.310301, 0.370889, 0.746328,
    0.843259, 0.542479, 1.265637, 0.7417619999999999, 0.656925, 0.364619,
    1.153577, 0.49412900000000004, 1.160723, 0.363656, 1.013881, 1.072436,
    1.319749, 0.9777659999999999, 0.614261, 0.341111, 1.616337, 0.269663,
    0.517736, 0.636895, 0.7472580000000001, 0.665653, 0.292272, 0.990615,
    0.869439, 1.370989, 0.936409
  ],
  [
    0.5600040000000001, 0.0, 0.8793200000000001, 1.082726, 1.0064389999999999,
    1.752755, 0.8031050000000001, 0.215126, 0.6700410000000001, 0.457393,
    0.466137, 0.847899, 1.263884, 0.283254, 1.0076019999999999,
    0.6621079999999999, 0.505464, 0.397758, 0.761006, 1.632613,
    0.9645199999999999, 1.222593, 0.8033020000000001, 1.438399, 0.468906,
    1.128432, 0.557125, 1.093297, 0.885383, 1.012808, 0.6883490000000001,
    1.062008, 1.091531, 1.2648130000000002, 1.127199, 0.836544, 0.58389,
    1.3309849999999999, 1.5929929999999999, 1.52319
  ],
  [
    0.335048, 0.8793200000000001, 0.0, 0.37869600000000003, 0.917652, 1.390824,
    0.7377140000000001, 1.1189870000000002, 1.1397709999999999, 0.478746,
    0.46164299999999997, 0.10123399999999999, 0.498276, 1.028121, 0.207431,
    1.496225, 0.811862, 0.783264, 0.15909399999999999, 1.110141, 0.159081,
    1.264829, 0.423317, 1.076467, 1.372768, 1.563653, 1.278098, 0.676847,
    0.07245499999999999, 1.985662, 0.38093, 0.182688, 0.301847, 0.640484,
    0.33060500000000004, 0.042776, 1.0607149999999999, 0.534391, 1.438027,
    0.80388
  ],
  [
    0.522097, 1.082726, 0.37869600000000003, 0.0, 0.767225, 0.958532, 0.587287,
    1.341377, 0.995878, 0.7904690000000001, 0.713054, 0.47993,
    0.5166620000000001, 1.36598, 0.509569, 1.788359, 1.176309,
    1.0596780000000001, 0.53779, 0.7528060000000001, 0.504559, 1.114403,
    0.243005, 0.7463650000000001, 1.5951579999999999, 1.413227, 1.398262,
    0.48698, 0.451151, 2.24556, 0.33680200000000005, 0.411935, 0.546086,
    0.502136, 0.61061, 0.36045699999999997, 1.4251610000000001, 0.814396,
    1.134637, 0.617305
  ],
  [
    0.754196, 1.0064389999999999, 0.917652, 0.767225, 0.0, 0.7870969999999999,
    0.36687000000000003, 1.26421, 0.5580750000000001, 0.985516, 0.894516,
    1.018885, 1.26431, 1.2894729999999999, 1.1250820000000001, 1.711192,
    1.318639, 1.233801, 1.004693, 1.109679, 1.076732, 0.43148200000000003,
    0.5056700000000001, 0.47274099999999997, 1.517991, 0.6949420000000001,
    1.28999, 0.301339, 0.990106, 2.115048, 0.641541, 1.1003399999999999,
    1.219499, 1.236498, 1.248256, 0.874876, 1.567491, 1.4520419999999998,
    0.635955, 1.0561800000000001
  ],
  [
    1.3282370000000001, 1.752755, 1.390824, 0.958532, 0.7870969999999999, 0.0,
    0.958209, 2.0114069999999997, 1.208236, 1.688809, 1.6221459999999999,
    1.40835, 1.4450820000000002, 2.03601, 1.437989, 2.584905, 2.053607, 1.96877,
    1.503922, 0.356299, 1.432978, 0.927101, 1.102042, 0.31435599999999997,
    2.265188, 1.385816, 2.0607800000000003, 0.754407, 1.3795709999999999,
    2.860404, 1.237913, 1.340355, 1.474506, 1.430556, 1.53903, 1.288877,
    2.30246, 1.742816, 0.791665, 0.8730760000000001
  ],
  [
    0.50957, 0.8031050000000001, 0.7377140000000001, 0.587287,
    0.36687000000000003, 0.958209, 0.0, 1.0617560000000001, 0.612595,
    0.7437079999999999, 0.635313, 0.8459260000000001, 1.0843720000000001,
    1.0863589999999999, 0.945144, 1.5087380000000001, 1.076832, 0.991994,
    0.839657, 1.280791, 0.896794, 0.773398, 0.303408, 0.6438529999999999,
    1.315537, 0.932423, 1.1186420000000001, 0.328899, 0.816148, 1.96594,
    0.462895, 0.920402, 1.039561, 1.05656, 1.0683179999999999, 0.694938,
    1.3256839999999999, 1.2721040000000001, 0.9836630000000001, 0.855148
  ],
  [
    0.818655, 0.215126, 1.1189870000000002, 1.341377, 1.26421,
    2.0114069999999997, 1.0617560000000001, 0.0, 0.885167, 0.672519,
    0.6812630000000001, 1.063024, 1.479009, 0.20040100000000002, 1.222728,
    0.453094, 0.547184, 0.484448, 0.976132, 1.847739, 1.179645, 1.437719,
    1.0184279999999999, 1.6535250000000001, 0.259893, 1.358368, 0.348111,
    1.308423, 1.100508, 0.803794, 0.903475, 1.277134, 1.306657,
    1.4799390000000001, 1.342325, 1.05167, 0.6760689999999999, 1.546111,
    1.808118, 1.738315
  ],
  [
    0.854904, 0.6700410000000001, 1.1397709999999999, 0.995878,
    0.5580750000000001, 1.208236, 0.612595, 0.885167, 0.0, 1.003832,
    0.8851789999999999, 1.19126, 1.4864300000000001, 0.953296, 1.347202,
    1.457358, 1.112026, 1.004319, 1.154857, 1.534596, 1.2988520000000001,
    0.622398, 0.7164539999999999, 0.8976580000000001, 1.1824729999999999,
    0.584341, 0.933233, 0.726088, 1.161482, 1.7328569999999999, 0.852326,
    1.322459, 1.4416179999999998, 1.478966, 1.470375, 1.096995,
    1.2539310000000001, 1.674162, 0.992797, 1.436342
  ],
  [
    0.367269, 0.457393, 0.478746, 0.7904690000000001, 0.985516, 1.688809,
    0.7437079999999999, 0.672519, 1.003832, 0.0, 0.15228299999999997, 0.404503,
    0.840474, 0.606195, 0.564206, 1.011686, 0.393201, 0.364603, 0.317611,
    1.4880920000000002, 0.521124, 1.392043, 0.630976, 1.3483969999999998,
    0.969921, 1.526294, 0.99807, 0.948776, 0.419573, 1.5670009999999999,
    0.536984, 0.538123, 0.648135, 1.01563, 0.683803, 0.469872, 0.642054,
    0.8875890000000001, 1.602308, 1.2047809999999999
  ],
  [
    0.310301, 0.466137, 0.46164299999999997, 0.713054, 0.894516,
    1.6221459999999999, 0.635313, 0.6812630000000001, 0.8851789999999999,
    0.15228299999999997, 0.0, 0.497484, 0.899257, 0.614938, 0.669073,
    1.0830419999999998, 0.538076, 0.453239, 0.455896, 1.421429, 0.620724,
    1.2643019999999998, 0.5326380000000001, 1.281734, 0.978665, 1.380506,
    0.972769, 0.882113, 0.467706, 1.522566, 0.43864600000000004, 0.644331,
    0.76349, 0.964624, 0.7922469999999999, 0.41886700000000004, 0.786929,
    0.996034, 1.473442, 1.1537760000000001
  ],
  [
    0.370889, 0.847899, 0.10123399999999999, 0.47993, 1.018885, 1.40835,
    0.8459260000000001, 1.063024, 1.19126, 0.404503, 0.497484, 0.0, 0.438207,
    1.064049, 0.158362, 1.356104, 0.737619, 0.709021, 0.086892,
    1.1923810000000001, 0.110012, 1.366063, 0.52455, 1.177701, 1.360426,
    1.664887, 1.313266, 0.778081, 0.053959, 1.9114190000000002, 0.482164,
    0.13362000000000002, 0.252779, 0.566562, 0.281536, 0.14401, 0.986472,
    0.485322, 1.539261, 0.88612
  ],
  [
    0.746328, 1.263884, 0.498276, 0.5166620000000001, 1.26431,
    1.4450820000000002, 1.0843720000000001, 1.479009, 1.4864300000000001,
    0.840474, 0.899257, 0.438207, 0.0, 1.465382, 0.279845, 1.969517,
    1.1735909999999998, 1.144993, 0.522864, 1.1665699999999999, 0.340466,
    1.612017, 0.7699750000000001, 1.243979, 1.776316, 1.9108409999999998,
    1.681646, 0.9845940000000001, 0.36155200000000004, 2.320217, 0.727589,
    0.304283, 0.215366, 0.39146, 0.212865, 0.480037, 1.422444, 0.416651,
    1.632251, 0.7350140000000001
  ],
  [
    0.843259, 0.283254, 1.028121, 1.36598, 1.2894729999999999, 2.03601,
    1.0863589999999999, 0.20040100000000002, 0.953296, 0.606195, 0.614938,
    1.064049, 1.465382, 0.0, 1.156403, 0.46810399999999996, 0.381756, 0.319021,
    0.909807, 1.915868, 1.113321, 1.5058479999999999, 1.086557, 1.721654,
    0.45418200000000003, 1.411686, 0.5424, 1.376552, 1.034184, 1.005335,
    0.971604, 1.210809, 1.2403320000000002, 1.548068, 1.276, 0.985345, 0.510642,
    1.499024, 1.876247, 1.806444
  ],
  [
    0.542479, 1.0076019999999999, 0.207431, 0.509569, 1.1250820000000001,
    1.437989, 0.945144, 1.222728, 1.347202, 0.564206, 0.669073, 0.158362,
    0.279845, 1.156403, 0.0, 1.515808, 0.897323, 0.868724, 0.246596,
    1.5015820000000002, 0.060621, 1.47226, 0.630747, 1.283898,
    1.5201300000000002, 1.771084, 1.485528, 0.8842770000000001,
    0.18939599999999998, 2.0783739999999997, 0.588361, 0.141769, 0.087506,
    0.574712, 0.123174, 0.250206, 1.1461759999999999, 0.32696, 1.645458,
    1.070229
  ],
  [
    1.265637, 0.6621079999999999, 1.496225, 1.788359, 1.711192, 2.584905,
    1.5087380000000001, 0.453094, 1.457358, 1.011686, 1.0830419999999998,
    1.356104, 1.969517, 0.46810399999999996, 1.515808, 0.0, 0.699729,
    0.7225159999999999, 1.263081, 2.269686, 1.466594, 1.8493979999999999,
    1.440375, 2.0754720000000004, 0.19320099999999998, 1.6780869999999999,
    0.577313, 1.73037, 1.3650429999999998, 0.569914, 1.325422,
    1.4835930000000002, 1.593605, 1.901886, 1.629273, 1.473617,
    0.7348600000000001, 1.816996, 2.247082, 2.160263
  ],
  [
    0.7417619999999999, 0.505464, 0.811862, 1.176309, 1.318639, 2.053607,
    1.076832, 0.547184, 1.112026, 0.393201, 0.538076, 0.737619,
    1.1735909999999998, 0.381756, 0.897323, 0.699729, 0.0, 0.126254,
    0.6507269999999999, 1.8528900000000001, 0.854241, 1.664578,
    0.9641000000000001, 1.713195, 0.802545, 1.570416, 1.011429, 1.313574,
    0.7526889999999999, 1.1738, 0.870107, 0.871239, 0.9812519999999999,
    1.4465709999999998, 1.01692, 0.829678, 0.26050999999999996,
    1.1337519999999999, 1.904903, 1.635723
  ],
  [
    0.656925, 0.397758, 0.783264, 1.0596780000000001, 1.233801, 1.96877,
    0.991994, 0.484448, 1.004319, 0.364603, 0.453239, 0.709021, 1.144993,
    0.319021, 0.868724, 0.7225159999999999, 0.126254, 0.0, 0.622129, 1.768053,
    0.8256420000000001, 1.5568710000000001, 0.879262, 1.628357, 0.815505,
    1.46271, 0.9037229999999999, 1.2287370000000002, 0.724091,
    1.3000530000000001, 0.78527, 0.842641, 0.952653, 1.361734, 0.988322,
    0.83082, 0.375107, 1.176045, 1.769134, 1.550885
  ],
  [
    0.364619, 0.761006, 0.15909399999999999, 0.53779, 1.004693, 1.503922,
    0.839657, 0.976132, 1.154857, 0.317611, 0.455896, 0.086892, 0.522864,
    0.909807, 0.246596, 1.263081, 0.6507269999999999, 0.622129, 0.0, 1.250241,
    0.203513, 1.351871, 0.510359, 1.163509, 1.2735340000000002,
    1.6299480000000002, 1.256974, 0.763889, 0.101962, 1.824527, 0.467972,
    0.220512, 0.33052499999999996, 0.605722, 0.366193, 0.17690999999999998,
    0.89958, 0.569979, 1.525069, 0.94398
  ],
  [
    1.153577, 1.632613, 1.110141, 0.7528060000000001, 1.109679, 0.356299,
    1.280791, 1.847739, 1.534596, 1.4880920000000002, 1.421429,
    1.1923810000000001, 1.1665699999999999, 1.915868, 1.5015820000000002,
    2.269686, 1.8528900000000001, 1.768053, 1.250241, 0.0, 1.562202, 1.249683,
    1.041833, 0.636938, 2.2855529999999997, 1.7083979999999999, 2.383362,
    0.9804160000000001, 1.288896, 3.182986, 1.1777039999999999,
    1.2216010000000002, 1.24351, 1.0672519999999999, 1.426199, 1.217196,
    2.27103, 1.6299849999999998, 1.1142480000000001, 0.579658
  ],
  [
    0.49412900000000004, 0.9645199999999999, 0.159081, 0.504559, 1.076732,
    1.432978, 0.896794, 1.179645, 1.2988520000000001, 0.521124, 0.620724,
    0.110012, 0.340466, 1.113321, 0.060621, 1.466594, 0.854241,
    0.8256420000000001, 0.203513, 1.562202, 0.0, 1.42391, 0.582397, 1.235548,
    1.477047, 1.722734, 1.437178, 0.835928, 0.141046, 2.02804, 0.540011,
    0.106171, 0.15501099999999998, 0.539114, 0.183795, 0.201857, 1.103093,
    0.387581, 1.597108, 0.882669
  ],
  [
    1.160723, 1.222593, 1.264829, 1.114403, 0.43148200000000003, 0.927101,
    0.773398, 1.437719, 0.622398, 1.392043, 1.2643019999999998, 1.366063,
    1.612017, 1.5058479999999999, 1.47226, 1.8493979999999999, 1.664578,
    1.5568710000000001, 1.351871, 1.249683, 1.42391, 0.0, 0.945192, 0.625451,
    1.701265, 0.473214, 1.325648, 0.6271359999999999, 1.3372840000000001,
    2.125272, 1.081063, 1.447517, 1.561876, 1.583675, 1.590634,
    1.2172539999999998, 1.817513, 1.7944200000000001, 0.44155099999999997,
    1.381976
  ],
  [
    0.363656, 0.8033020000000001, 0.423317, 0.243005, 0.5056700000000001,
    1.102042, 0.303408, 1.0184279999999999, 0.7164539999999999, 0.630976,
    0.5326380000000001, 0.52455, 0.7699750000000001, 1.086557, 0.630747,
    1.440375, 0.9641000000000001, 0.879262, 0.510359, 1.041833, 0.582397,
    0.945192, 0.0, 0.76163, 1.315734, 1.178566, 1.118839, 0.362009, 0.495771,
    1.966137, 0.13587100000000002, 0.606005, 0.725164, 0.770905,
    0.7539210000000001, 0.380541, 1.212952, 0.957707, 1.1231900000000001,
    0.791902
  ],
  [
    1.013881, 1.438399, 1.076467, 0.7463650000000001, 0.47274099999999997,
    0.31435599999999997, 0.6438529999999999, 1.6535250000000001,
    0.8976580000000001, 1.3483969999999998, 1.281734, 1.177701, 1.243979,
    1.721654, 1.283898, 2.0754720000000004, 1.713195, 1.628357, 1.163509,
    0.636938, 1.235548, 0.625451, 0.76163, 0.0, 1.950831, 0.999448, 1.633897,
    0.438774, 1.148922, 2.4335210000000003, 0.897501, 1.259156, 1.378314,
    1.229453, 1.4070719999999999, 1.0336910000000001, 1.962047, 1.610858,
    0.4747, 1.1537149999999998
  ],
  [
    1.072436, 0.468906, 1.372768, 1.5951579999999999, 1.517991, 2.265188,
    1.315537, 0.259893, 1.1824729999999999, 0.969921, 0.978665, 1.360426,
    1.776316, 0.45418200000000003, 1.5201300000000002, 0.19320099999999998,
    0.802545, 0.815505, 1.2735340000000002, 2.2855529999999997, 1.477047,
    1.701265, 1.315734, 1.950831, 0.0, 1.529579, 0.384112, 1.537169, 1.329255,
    0.543901, 1.132221, 1.50588, 1.535403, 1.708685, 1.5710709999999999,
    1.280416, 0.761062, 1.774857, 2.036865, 1.9670619999999999
  ],
  [
    1.319749, 1.128432, 1.563653, 1.413227, 0.6949420000000001, 1.385816,
    0.932423, 1.358368, 0.584341, 1.526294, 1.380506, 1.664887,
    1.9108409999999998, 1.411686, 1.771084, 1.6780869999999999, 1.570416,
    1.46271, 1.6299480000000002, 1.7083979999999999, 1.722734, 0.473214,
    1.178566, 0.999448, 1.529579, 0.0, 1.153962, 0.93699, 1.6471369999999999,
    1.802189, 1.284103, 1.757371, 1.87653, 1.893529, 1.905288, 1.531907,
    1.712322, 2.109074, 0.871707, 1.69183
  ],
  [
    0.9777659999999999, 0.557125, 1.278098, 1.398262, 1.28999,
    2.0607800000000003, 1.1186420000000001, 0.348111, 0.933233, 0.99807,
    0.972769, 1.313266, 1.681646, 0.5424, 1.485528, 0.577313, 1.011429,
    0.9037229999999999, 1.256974, 2.383362, 1.437178, 1.325648, 1.118839,
    1.633897, 0.384112, 1.153962, 0.0, 1.375884, 1.2184000000000001, 0.925537,
    1.048039, 1.380499, 1.499658, 1.624503, 1.5284149999999999,
    1.1695609999999999, 1.018068, 1.732201, 1.722576, 1.805776
  ],
  [
    0.614261, 1.093297, 0.676847, 0.48698, 0.301339, 0.754407, 0.328899,
    1.308423, 0.726088, 0.948776, 0.882113, 0.778081, 0.9845940000000001,
    1.376552, 0.8842770000000001, 1.73037, 1.313574, 1.2287370000000002,
    0.763889, 0.9804160000000001, 0.835928, 0.6271359999999999, 0.362009,
    0.438774, 1.537169, 0.93699, 1.375884, 0.0, 0.749301, 2.256132, 0.49788,
    0.8595349999999999, 0.978694, 0.9700679999999999, 1.007451, 0.634071,
    1.562427, 1.2112370000000001, 0.800334, 0.754841
  ],
  [
    0.341111, 0.885383, 0.07245499999999999, 0.451151, 0.990106,
    1.3795709999999999, 0.816148, 1.100508, 1.161482, 0.419573, 0.467706,
    0.053959, 0.36155200000000004, 1.034184, 0.18939599999999998,
    1.3650429999999998, 0.7526889999999999, 0.724091, 0.101962, 1.288896,
    0.141046, 1.3372840000000001, 0.495771, 1.148922, 1.329255,
    1.6471369999999999, 1.2184000000000001, 0.749301, 0.0, 1.9264890000000001,
    0.453385, 0.164654, 0.283813, 0.50376, 0.31257, 0.11523, 1.001542, 0.516356,
    1.5104819999999999, 0.857341
  ],
  [
    1.616337, 1.012808, 1.985662, 2.24556, 2.115048, 2.860404, 1.96594,
    0.803794, 1.7328569999999999, 1.5670009999999999, 1.522566,
    1.9114190000000002, 2.320217, 1.005335, 2.0783739999999997, 0.569914,
    1.1738, 1.3000530000000001, 1.824527, 3.182986, 2.02804, 2.125272, 1.966137,
    2.4335210000000003, 0.543901, 1.802189, 0.925537, 2.256132,
    1.9264890000000001, 0.0, 1.683374, 2.057032, 2.0865549999999997,
    2.2598380000000002, 2.122224, 1.831569, 1.00451, 2.229857, 2.522201,
    2.518214
  ],
  [
    0.269663, 0.6883490000000001, 0.38093, 0.33680200000000005, 0.641541,
    1.237913, 0.462895, 0.903475, 0.852326, 0.536984, 0.43864600000000004,
    0.482164, 0.727589, 0.971604, 0.588361, 1.325422, 0.870107, 0.78527,
    0.467972, 1.1777039999999999, 0.540011, 1.081063, 0.13587100000000002,
    0.897501, 1.132221, 1.284103, 1.048039, 0.49788, 0.453385, 1.683374, 0.0,
    0.5636180000000001, 0.6827770000000001, 0.728518, 0.7115349999999999,
    0.338154, 1.11896, 0.915321, 1.259061, 0.9277730000000001
  ],
  [
    0.517736, 1.062008, 0.182688, 0.411935, 1.1003399999999999, 1.340355,
    0.920402, 1.277134, 1.322459, 0.538123, 0.644331, 0.13362000000000002,
    0.304283, 1.210809, 0.141769, 1.4835930000000002, 0.871239, 0.842641,
    0.220512, 1.2216010000000002, 0.106171, 1.447517, 0.606005, 1.259156,
    1.50588, 1.757371, 1.380499, 0.8595349999999999, 0.164654, 2.057032,
    0.5636180000000001, 0.0, 0.14769900000000002, 0.44649, 0.21222300000000002,
    0.225464, 1.120092, 0.416009, 1.6207159999999998, 0.790045
  ],
  [
    0.636895, 1.091531, 0.301847, 0.546086, 1.219499, 1.474506, 1.039561,
    1.306657, 1.4416179999999998, 0.648135, 0.76349, 0.252779, 0.215366,
    1.2403320000000002, 0.087506, 1.593605, 0.9812519999999999, 0.952653,
    0.33052499999999996, 1.24351, 0.15501099999999998, 1.561876, 0.725164,
    1.378314, 1.535403, 1.87653, 1.499658, 0.978694, 0.283813,
    2.0865549999999997, 0.6827770000000001, 0.14769900000000002, 0.0,
    0.5806420000000001, 0.058695, 0.337712, 1.230104, 0.262481, 1.732964,
    1.00575
  ],
  [
    0.7472580000000001, 1.2648130000000002, 0.640484, 0.502136, 1.236498,
    1.430556, 1.05656, 1.4799390000000001, 1.478966, 1.01563, 0.964624,
    0.566562, 0.39146, 1.548068, 0.574712, 1.901886, 1.4465709999999998,
    1.361734, 0.605722, 1.0672519999999999, 0.539114, 1.583675, 0.770905,
    1.229453, 1.708685, 1.893529, 1.624503, 0.9700679999999999, 0.50376,
    2.2598380000000002, 0.728518, 0.44649, 0.5806420000000001, 0.0, 0.538413,
    0.534548, 1.551196, 0.7421989999999999, 1.6177249999999999, 0.635696
  ],
  [
    0.665653, 1.127199, 0.33060500000000004, 0.61061, 1.248256, 1.53903,
    1.0683179999999999, 1.342325, 1.470375, 0.683803, 0.7922469999999999,
    0.281536, 0.212865, 1.276, 0.123174, 1.629273, 1.01692, 0.988322, 0.366193,
    1.426199, 0.183795, 1.590634, 0.7539210000000001, 1.4070719999999999,
    1.5710709999999999, 1.905288, 1.5284149999999999, 1.007451, 0.31257,
    2.122224, 0.7115349999999999, 0.21222300000000002, 0.058695, 0.538413, 0.0,
    0.37338099999999996, 1.2657729999999998, 0.245203, 1.768632, 0.994846
  ],
  [
    0.292272, 0.836544, 0.042776, 0.36045699999999997, 0.874876, 1.288877,
    0.694938, 1.05167, 1.096995, 0.469872, 0.41886700000000004, 0.14401,
    0.480037, 0.985345, 0.250206, 1.473617, 0.829678, 0.83082,
    0.17690999999999998, 1.217196, 0.201857, 1.2172539999999998, 0.380541,
    1.0336910000000001, 1.280416, 1.531907, 1.1695609999999999, 0.634071,
    0.11523, 1.831569, 0.338154, 0.225464, 0.337712, 0.534548,
    0.37338099999999996, 0.0, 1.078531, 0.577167, 1.395251, 0.78564
  ],
  [
    0.990615, 0.58389, 1.0607149999999999, 1.4251610000000001, 1.567491,
    2.30246, 1.3256839999999999, 0.6760689999999999, 1.2539310000000001,
    0.642054, 0.786929, 0.986472, 1.422444, 0.510642, 1.1461759999999999,
    0.7348600000000001, 0.26050999999999996, 0.375107, 0.89958, 2.27103,
    1.103093, 1.817513, 1.212952, 1.962047, 0.761062, 1.712322, 1.018068,
    1.562427, 1.001542, 1.00451, 1.11896, 1.120092, 1.230104, 1.551196,
    1.2657729999999998, 1.078531, 0.0, 1.280481, 2.1768829999999997,
    1.8845750000000001
  ],
  [
    0.869439, 1.3309849999999999, 0.534391, 0.814396, 1.4520419999999998,
    1.742816, 1.2721040000000001, 1.546111, 1.674162, 0.8875890000000001,
    0.996034, 0.485322, 0.416651, 1.499024, 0.32696, 1.816996,
    1.1337519999999999, 1.176045, 0.569979, 1.6299849999999998, 0.387581,
    1.7944200000000001, 0.957707, 1.610858, 1.774857, 2.109074, 1.732201,
    1.2112370000000001, 0.516356, 2.229857, 0.915321, 0.416009, 0.262481,
    0.7421989999999999, 0.245203, 0.577167, 1.280481, 0.0, 1.9724179999999998,
    1.1986320000000001
  ],
  [
    1.370989, 1.5929929999999999, 1.438027, 1.134637, 0.635955, 0.791665,
    0.9836630000000001, 1.808118, 0.992797, 1.602308, 1.473442, 1.539261,
    1.632251, 1.876247, 1.645458, 2.247082, 1.904903, 1.769134, 1.525069,
    1.1142480000000001, 1.597108, 0.44155099999999997, 1.1231900000000001,
    0.4747, 2.036865, 0.871707, 1.722576, 0.800334, 1.5104819999999999,
    2.522201, 1.259061, 1.6207159999999998, 1.732964, 1.6177249999999999,
    1.768632, 1.395251, 2.1768829999999997, 1.9724179999999998, 0.0, 1.422266
  ],
  [
    0.936409, 1.52319, 0.80388, 0.617305, 1.0561800000000001,
    0.8730760000000001, 0.855148, 1.738315, 1.436342, 1.2047809999999999,
    1.1537760000000001, 0.88612, 0.7350140000000001, 1.806444, 1.070229,
    2.160263, 1.635723, 1.550885, 0.94398, 0.579658, 0.882669, 1.381976,
    0.791902, 1.1537149999999998, 1.9670619999999999, 1.69183, 1.805776,
    0.754841, 0.857341, 2.518214, 0.9277730000000001, 0.790045, 1.00575,
    0.635696, 0.994846, 0.78564, 1.8845750000000001, 1.1986320000000001,
    1.422266, 0.0
  ]
]
