[
  [
    0.0, 1.0995519999999999, 0.745251, 0.887067, 0.785296, 1.153008, 0.96508,
    0.530411, 0.743375, 0.072713, 0.370836, 0.14929599999999998,
    1.0681379999999998, 0.471994, 1.179507, 1.497277, 0.975158, 1.302583,
    0.55445, 0.809322, 0.826376, 0.860167, 0.28825799999999996, 1.248705,
    0.605491, 1.336493, 0.127448, 0.295628, 0.478603, 1.3747070000000001,
    0.7705960000000001, 0.19537000000000002, 0.845495, 0.666519,
    1.2562200000000001, 1.23837, 0.745614, 1.161568, 1.1836710000000001, 1.20004
  ],
  [
    1.0995519999999999, 0.0, 1.416029, 0.25476, 1.275805, 1.929807, 0.880992,
    0.6046480000000001, 1.502735, 0.785706, 1.1564539999999999,
    1.1514280000000001, 1.8449369999999998, 1.051162, 0.46395, 0.749086,
    0.831683, 1.819449, 0.5776549999999999, 0.868834, 0.9347190000000001,
    0.946674, 1.120817, 0.6590320000000001, 1.364851, 2.1132910000000003,
    0.715349, 1.1281869999999998, 0.635473, 0.363908, 0.9054260000000001,
    0.681342, 0.882112, 1.009504, 0.823526, 0.810372, 0.930408,
    0.9078809999999999, 0.8877630000000001, 0.848703
  ],
  [
    0.745251, 1.416029, 0.0, 1.1878499999999999, 0.722545, 1.1258979999999998,
    1.365935, 0.8470030000000001, 1.1547619999999998, 0.772386,
    0.7436050000000001, 0.797243, 1.131857, 0.349173, 1.504261, 1.909224,
    1.3760139999999998, 1.747197, 0.871043, 1.148811, 1.214696,
    1.2610219999999999, 0.732596, 1.5734590000000002, 1.016877, 1.340383,
    0.795323, 0.739966, 0.788799, 1.679584, 1.185403, 0.827743, 1.162088,
    1.110857, 1.580975, 1.639226, 1.189952, 1.562423, 1.582541, 1.600895
  ],
  [
    0.887067, 0.25476, 1.1878499999999999, 0.0, 1.063321, 1.7173219999999998,
    0.659705, 0.392164, 1.276133, 0.573222, 0.9439690000000001, 0.938943,
    1.632452, 0.838678, 0.37458600000000003, 0.816399, 0.6103959999999999,
    1.592847, 0.36517, 0.642231, 0.708116, 0.725388, 0.908332, 0.569668,
    1.1382480000000001, 1.900806, 0.502865, 0.9157029999999999, 0.422988,
    0.52263, 0.678824, 0.468857, 0.655509, 0.782901, 0.614242,
    0.7210080000000001, 0.703806, 0.7133959999999999, 0.7335130000000001,
    0.7593390000000001
  ],
  [
    0.785296, 1.275805, 0.722545, 1.063321, 0.0, 1.516742, 1.356021, 0.813087,
    1.194691, 0.812315, 0.783534, 0.837172, 1.499084, 0.395163, 1.379732,
    1.784695, 1.421755, 1.7868499999999998, 0.8371259999999999,
    1.1388969999999998, 1.204782, 1.251109, 0.772525, 1.44893,
    1.0568060000000001, 1.7312260000000002, 0.819495, 0.779895, 0.746755,
    1.555055, 1.175489, 0.851915, 1.152175, 1.150786, 1.456445, 1.622043,
    1.200471, 1.54524, 1.565358, 1.583712
  ],
  [
    1.153008, 1.929807, 1.1258979999999998, 1.7173219999999998, 1.516742, 0.0,
    1.60146, 1.360666, 1.084625, 1.1868599999999998, 0.815871, 1.099754,
    0.781572, 1.153139, 2.009762, 2.133658, 1.611539, 1.52961,
    1.3847049999999999, 1.445702, 1.462757, 1.496547, 0.9246380000000001,
    1.9506400000000002, 1.0455160000000001, 0.214484, 1.241595, 0.932009,
    1.3088579999999999, 2.204547, 1.4069770000000001, 1.309517, 1.478723,
    1.3028989999999998, 1.915495, 1.874751, 1.3819949999999999, 1.797948,
    1.8200509999999999, 1.8364200000000002
  ],
  [
    0.96508, 0.880992, 1.365935, 0.659705, 1.356021, 1.60146, 0.0,
    0.6079410000000001, 0.85085, 0.668207, 0.749968, 0.548378,
    1.5044380000000002, 1.093601, 0.5369539999999999, 0.571428, 0.049309,
    1.0236480000000001, 0.6240990000000001, 0.246059, 0.151239,
    0.10491299999999999, 0.676822, 0.388411, 0.7129650000000001, 1.784945,
    0.59785, 0.669449, 0.680969, 0.9533830000000001, 0.248392, 0.563843,
    0.23291399999999998, 0.29856099999999997, 0.353266, 0.312521,
    0.25688099999999997, 0.237704, 0.255837, 0.27419099999999996
  ],
  [
    0.530411, 0.6046480000000001, 0.8470030000000001, 0.392164, 0.813087,
    1.360666, 0.6079410000000001, 0.0, 0.9984700000000001, 0.204538, 0.587313,
    0.575315, 1.2757960000000002, 0.573631, 0.684604, 1.089567, 0.616981,
    1.3268820000000001, 0.059546999999999996, 0.389777, 0.455663, 0.501989,
    0.544704, 0.753801, 0.860586, 1.5441500000000001, 0.13418100000000002,
    0.552074, 0.06633199999999999, 0.879389, 0.42637, 0.10017400000000001,
    0.403055, 0.530447, 0.761317, 0.880193, 0.451352, 0.8033899999999999,
    0.823508, 0.841862
  ],
  [
    0.743375, 1.502735, 1.1547619999999998, 1.276133, 1.194691, 1.084625,
    0.85085, 0.9984700000000001, 0.0, 0.756269, 0.44104899999999997, 0.349143,
    0.419262, 0.893383, 1.255481, 1.383048, 0.8609289999999999, 0.638629,
    1.039836, 0.6950919999999999, 0.712146, 0.745937, 0.43416000000000005,
    1.20003, 0.172191, 0.995776, 0.8110040000000001, 0.42678699999999997,
    0.927055, 1.6500380000000001, 0.656366, 0.8789260000000001, 0.728112,
    0.552289, 1.164885, 1.124141, 0.6313840000000001, 1.049323, 1.067456,
    1.08581
  ],
  [
    0.072713, 0.785706, 0.772386, 0.573222, 0.812315, 1.1868599999999998,
    0.668207, 0.204538, 0.756269, 0.0, 0.404688, 0.22200899999999998, 1.10199,
    0.499014, 0.8343039999999999, 1.033194, 0.511075, 1.183279,
    0.24060499999999999, 0.296214, 0.349757, 0.396084, 0.322109,
    0.8501770000000001, 0.639342, 1.370344, 0.070345, 0.32948, 0.277567,
    1.060447, 0.282766, 0.138267, 0.329235, 0.386844, 0.8150320000000001,
    0.7742870000000001, 0.30774900000000005, 0.697485, 0.717602, 0.735957
  ],
  [
    0.370836, 1.1564539999999999, 0.7436050000000001, 0.9439690000000001,
    0.783534, 0.815871, 0.749968, 0.587313, 0.44104899999999997, 0.404688, 0.0,
    0.248261, 0.731001, 0.47023200000000004, 1.154599, 1.282165, 0.760046,
    0.910252, 0.611352, 0.59421, 0.611264, 0.6450549999999999, 0.142466,
    1.099148, 0.336309, 0.999356, 0.459423, 0.149837, 0.535505,
    1.4311939999999999, 0.5554840000000001, 0.5273450000000001,
    0.6272300000000001, 0.451407, 1.064003, 1.023258, 0.5305019999999999,
    0.946456, 0.968558, 0.984928
  ],
  [
    0.14929599999999998, 1.1514280000000001, 0.797243, 0.938943, 0.837172,
    1.099754, 0.548378, 0.575315, 0.349143, 0.22200899999999998, 0.248261, 0.0,
    1.0148840000000001, 0.523871, 0.953009, 1.080576, 0.558457,
    0.8858809999999999, 0.606326, 0.39262, 0.409674, 0.443465,
    0.17511500000000002, 0.897558, 0.21125899999999997, 1.283238,
    0.27674400000000005, 0.167743, 0.530479, 1.347566, 0.35389499999999996,
    0.344666, 0.42563999999999996, 0.249817, 0.862413, 0.821669, 0.328912,
    0.746851, 0.764984, 0.783338
  ],
  [
    1.0681379999999998, 1.8449369999999998, 1.131857, 1.632452, 1.499084,
    0.781572, 1.5044380000000002, 1.2757960000000002, 0.419262, 1.10199,
    0.731001, 1.0148840000000001, 0.0, 1.128171, 1.915057, 2.038953, 1.516834,
    0.823729, 1.29, 1.3509980000000001, 1.3680519999999998, 1.4018430000000002,
    0.829933, 1.855936, 0.591453, 0.674769, 1.1468900000000002,
    0.8373039999999999, 1.214153, 2.109842, 1.3122719999999999, 1.214812,
    1.384018, 1.208195, 1.820791, 1.780046, 1.28729, 1.705465, 1.725583,
    1.7417159999999998
  ],
  [
    0.471994, 1.051162, 0.349173, 0.838678, 0.395163, 1.153139, 1.093601,
    0.573631, 0.893383, 0.499014, 0.47023200000000004, 0.523871, 1.128171, 0.0,
    1.155089, 1.560052, 1.102641, 1.473548, 0.5976699999999999,
    0.8754379999999999, 0.941323, 0.98765, 0.459223, 1.2242870000000001,
    0.743505, 1.3707, 0.521951, 0.46659300000000004, 0.496587, 1.330412,
    0.91203, 0.554371, 0.888715, 0.837484, 1.2318019999999998,
    1.3973989999999998, 0.9165789999999999, 1.320597, 1.3407149999999999,
    1.3590689999999999
  ],
  [
    1.179507, 0.46395, 1.504261, 0.37458600000000003, 1.379732, 2.009762,
    0.5369539999999999, 0.684604, 1.255481, 0.8343039999999999, 1.154599,
    0.953009, 1.915057, 1.155089, 0.0, 0.441813, 0.497197, 1.552559, 0.625057,
    0.622057, 0.658515, 0.612189, 1.08193, 0.195082, 1.118073,
    2.1932460000000003, 0.764424, 1.074557, 0.715428, 0.453082, 0.658649,
    0.730417, 0.635334, 0.762726, 0.375001, 0.346422, 0.683631, 0.44393,
    0.423813, 0.384753
  ],
  [
    1.497277, 0.749086, 1.909224, 0.816399, 1.784695, 2.133658, 0.571428,
    1.089567, 1.383048, 1.033194, 1.282165, 1.080576, 2.038953, 1.560052,
    0.441813, 0.0, 0.522119, 1.5762260000000001, 1.03002, 0.778257, 0.683437,
    0.637111, 1.20902, 0.363447, 1.245163, 2.317142, 1.130048, 1.201647,
    1.1203910000000001, 0.702106, 0.7805890000000001, 1.096041, 0.765111,
    0.830758, 0.5212089999999999, 0.258907, 0.789079, 0.357047, 0.33693,
    0.29723700000000003
  ],
  [
    0.975158, 0.831683, 1.3760139999999998, 0.6103959999999999, 1.421755,
    1.611539, 0.049309, 0.616981, 0.8609289999999999, 0.511075, 0.760046,
    0.558457, 1.516834, 1.102641, 0.497197, 0.522119, 0.0, 1.0729570000000002,
    0.634177, 0.256138, 0.16131800000000002, 0.11499200000000001, 0.686901,
    0.33910199999999996, 0.723044, 1.7950229999999998, 0.6079289999999999,
    0.679528, 0.691048, 0.9040739999999999, 0.25847000000000003, 0.573922,
    0.24299199999999999, 0.30863999999999997, 0.303957, 0.263212, 0.26696,
    0.18641, 0.206527, 0.224882
  ],
  [
    1.302583, 1.819449, 1.747197, 1.592847, 1.7868499999999998, 1.52961,
    1.0236480000000001, 1.3268820000000001, 0.638629, 1.183279, 0.910252,
    0.8858809999999999, 0.823729, 1.473548, 1.552559, 1.5762260000000001,
    1.0729570000000002, 0.0, 1.34304, 0.9815309999999999, 0.99474,
    1.0285309999999999, 1.000815, 1.389294, 0.60825, 1.422806, 1.316791,
    0.993442, 1.3999110000000001, 1.954266, 0.93896, 1.2827840000000001,
    1.014551, 0.834883, 1.3541489999999998, 1.313404, 0.913978, 1.219512,
    1.23963, 1.275074
  ],
  [
    0.55445, 0.5776549999999999, 0.871043, 0.36517, 0.8371259999999999,
    1.3847049999999999, 0.6240990000000001, 0.059546999999999996, 1.039836,
    0.24060499999999999, 0.611352, 0.606326, 1.29, 0.5976699999999999, 0.625057,
    1.03002, 0.634177, 1.34304, 0.0, 0.405935, 0.47182, 0.518147, 0.568743,
    0.694255, 0.884625, 1.568189, 0.17024799999999998, 0.5761130000000001,
    0.09037099999999999, 0.852395, 0.442527, 0.136241, 0.419213, 0.546605,
    0.70177, 0.857484, 0.467509, 0.7806810000000001, 0.8007989999999999,
    0.819153
  ],
  [
    0.809322, 0.868834, 1.148811, 0.642231, 1.1388969999999998, 1.445702,
    0.246059, 0.389777, 0.6950919999999999, 0.296214, 0.59421, 0.39262,
    1.3509980000000001, 0.8754379999999999, 0.622057, 0.778257, 0.256138,
    0.9815309999999999, 0.405935, 0.0, 0.092034, 0.13836099999999998, 0.524909,
    0.5924539999999999, 0.561052, 1.6330319999999998, 0.379687, 0.517536,
    0.462806, 1.0161369999999998, 0.042571, 0.34568, 0.051787, 0.146648,
    0.5573089999999999, 0.516565, 0.067553, 0.441747, 0.45988, 0.478234
  ],
  [
    0.826376, 0.9347190000000001, 1.214696, 0.708116, 1.204782, 1.462757,
    0.151239, 0.455663, 0.712146, 0.349757, 0.611264, 0.409674,
    1.3680519999999998, 0.941323, 0.658515, 0.683437, 0.16131800000000002,
    0.99474, 0.47182, 0.092034, 0.0, 0.046326, 0.537922, 0.500419, 0.574065,
    1.646045, 0.445572, 0.5305489999999999, 0.528691, 1.0653920000000001,
    0.096113, 0.411565, 0.080635, 0.159661, 0.465275, 0.42452999999999996,
    0.12109600000000001, 0.347728, 0.36983, 0.3862
  ],
  [
    0.860167, 0.946674, 1.2610219999999999, 0.725388, 1.251109, 1.496547,
    0.10491299999999999, 0.501989, 0.745937, 0.396084, 0.6450549999999999,
    0.443465, 1.4018430000000002, 0.98765, 0.612189, 0.637111,
    0.11499200000000001, 1.0285309999999999, 0.518147, 0.13836099999999998,
    0.046326, 0.0, 0.571909, 0.454093, 0.608052, 1.680032, 0.492937,
    0.5645359999999999, 0.576057, 1.019065, 0.14347900000000002, 0.45893,
    0.128001, 0.193648, 0.418948, 0.378204, 0.151968, 0.30140100000000003,
    0.321519, 0.339873
  ],
  [
    0.28825799999999996, 1.120817, 0.732596, 0.908332, 0.772525,
    0.9246380000000001, 0.676822, 0.544704, 0.43416000000000005, 0.322109,
    0.142466, 0.17511500000000002, 0.829933, 0.459223, 1.08193, 1.20902,
    0.686901, 1.000815, 0.568743, 0.524909, 0.537922, 0.571909, 0.0,
    1.0260019999999999, 0.317233, 1.108123, 0.376844, 0.00737, 0.492896,
    1.395557, 0.482339, 0.444766, 0.5540839999999999, 0.378261, 0.990857,
    0.9501130000000001, 0.457356, 0.8733099999999999, 0.893428,
    0.9117820000000001
  ],
  [
    1.248705, 0.6590320000000001, 1.5734590000000002, 0.569668, 1.44893,
    1.9506400000000002, 0.388411, 0.753801, 1.20003, 0.8501770000000001,
    1.099148, 0.897558, 1.855936, 1.2242870000000001, 0.195082, 0.363447,
    0.33910199999999996, 1.389294, 0.694255, 0.5924539999999999, 0.500419,
    0.454093, 1.0260019999999999, 0.0, 1.060891, 2.13287, 0.833622, 1.017375,
    0.7846259999999999, 0.648163, 0.596318, 0.799615, 0.5808390000000001,
    0.6464869999999999, 0.17991900000000002, 0.268057, 0.604807, 0.365565,
    0.345447, 0.306387
  ],
  [
    0.605491, 1.364851, 1.016877, 1.1382480000000001, 1.0568060000000001,
    1.0455160000000001, 0.7129650000000001, 0.860586, 0.172191, 0.639342,
    0.336309, 0.21125899999999997, 0.591453, 0.743505, 1.118073, 1.245163,
    0.723044, 0.60825, 0.884625, 0.561052, 0.574065, 0.608052, 0.317233,
    1.060891, 0.0, 1.1679670000000002, 0.673119, 0.288902, 0.7891710000000001,
    1.512154, 0.518482, 0.7410410000000001, 0.590228, 0.414404, 1.027, 0.986256,
    0.4935, 0.909453, 0.931556, 0.9479249999999999
  ],
  [
    1.336493, 2.1132910000000003, 1.340383, 1.900806, 1.7312260000000002,
    0.214484, 1.784945, 1.5441500000000001, 0.995776, 1.370344, 0.999356,
    1.283238, 0.674769, 1.3707, 2.1932460000000003, 2.317142,
    1.7950229999999998, 1.422806, 1.568189, 1.6330319999999998, 1.646045,
    1.680032, 1.108123, 2.13287, 1.1679670000000002, 0.0, 1.456079, 1.146493,
    1.5233420000000002, 2.419032, 1.621461, 1.524001, 1.6932070000000001,
    1.517384, 2.12998, 2.089236, 1.596479, 2.014418, 2.0325509999999998,
    2.050905
  ],
  [
    0.127448, 0.715349, 0.795323, 0.502865, 0.819495, 1.241595, 0.59785,
    0.13418100000000002, 0.8110040000000001, 0.070345, 0.459423,
    0.27674400000000005, 1.1468900000000002, 0.521951, 0.764424, 1.130048,
    0.6079289999999999, 1.316791, 0.17024799999999998, 0.379687, 0.445572,
    0.492937, 0.376844, 0.833622, 0.673119, 1.456079, 0.0, 0.384215, 0.20721,
    0.99009, 0.337501, 0.06791, 0.392964, 0.441579, 0.840661, 0.829022,
    0.362484, 0.75222, 0.772338, 0.7906920000000001
  ],
  [
    0.295628, 1.1281869999999998, 0.739966, 0.9157029999999999, 0.779895,
    0.932009, 0.669449, 0.552074, 0.42678699999999997, 0.32948, 0.149837,
    0.167743, 0.8373039999999999, 0.46659300000000004, 1.074557, 1.201647,
    0.679528, 0.993442, 0.5761130000000001, 0.517536, 0.5305489999999999,
    0.5645359999999999, 0.00737, 1.017375, 0.288902, 1.146493, 0.384215, 0.0,
    0.507239, 1.4029280000000002, 0.474966, 0.452137, 0.546712, 0.370888,
    0.983484, 0.94274, 0.449984, 0.865937, 0.8880399999999999, 0.904409
  ],
  [
    0.478603, 0.635473, 0.788799, 0.422988, 0.746755, 1.3088579999999999,
    0.680969, 0.06633199999999999, 0.927055, 0.277567, 0.535505, 0.530479,
    1.214153, 0.496587, 0.715428, 1.1203910000000001, 0.691048,
    1.3999110000000001, 0.09037099999999999, 0.462806, 0.528691, 0.576057,
    0.492896, 0.7846259999999999, 0.7891710000000001, 1.5233420000000002,
    0.20721, 0.507239, 0.0, 0.9102129999999999, 0.499398, 0.173202,
    0.47608300000000003, 0.603475, 0.792142, 0.953221, 0.52438, 0.876419,
    0.896536, 0.914891
  ],
  [
    1.3747070000000001, 0.363908, 1.679584, 0.52263, 1.555055, 2.204547,
    0.9533830000000001, 0.879389, 1.6500380000000001, 1.060447,
    1.4311939999999999, 1.347566, 2.109842, 1.330412, 0.453082, 0.702106,
    0.9040739999999999, 1.954266, 0.852395, 1.0161369999999998,
    1.0653920000000001, 1.019065, 1.395557, 0.648163, 1.512154, 2.419032,
    0.99009, 1.4029280000000002, 0.9102129999999999, 0.0, 1.052729, 0.960591,
    1.029892, 1.156807, 0.831721, 0.803142, 1.077711, 0.900651, 0.880533,
    0.8414729999999999
  ],
  [
    0.7705960000000001, 0.9054260000000001, 1.185403, 0.678824, 1.175489,
    1.4069770000000001, 0.248392, 0.42637, 0.656366, 0.282766,
    0.5554840000000001, 0.35389499999999996, 1.3122719999999999, 0.91203,
    0.658649, 0.7805890000000001, 0.25847000000000003, 0.93896, 0.442527,
    0.042571, 0.096113, 0.14347900000000002, 0.482339, 0.596318, 0.518482,
    1.621461, 0.337501, 0.474966, 0.499398, 1.052729, 0.0, 0.382272,
    0.07559099999999999, 0.104077, 0.561388, 0.5206430000000001, 0.024982,
    0.445826, 0.463959, 0.482313
  ],
  [
    0.19537000000000002, 0.681342, 0.827743, 0.468857, 0.851915, 1.309517,
    0.563843, 0.10017400000000001, 0.8789260000000001, 0.138267,
    0.5273450000000001, 0.344666, 1.214812, 0.554371, 0.730417, 1.096041,
    0.573922, 1.2827840000000001, 0.136241, 0.34568, 0.411565, 0.45893,
    0.444766, 0.799615, 0.7410410000000001, 1.524001, 0.06791, 0.452137,
    0.173202, 0.960591, 0.382272, 0.0, 0.35895699999999997, 0.486349, 0.806654,
    0.836095, 0.407254, 0.7592920000000001, 0.7794099999999999, 0.797764
  ],
  [
    0.845495, 0.882112, 1.162088, 0.655509, 1.152175, 1.478723,
    0.23291399999999998, 0.403055, 0.728112, 0.329235, 0.6272300000000001,
    0.42563999999999996, 1.384018, 0.888715, 0.635334, 0.765111,
    0.24299199999999999, 1.014551, 0.419213, 0.051787, 0.080635, 0.128001,
    0.5540839999999999, 0.5808390000000001, 0.590228, 1.6932070000000001,
    0.392964, 0.546712, 0.47608300000000003, 1.029892, 0.07559099999999999,
    0.35895699999999997, 0.0, 0.179668, 0.54591, 0.505165, 0.100573, 0.428363,
    0.44848000000000005, 0.466835
  ],
  [
    0.666519, 1.009504, 1.110857, 0.782901, 1.150786, 1.3028989999999998,
    0.29856099999999997, 0.530447, 0.552289, 0.386844, 0.451407, 0.249817,
    1.208195, 0.837484, 0.762726, 0.830758, 0.30863999999999997, 0.834883,
    0.546605, 0.146648, 0.159661, 0.193648, 0.378261, 0.6464869999999999,
    0.414404, 1.517384, 0.441579, 0.370888, 0.603475, 1.156807, 0.104077,
    0.486349, 0.179668, 0.0, 0.612596, 0.571852, 0.079095, 0.49504899999999996,
    0.5171520000000001, 0.5335209999999999
  ],
  [
    1.2562200000000001, 0.823526, 1.580975, 0.614242, 1.456445, 1.915495,
    0.353266, 0.761317, 1.164885, 0.8150320000000001, 1.064003, 0.862413,
    1.820791, 1.2318019999999998, 0.375001, 0.5212089999999999, 0.303957,
    1.3541489999999998, 0.70177, 0.5573089999999999, 0.465275, 0.418948,
    0.990857, 0.17991900000000002, 1.027, 2.12998, 0.840661, 0.983484, 0.792142,
    0.831721, 0.561388, 0.806654, 0.54591, 0.612596, 0.0, 0.425819, 0.569662,
    0.40570100000000003, 0.425819, 0.464149
  ],
  [
    1.23837, 0.810372, 1.639226, 0.7210080000000001, 1.622043, 1.874751,
    0.312521, 0.880193, 1.124141, 0.7742870000000001, 1.023258, 0.821669,
    1.780046, 1.3973989999999998, 0.346422, 0.258907, 0.263212, 1.313404,
    0.857484, 0.516565, 0.42452999999999996, 0.378204, 0.9501130000000001,
    0.268057, 0.986256, 2.089236, 0.829022, 0.94274, 0.953221, 0.803142,
    0.5206430000000001, 0.836095, 0.505165, 0.571852, 0.425819, 0.0, 0.530172,
    0.097508, 0.077391, 0.038329999999999996
  ],
  [
    0.745614, 0.930408, 1.189952, 0.703806, 1.200471, 1.3819949999999999,
    0.25688099999999997, 0.451352, 0.6313840000000001, 0.30774900000000005,
    0.5305019999999999, 0.328912, 1.28729, 0.9165789999999999, 0.683631,
    0.789079, 0.26696, 0.913978, 0.467509, 0.067553, 0.12109600000000001,
    0.151968, 0.457356, 0.604807, 0.4935, 1.596479, 0.362484, 0.449984, 0.52438,
    1.077711, 0.024982, 0.407254, 0.100573, 0.079095, 0.569662, 0.530172, 0.0,
    0.45337, 0.475472, 0.49184100000000003
  ],
  [
    1.161568, 0.9078809999999999, 1.562423, 0.7133959999999999, 1.54524,
    1.797948, 0.237704, 0.8033899999999999, 1.049323, 0.697485, 0.946456,
    0.746851, 1.705465, 1.320597, 0.44393, 0.357047, 0.18641, 1.219512,
    0.7806810000000001, 0.441747, 0.347728, 0.30140100000000003,
    0.8733099999999999, 0.365565, 0.909453, 2.014418, 0.75222, 0.865937,
    0.876419, 0.900651, 0.445826, 0.7592920000000001, 0.428363,
    0.49504899999999996, 0.40570100000000003, 0.097508, 0.45337, 0.0,
    0.020117999999999997, 0.096824
  ],
  [
    1.1836710000000001, 0.8877630000000001, 1.582541, 0.7335130000000001,
    1.565358, 1.8200509999999999, 0.255837, 0.823508, 1.067456, 0.717602,
    0.968558, 0.764984, 1.725583, 1.3407149999999999, 0.423813, 0.33693,
    0.206527, 1.23963, 0.8007989999999999, 0.45988, 0.36983, 0.321519, 0.893428,
    0.345447, 0.931556, 2.0325509999999998, 0.772338, 0.8880399999999999,
    0.896536, 0.880533, 0.463959, 0.7794099999999999, 0.44848000000000005,
    0.5171520000000001, 0.425819, 0.077391, 0.475472, 0.020117999999999997, 0.0,
    0.090923
  ],
  [
    1.20004, 0.848703, 1.600895, 0.7593390000000001, 1.583712,
    1.8364200000000002, 0.27419099999999996, 0.841862, 1.08581, 0.735957,
    0.984928, 0.783338, 1.7417159999999998, 1.3590689999999999, 0.384753,
    0.29723700000000003, 0.224882, 1.275074, 0.819153, 0.478234, 0.3862,
    0.339873, 0.9117820000000001, 0.306387, 0.9479249999999999, 2.050905,
    0.7906920000000001, 0.904409, 0.914891, 0.8414729999999999, 0.482313,
    0.797764, 0.466835, 0.5335209999999999, 0.464149, 0.038329999999999996,
    0.49184100000000003, 0.096824, 0.090923, 0.0
  ]
]
