[
    [
        0.0,
        1.997657,
        1.539667,
        1.987607,
        2.1197179999999998,
        1.103661,
        2.462538,
        2.43185,
        2.227672,
        2.871802,
        2.025125,
        2.423944,
        2.6107600000000004,
        2.083469,
        1.721661,
        1.626065,
        2.369047,
        1.409982,
        0.633577,
        1.463732,
        1.469449,
        2.455104,
        1.448445,
        1.8996469999999999,
        1.570465,
        2.175917,
        1.425227,
        4.069992,
        1.378324,
        4.105957
    ],
    [
        1.997657,
        0.0,
        0.950348,
        0.980305,
        0.088399,
        0.893995,
        0.668393,
        1.303579,
        1.432529,
        1.6810209999999999,
        0.121167,
        1.054078,
        0.816615,
        0.05215,
        0.46029899999999996,
        1.358182,
        0.985169,
        0.587675,
        1.399,
        0.874413,
        0.94759,
        1.1071099999999998,
        0.859127,
        0.182784,
        0.620516,
        1.194677,
        0.835908,
        2.380417,
        0.789005,
        2.3339540000000003
    ],
    [
        1.539667,
        0.950348,
        0.0,
        1.048719,
        0.976992,
        0.436005,
        1.267394,
        1.492962,
        1.44367,
        1.932913,
        0.977817,
        1.485055,
        1.415615,
        1.036161,
        0.49057,
        0.685695,
        1.4301579999999998,
        0.362674,
        0.913173,
        0.075935,
        0.042839,
        1.5162149999999999,
        0.10815999999999999,
        0.8523390000000001,
        0.339374,
        1.2722529999999999,
        0.11444,
        2.6109679999999997,
        0.161343,
        2.9329549999999998
    ],
    [
        1.987607,
        0.980305,
        1.048719,
        0.0,
        0.34032100000000004,
        0.959274,
        1.156153,
        0.8404510000000001,
        0.972038,
        1.280402,
        0.117089,
        0.832544,
        1.349993,
        0.304073,
        0.863265,
        1.538615,
        0.7860969999999999,
        0.688238,
        1.391146,
        0.972784,
        1.045961,
        0.872154,
        0.9574969999999999,
        0.12025100000000001,
        0.883101,
        0.680449,
        0.934279,
        3.05264,
        0.8873759999999999,
        2.514557
    ],
    [
        2.1197179999999998,
        0.088399,
        0.976992,
        0.34032100000000004,
        0.0,
        0.999422,
        0.42020100000000005,
        0.668886,
        0.968951,
        1.0455029999999998,
        0.281688,
        0.41856,
        0.568423,
        0.036249,
        0.486422,
        1.3249259999999998,
        0.349651,
        0.693101,
        1.504427,
        0.901057,
        0.974234,
        0.43570800000000004,
        0.885771,
        0.220071,
        0.646638,
        0.677362,
        0.862552,
        2.315372,
        0.833957,
        2.099434
    ],
    [
        1.103661,
        0.893995,
        0.436005,
        0.959274,
        0.999422,
        0.0,
        1.358877,
        1.4035170000000001,
        1.243002,
        1.843468,
        0.9214640000000001,
        1.3956099999999998,
        1.507098,
        0.979808,
        0.618,
        0.646685,
        1.340713,
        0.306321,
        0.505004,
        0.36007,
        0.433247,
        1.4267699999999999,
        0.344784,
        0.795986,
        0.466803,
        1.126603,
        0.321565,
        2.9663310000000003,
        0.27466199999999996,
        3.077623
    ],
    [
        2.462538,
        0.668393,
        1.267394,
        1.156153,
        0.42020100000000005,
        1.358877,
        0.0,
        0.714696,
        1.446909,
        1.095924,
        0.695862,
        0.46436900000000003,
        0.148196,
        0.409248,
        0.776824,
        1.644116,
        0.39546,
        1.052556,
        1.8638810000000001,
        1.191459,
        1.2646359999999999,
        0.517401,
        1.176172,
        0.5930700000000001,
        0.93704,
        1.1021079999999999,
        1.152954,
        2.173674,
        1.1243589999999999,
        1.6655360000000001
    ],
    [
        2.43185,
        1.303579,
        1.492962,
        0.8404510000000001,
        0.668886,
        1.4035170000000001,
        0.714696,
        0.0,
        1.012385,
        0.751202,
        1.331873,
        0.250327,
        0.810893,
        0.632638,
        1.299058,
        1.974408,
        0.31923599999999996,
        1.124031,
        1.826939,
        1.408577,
        1.481754,
        0.466581,
        1.39329,
        0.565921,
        1.318895,
        0.744352,
        1.370072,
        2.8959050000000004,
        1.323169,
        1.9754559999999999
    ],
    [
        2.227672,
        1.432529,
        1.44367,
        0.972038,
        0.968951,
        1.243002,
        1.446909,
        1.012385,
        0.0,
        1.2335129999999999,
        1.4599980000000001,
        0.968883,
        1.433965,
        0.932702,
        1.3154890000000001,
        1.8144120000000001,
        1.0377919999999998,
        1.111081,
        1.627058,
        1.367735,
        1.440912,
        1.098606,
        1.352448,
        0.838932,
        1.271563,
        0.291589,
        1.32923,
        3.518977,
        1.282327,
        2.599228
    ],
    [
        2.871802,
        1.6810209999999999,
        1.932913,
        1.280402,
        1.0455029999999998,
        1.843468,
        1.095924,
        0.751202,
        1.2335129999999999,
        0.0,
        1.7093150000000001,
        0.627769,
        0.940936,
        1.01008,
        1.7489100000000002,
        2.424259,
        0.696678,
        1.573882,
        2.2767910000000002,
        1.8584280000000002,
        1.931606,
        0.844024,
        1.843142,
        0.9433630000000001,
        1.7687460000000002,
        1.038233,
        1.819923,
        3.1742179999999998,
        1.773021,
        1.935738
    ],
    [
        2.025125,
        0.121167,
        0.977817,
        0.117089,
        0.281688,
        0.9214640000000001,
        0.695862,
        1.331873,
        1.4599980000000001,
        1.7093150000000001,
        0.0,
        1.0815460000000001,
        0.8440829999999999,
        0.245439,
        0.487768,
        1.38565,
        1.012637,
        0.615143,
        1.426468,
        0.901882,
        0.975059,
        0.39435899999999996,
        0.886596,
        0.061617,
        0.647984,
        1.222146,
        0.863377,
        2.4078850000000003,
        0.816474,
        2.361423
    ],
    [
        2.423944,
        1.054078,
        1.485055,
        0.832544,
        0.41856,
        1.3956099999999998,
        0.46436900000000003,
        0.250327,
        0.968883,
        0.627769,
        1.0815460000000001,
        0.0,
        0.586927,
        0.38231099999999996,
        1.162508,
        1.966501,
        0.06890900000000001,
        1.1161240000000001,
        1.819032,
        1.40067,
        1.473847,
        0.216255,
        1.385384,
        0.315594,
        1.310988,
        0.736445,
        1.362165,
        2.638068,
        1.315262,
        1.75149
    ],
    [
        2.6107600000000004,
        0.816615,
        1.415615,
        1.349993,
        0.568423,
        1.507098,
        0.148196,
        0.810893,
        1.433965,
        0.940936,
        0.8440829999999999,
        0.586927,
        0.0,
        0.55747,
        0.925045,
        1.792338,
        0.543682,
        1.200777,
        2.012103,
        1.33968,
        1.412858,
        0.6656230000000001,
        1.324394,
        0.7412920000000001,
        1.085262,
        1.246528,
        1.301175,
        2.2264899999999996,
        1.2725799999999998,
        1.517339
    ],
    [
        2.083469,
        0.05215,
        1.036161,
        0.304073,
        0.036249,
        0.979808,
        0.409248,
        0.632638,
        0.932702,
        1.01008,
        0.245439,
        0.38231099999999996,
        0.55747,
        0.0,
        0.510885,
        1.349389,
        0.313402,
        0.717564,
        1.528889,
        0.92552,
        0.9986970000000001,
        0.399459,
        0.910234,
        0.183822,
        0.671101,
        0.641113,
        0.887015,
        2.3398339999999997,
        0.85842,
        2.074795
    ],
    [
        1.721661,
        0.46029899999999996,
        0.49057,
        0.863265,
        0.486422,
        0.618,
        0.776824,
        1.299058,
        1.3154890000000001,
        1.7489100000000002,
        0.487768,
        1.162508,
        0.925045,
        0.510885,
        0.0,
        0.9676509999999999,
        1.093599,
        0.311679,
        1.123004,
        0.414635,
        0.487812,
        1.21554,
        0.399349,
        0.496241,
        0.160216,
        1.0242650000000002,
        0.37613,
        2.3730230000000003,
        0.34753500000000004,
        2.4423850000000003
    ],
    [
        1.626065,
        1.358182,
        0.685695,
        1.538615,
        1.3249259999999998,
        0.646685,
        1.644116,
        1.974408,
        1.8144120000000001,
        2.424259,
        1.38565,
        1.966501,
        1.792338,
        1.349389,
        0.9676509999999999,
        0.0,
        1.9200540000000001,
        0.953006,
        1.045654,
        0.666045,
        0.787356,
        2.006111,
        0.69827,
        1.442671,
        0.9595710000000001,
        1.705944,
        0.70455,
        2.6462510000000004,
        0.781541,
        3.300536
    ],
    [
        2.369047,
        0.985169,
        1.4301579999999998,
        0.7860969999999999,
        0.349651,
        1.340713,
        0.39546,
        0.31923599999999996,
        1.0377919999999998,
        0.696678,
        1.012637,
        0.06890900000000001,
        0.543682,
        0.313402,
        1.093599,
        1.9200540000000001,
        0.0,
        1.069677,
        1.772585,
        1.354223,
        1.4274,
        0.147346,
        1.3389369999999998,
        0.24668500000000002,
        1.253816,
        0.72096,
        1.3157180000000002,
        2.569159,
        1.268815,
        1.819573
    ],
    [
        1.409982,
        0.587675,
        0.362674,
        0.688238,
        0.693101,
        0.306321,
        1.052556,
        1.124031,
        1.111081,
        1.573882,
        0.615143,
        1.1161240000000001,
        1.200777,
        0.717564,
        0.311679,
        0.953006,
        1.069677,
        0.0,
        0.8113250000000001,
        0.28673899999999997,
        0.359916,
        1.1557339999999998,
        0.271453,
        0.489665,
        0.16048199999999999,
        0.90261,
        0.248234,
        2.66001,
        0.20133099999999998,
        2.718116
    ],
    [
        0.633577,
        1.399,
        0.913173,
        1.391146,
        1.504427,
        0.505004,
        1.8638810000000001,
        1.826939,
        1.627058,
        2.2767910000000002,
        1.426468,
        1.819032,
        2.012103,
        1.528889,
        1.123004,
        1.045654,
        1.772585,
        0.8113250000000001,
        0.0,
        0.865075,
        0.870792,
        1.856447,
        0.849789,
        1.30099,
        0.971808,
        1.577261,
        0.82657,
        3.471336,
        0.779667,
        3.507299
    ],
    [
        1.463732,
        0.874413,
        0.075935,
        0.972784,
        0.901057,
        0.36007,
        1.191459,
        1.408577,
        1.367735,
        1.8584280000000002,
        0.901882,
        1.40067,
        1.33968,
        0.92552,
        0.414635,
        0.666045,
        1.354223,
        0.28673899999999997,
        0.865075,
        0.0,
        0.118774,
        1.44028,
        0.032225000000000004,
        0.776404,
        0.26343900000000003,
        1.196318,
        0.038505000000000005,
        2.5913180000000002,
        0.085408,
        2.85702
    ],
    [
        1.469449,
        0.94759,
        0.042839,
        1.045961,
        0.974234,
        0.433247,
        1.2646359999999999,
        1.481754,
        1.440912,
        1.931606,
        0.975059,
        1.473847,
        1.412858,
        0.9986970000000001,
        0.487812,
        0.787356,
        1.4274,
        0.359916,
        0.870792,
        0.118774,
        0.0,
        1.5098070000000001,
        0.088463,
        0.845931,
        0.332966,
        1.265845,
        0.111682,
        2.653806,
        0.154935,
        2.9265470000000002
    ],
    [
        2.455104,
        1.1071099999999998,
        1.5162149999999999,
        0.872154,
        0.43570800000000004,
        1.4267699999999999,
        0.517401,
        0.466581,
        1.098606,
        0.844024,
        0.39435899999999996,
        0.216255,
        0.6656230000000001,
        0.399459,
        1.21554,
        2.006111,
        0.147346,
        1.1557339999999998,
        1.856447,
        1.44028,
        1.5098070000000001,
        0.0,
        1.4249939999999999,
        0.33274200000000004,
        1.350598,
        0.8070170000000001,
        1.401775,
        2.691101,
        1.354872,
        1.966919
    ],
    [
        1.448445,
        0.859127,
        0.10815999999999999,
        0.9574969999999999,
        0.885771,
        0.344784,
        1.176172,
        1.39329,
        1.352448,
        1.843142,
        0.886596,
        1.385384,
        1.324394,
        0.910234,
        0.399349,
        0.69827,
        1.3389369999999998,
        0.271453,
        0.849789,
        0.032225000000000004,
        0.088463,
        1.4249939999999999,
        0.0,
        0.7611169999999999,
        0.24815199999999998,
        1.181031,
        0.023219,
        2.623542,
        0.070122,
        2.841733
    ],
    [
        1.8996469999999999,
        0.182784,
        0.8523390000000001,
        0.12025100000000001,
        0.220071,
        0.795986,
        0.5930700000000001,
        0.565921,
        0.838932,
        0.9433630000000001,
        0.061617,
        0.315594,
        0.7412920000000001,
        0.183822,
        0.496241,
        1.442671,
        0.24668500000000002,
        0.489665,
        1.30099,
        0.776404,
        0.845931,
        0.33274200000000004,
        0.7611169999999999,
        0.0,
        0.704175,
        0.5473429999999999,
        0.919567,
        2.464076,
        0.872664,
        2.066259
    ],
    [
        1.570465,
        0.620516,
        0.339374,
        0.883101,
        0.646638,
        0.466803,
        0.93704,
        1.318895,
        1.271563,
        1.7687460000000002,
        0.647984,
        1.310988,
        1.085262,
        0.671101,
        0.160216,
        0.9595710000000001,
        1.253816,
        0.16048199999999999,
        0.971808,
        0.26343900000000003,
        0.332966,
        1.350598,
        0.24815199999999998,
        0.704175,
        0.0,
        1.0974739999999998,
        0.224934,
        2.522228,
        0.19633799999999998,
        2.602601
    ],
    [
        2.175917,
        1.194677,
        1.2722529999999999,
        0.680449,
        0.677362,
        1.126603,
        1.1021079999999999,
        0.744352,
        0.291589,
        1.038233,
        1.222146,
        0.736445,
        1.246528,
        0.641113,
        1.0242650000000002,
        1.705944,
        0.72096,
        0.90261,
        1.577261,
        1.196318,
        1.265845,
        0.8070170000000001,
        1.181031,
        0.5473429999999999,
        1.0974739999999998,
        0.0,
        1.1578130000000002,
        3.267013,
        1.11091,
        2.415023
    ],
    [
        1.425227,
        0.835908,
        0.11444,
        0.934279,
        0.862552,
        0.321565,
        1.152954,
        1.370072,
        1.32923,
        1.819923,
        0.863377,
        1.362165,
        1.301175,
        0.887015,
        0.37613,
        0.70455,
        1.3157180000000002,
        0.248234,
        0.82657,
        0.038505000000000005,
        0.111682,
        1.401775,
        0.023219,
        0.919567,
        0.224934,
        1.1578130000000002,
        0.0,
        2.629823,
        0.046903,
        2.8185149999999997
    ],
    [
        4.069992,
        2.380417,
        2.6109679999999997,
        3.05264,
        2.315372,
        2.9663310000000003,
        2.173674,
        2.8959050000000004,
        3.518977,
        3.1742179999999998,
        2.4078850000000003,
        2.638068,
        2.2264899999999996,
        2.3398339999999997,
        2.3730230000000003,
        2.6462510000000004,
        2.569159,
        2.66001,
        3.471336,
        2.5913180000000002,
        2.653806,
        2.691101,
        2.623542,
        2.464076,
        2.522228,
        3.267013,
        2.629823,
        0.0,
        2.709547,
        2.877573
    ],
    [
        1.378324,
        0.789005,
        0.161343,
        0.8873759999999999,
        0.833957,
        0.27466199999999996,
        1.1243589999999999,
        1.323169,
        1.282327,
        1.773021,
        0.816474,
        1.315262,
        1.2725799999999998,
        0.85842,
        0.34753500000000004,
        0.781541,
        1.268815,
        0.20133099999999998,
        0.779667,
        0.085408,
        0.154935,
        1.354872,
        0.070122,
        0.872664,
        0.19633799999999998,
        1.11091,
        0.046903,
        2.709547,
        0.0,
        2.789919
    ],
    [
        4.105957,
        2.3339540000000003,
        2.9329549999999998,
        2.514557,
        2.099434,
        3.077623,
        1.6655360000000001,
        1.9754559999999999,
        2.599228,
        1.935738,
        2.361423,
        1.75149,
        1.517339,
        2.074795,
        2.4423850000000003,
        3.300536,
        1.819573,
        2.718116,
        3.507299,
        2.85702,
        2.9265470000000002,
        1.966919,
        2.841733,
        2.066259,
        2.602601,
        2.415023,
        2.8185149999999997,
        2.877573,
        2.789919,
        0.0
    ]
]