[
    [
        0.0,
        0.10694799999999999,
        0.136899,
        0.33840699999999996,
        0.159005,
        0.116429,
        0.13078800000000002,
        0.193849,
        0.274132,
        0.079021,
        0.129388,
        0.806731,
        0.21606,
        2.025484
    ],
    [
        0.10694799999999999,
        0.0,
        0.106629,
        0.35802100000000003,
        0.12873400000000002,
        0.086159,
        0.150401,
        0.21346199999999999,
        0.243862,
        0.027927,
        0.149001,
        0.8263440000000001,
        0.18578999999999998,
        2.045097
    ],
    [
        0.136899,
        0.106629,
        0.0,
        0.387972,
        0.105537,
        0.02047,
        0.180352,
        0.24341300000000002,
        0.220665,
        0.078702,
        0.178952,
        0.8562949999999999,
        0.162593,
        2.075048
    ],
    [
        0.33840699999999996,
        0.35802100000000003,
        0.387972,
        0.0,
        0.410077,
        0.36750099999999997,
        0.20762,
        0.303526,
        0.525204,
        0.330093,
        0.241649,
        0.584562,
        0.46713299999999996,
        1.803315
    ],
    [
        0.159005,
        0.12873400000000002,
        0.105537,
        0.410077,
        0.0,
        0.08506699999999999,
        0.202457,
        0.265519,
        0.115127,
        0.10080700000000001,
        0.201058,
        0.8784,
        0.057055999999999996,
        2.0971529999999996
    ],
    [
        0.116429,
        0.086159,
        0.02047,
        0.36750099999999997,
        0.08506699999999999,
        0.0,
        0.159882,
        0.222943,
        0.20019399999999998,
        0.058231000000000005,
        0.158482,
        0.835825,
        0.142123,
        2.054578
    ],
    [
        0.13078800000000002,
        0.150401,
        0.180352,
        0.20762,
        0.202457,
        0.159882,
        0.0,
        0.098491,
        0.317585,
        0.122474,
        0.03403,
        0.675943,
        0.259513,
        1.894696
    ],
    [
        0.193849,
        0.21346199999999999,
        0.24341300000000002,
        0.303526,
        0.265519,
        0.222943,
        0.098491,
        0.0,
        0.38064600000000004,
        0.185535,
        0.064461,
        0.771849,
        0.322574,
        1.990602
    ],
    [
        0.274132,
        0.243862,
        0.220665,
        0.525204,
        0.115127,
        0.20019399999999998,
        0.317585,
        0.38064600000000004,
        0.0,
        0.215934,
        0.316185,
        0.993528,
        0.058072000000000006,
        2.212281
    ],
    [
        0.079021,
        0.027927,
        0.078702,
        0.330093,
        0.10080700000000001,
        0.058231000000000005,
        0.122474,
        0.185535,
        0.215934,
        0.0,
        0.121074,
        0.798417,
        0.157863,
        2.017169
    ],
    [
        0.129388,
        0.149001,
        0.178952,
        0.241649,
        0.201058,
        0.158482,
        0.03403,
        0.064461,
        0.316185,
        0.121074,
        0.0,
        0.709973,
        0.258113,
        1.9287260000000002
    ],
    [
        0.806731,
        0.8263440000000001,
        0.8562949999999999,
        0.584562,
        0.8784,
        0.835825,
        0.675943,
        0.771849,
        0.993528,
        0.798417,
        0.709973,
        0.0,
        0.9354560000000001,
        1.325798
    ],
    [
        0.21606,
        0.18578999999999998,
        0.162593,
        0.46713299999999996,
        0.057055999999999996,
        0.142123,
        0.259513,
        0.322574,
        0.058072000000000006,
        0.157863,
        0.258113,
        0.9354560000000001,
        0.0,
        2.154209
    ],
    [
        2.025484,
        2.045097,
        2.075048,
        1.803315,
        2.0971529999999996,
        2.054578,
        1.894696,
        1.990602,
        2.212281,
        2.017169,
        1.9287260000000002,
        1.325798,
        2.154209,
        0.0
    ]
]