[
    [
        0.0,
        2.470898,
        0.797621,
        2.752586,
        1.433171,
        1.5358720000000001,
        0.112527,
        1.8595419999999998,
        2.263517,
        0.396455,
        2.323613,
        1.472071,
        1.0063980000000001,
        2.112913,
        0.787415,
        1.729876,
        1.1142940000000001,
        0.630112,
        0.42010899999999995,
        0.275078
    ],
    [
        2.470898,
        0.0,
        1.7478889999999998,
        1.689195,
        2.911493,
        2.45363,
        2.3808499999999997,
        4.133103,
        4.201138,
        2.771868,
        3.84478,
        3.525949,
        2.073013,
        4.105926,
        2.709032,
        3.285082,
        3.387854,
        2.92377,
        2.69367,
        2.196456
    ],
    [
        0.797621,
        1.7478889999999998,
        0.0,
        1.997678,
        1.660047,
        1.3867729999999998,
        0.668866,
        2.5448380000000004,
        2.714241,
        1.0602660000000002,
        2.436757,
        1.962256,
        0.389237,
        2.542232,
        1.123861,
        1.858354,
        1.79959,
        1.220241,
        1.1054059999999999,
        0.566372
    ],
    [
        2.752586,
        1.689195,
        1.997678,
        0.0,
        2.329236,
        1.688421,
        2.7031709999999998,
        4.579144,
        3.904777,
        3.0945709999999997,
        3.008054,
        3.495261,
        2.078719,
        4.075237,
        2.694969,
        3.0176979999999998,
        3.94959,
        3.0158609999999997,
        3.1397109999999997,
        2.556625
    ],
    [
        1.433171,
        2.911493,
        1.660047,
        2.329236,
        0.0,
        0.656357,
        1.364633,
        2.712358,
        1.749774,
        1.616026,
        1.062669,
        1.1978810000000002,
        1.286716,
        1.777857,
        0.659858,
        0.862696,
        1.652209,
        1.5046659999999998,
        1.7062709999999999,
        1.692063
    ],
    [
        1.5358720000000001,
        2.45363,
        1.3867729999999998,
        1.688421,
        0.656357,
        0.0,
        1.472866,
        3.299083,
        2.423669,
        1.724258,
        1.5269469999999998,
        1.784605,
        1.0887829999999998,
        2.364582,
        1.100164,
        1.5365909999999998,
        2.238934,
        2.0913910000000002,
        1.814503,
        1.5998610000000002
    ],
    [
        0.112527,
        2.3808499999999997,
        0.668866,
        2.7031709999999998,
        1.364633,
        1.472866,
        0.0,
        1.875973,
        2.279947,
        0.40542399999999995,
        2.248464,
        1.488501,
        0.877644,
        2.129344,
        0.712265,
        1.6547260000000001,
        1.1307239999999998,
        0.565399,
        0.43654000000000004,
        0.34990899999999997
    ],
    [
        1.8595419999999998,
        4.133103,
        2.5448380000000004,
        4.579144,
        2.712358,
        3.299083,
        1.875973,
        0.0,
        1.5202200000000001,
        1.8755609999999998,
        3.445948,
        1.527852,
        2.7832179999999997,
        1.035772,
        2.1175680000000003,
        2.304893,
        1.0980509999999999,
        1.8939739999999998,
        1.525062,
        2.063626
    ],
    [
        2.263517,
        4.201138,
        2.714241,
        3.904777,
        1.749774,
        2.423669,
        2.279947,
        1.5202200000000001,
        0.0,
        1.6016,
        1.929219,
        0.831681,
        2.399386,
        0.620389,
        1.284295,
        1.165413,
        1.115136,
        1.2228910000000002,
        1.53999,
        2.4626799999999998
    ],
    [
        0.396455,
        2.771868,
        1.0602660000000002,
        3.0945709999999997,
        1.616026,
        1.724258,
        0.40542399999999995,
        1.8755609999999998,
        1.6016,
        0.0,
        2.448944,
        1.297836,
        1.207694,
        1.9386780000000001,
        0.912746,
        1.855207,
        0.940059,
        0.597699,
        0.24587399999999998,
        0.57704
    ],
    [
        2.323613,
        3.84478,
        2.436757,
        3.008054,
        1.062669,
        1.5269469999999998,
        2.248464,
        3.445948,
        1.929219,
        2.448944,
        0.0,
        1.81681,
        2.110582,
        2.547364,
        1.551101,
        1.04214,
        2.2711390000000002,
        2.123595,
        2.590078,
        2.583306
    ],
    [
        1.472071,
        3.525949,
        1.962256,
        3.495261,
        1.1978810000000002,
        1.784605,
        1.488501,
        1.527852,
        0.831681,
        1.297836,
        1.81681,
        0.0,
        1.6436,
        0.8034349999999999,
        0.676072,
        0.7770410000000001,
        0.462887,
        0.570641,
        0.784134,
        1.66278
    ],
    [
        1.0063980000000001,
        2.073013,
        0.389237,
        2.078719,
        1.286716,
        1.0887829999999998,
        0.877644,
        2.7832179999999997,
        2.399386,
        1.207694,
        2.110582,
        1.6436,
        0.0,
        2.2322480000000002,
        0.813878,
        1.5483699999999998,
        2.106601,
        1.13477,
        1.271703,
        0.6886169999999999
    ],
    [
        2.112913,
        4.105926,
        2.542232,
        4.075237,
        1.777857,
        2.364582,
        2.129344,
        1.035772,
        0.620389,
        1.9386780000000001,
        2.547364,
        0.8034349999999999,
        2.2322480000000002,
        0.0,
        1.256049,
        1.389963,
        0.956523,
        1.194645,
        1.3813769999999999,
        2.304067
    ],
    [
        0.787415,
        2.709032,
        1.123861,
        2.694969,
        0.659858,
        1.100164,
        0.712265,
        2.1175680000000003,
        1.284295,
        0.912746,
        1.551101,
        0.676072,
        0.813878,
        1.256049,
        0.0,
        0.8229299999999999,
        1.0406410000000001,
        0.320892,
        1.0690119999999999,
        1.054804
    ],
    [
        1.729876,
        3.285082,
        1.858354,
        3.0176979999999998,
        0.862696,
        1.5365909999999998,
        1.6547260000000001,
        2.304893,
        1.165413,
        1.855207,
        1.04214,
        0.7770410000000001,
        1.5483699999999998,
        1.389963,
        0.8229299999999999,
        0.0,
        1.224109,
        1.0765660000000001,
        1.543048,
        1.992593
    ],
    [
        1.1142940000000001,
        3.387854,
        1.79959,
        3.94959,
        1.652209,
        2.238934,
        1.1307239999999998,
        1.0980509999999999,
        1.115136,
        0.940059,
        2.2711390000000002,
        0.462887,
        2.106601,
        0.956523,
        1.0406410000000001,
        1.224109,
        0.0,
        0.8170470000000001,
        0.60237,
        1.305003
    ],
    [
        0.630112,
        2.92377,
        1.220241,
        3.0158609999999997,
        1.5046659999999998,
        2.0913910000000002,
        0.565399,
        1.8939739999999998,
        1.2228910000000002,
        0.597699,
        2.123595,
        0.570641,
        1.13477,
        1.194645,
        0.320892,
        1.0765660000000001,
        0.8170470000000001,
        0.0,
        1.0970090000000001,
        0.892829
    ],
    [
        0.42010899999999995,
        2.69367,
        1.1054059999999999,
        3.1397109999999997,
        1.7062709999999999,
        1.814503,
        0.43654000000000004,
        1.525062,
        1.53999,
        0.24587399999999998,
        2.590078,
        0.784134,
        1.271703,
        1.3813769999999999,
        1.0690119999999999,
        1.543048,
        0.60237,
        1.0970090000000001,
        0.0,
        0.610818
    ],
    [
        0.275078,
        2.196456,
        0.566372,
        2.556625,
        1.692063,
        1.5998610000000002,
        0.34990899999999997,
        2.063626,
        2.4626799999999998,
        0.57704,
        2.583306,
        1.66278,
        0.6886169999999999,
        2.304067,
        1.054804,
        1.992593,
        1.305003,
        0.892829,
        0.610818,
        0.0
    ]
]