[
    [
        0.0,
        1.047587,
        0.6938949999999999,
        0.863169,
        1.1893099999999999,
        2.3530279999999997,
        1.463105,
        0.700646,
        1.1862059999999999,
        2.361437,
        2.075335,
        1.1319590000000002,
        0.831673,
        0.610799,
        1.1041880000000002,
        1.392759,
        3.407618,
        3.7773000000000003,
        0.835784,
        0.6645019999999999
    ],
    [
        1.047587,
        0.0,
        0.437243,
        0.450567,
        0.512956,
        2.58109,
        2.5135650000000003,
        0.531704,
        0.901051,
        1.762332,
        2.3170439999999997,
        0.6116330000000001,
        0.215914,
        0.888069,
        1.166304,
        2.437068,
        2.6304499999999997,
        3.000133,
        0.38903699999999997,
        0.454168
    ],
    [
        0.6938949999999999,
        0.437243,
        0.0,
        0.169274,
        0.5789650000000001,
        2.458643,
        2.159873,
        0.282401,
        0.7786040000000001,
        1.6674749999999998,
        2.2550749999999997,
        0.6776420000000001,
        0.221329,
        0.763235,
        1.043857,
        2.0833760000000003,
        2.7392510000000003,
        3.108933,
        0.14189,
        0.035011
    ],
    [
        0.863169,
        0.450567,
        0.169274,
        0.0,
        0.655034,
        2.627917,
        2.329147,
        0.45167599999999997,
        0.947878,
        1.4729079999999999,
        2.3607750000000003,
        0.75371,
        0.39060300000000003,
        0.932509,
        1.2131310000000002,
        2.25265,
        2.67202,
        3.0417020000000003,
        0.06153,
        0.204285
    ],
    [
        1.1893099999999999,
        0.512956,
        0.5789650000000001,
        0.655034,
        0.0,
        2.39576,
        2.4157159999999998,
        0.569917,
        0.7937799999999999,
        1.819681,
        1.811542,
        0.247528,
        0.481308,
        0.745365,
        1.010077,
        2.3925590000000003,
        2.315214,
        2.684896,
        0.6003160000000001,
        0.719562
    ],
    [
        2.3530279999999997,
        2.58109,
        2.458643,
        2.627917,
        2.39576,
        0.0,
        2.5604270000000002,
        2.3272199999999996,
        1.737056,
        3.898994,
        0.6143289999999999,
        1.9935889999999998,
        2.463542,
        2.075222,
        1.5720239999999999,
        2.85205,
        2.380231,
        2.4002939999999997,
        2.609047,
        2.484083
    ],
    [
        1.463105,
        2.5135650000000003,
        2.159873,
        2.329147,
        2.4157159999999998,
        2.5604270000000002,
        0.0,
        2.0627809999999998,
        2.2964,
        3.68698,
        2.416006,
        2.297031,
        2.29312,
        1.693738,
        1.916284,
        0.623181,
        4.261127999999999,
        4.6476869999999995,
        2.297231,
        2.1259479999999997
    ],
    [
        0.700646,
        0.531704,
        0.282401,
        0.45167599999999997,
        0.569917,
        2.3272199999999996,
        2.0627809999999998,
        0.0,
        0.6386660000000001,
        1.935098,
        2.115138,
        0.584419,
        0.344721,
        0.480834,
        0.903919,
        1.976673,
        2.803217,
        3.1728989999999997,
        0.424291,
        0.299327
    ],
    [
        1.1862059999999999,
        0.901051,
        0.7786040000000001,
        0.947878,
        0.7937799999999999,
        1.737056,
        2.2964,
        0.6386660000000001,
        0.0,
        2.339718,
        1.476471,
        0.256533,
        0.810261,
        0.6924389999999999,
        0.488498,
        2.4082559999999997,
        2.197572,
        2.5672539999999997,
        0.955766,
        0.830802
    ],
    [
        2.361437,
        1.762332,
        1.6674749999999998,
        1.4729079999999999,
        1.819681,
        3.898994,
        3.68698,
        1.935098,
        2.339718,
        0.0,
        3.280596,
        1.9702149999999998,
        1.708731,
        2.2923679999999997,
        2.570604,
        3.570455,
        2.350648,
        3.265342,
        1.572609,
        1.7025530000000002
    ],
    [
        2.075335,
        2.3170439999999997,
        2.2550749999999997,
        2.3607750000000003,
        1.811542,
        0.6143289999999999,
        2.416006,
        2.115138,
        1.476471,
        3.280596,
        0.0,
        1.617491,
        2.180237,
        1.797529,
        1.294331,
        2.70763,
        2.161701,
        2.3188310000000003,
        2.299245,
        2.30383
    ],
    [
        1.1319590000000002,
        0.6116330000000001,
        0.6776420000000001,
        0.75371,
        0.247528,
        1.9935889999999998,
        2.297031,
        0.584419,
        0.256533,
        1.9702149999999998,
        1.617491,
        0.0,
        0.545096,
        0.638192,
        0.664206,
        2.354009,
        2.188638,
        2.55832,
        0.901519,
        0.776555
    ],
    [
        0.831673,
        0.215914,
        0.221329,
        0.39060300000000003,
        0.481308,
        2.463542,
        2.29312,
        0.344721,
        0.810261,
        1.708731,
        2.180237,
        0.545096,
        0.0,
        0.732749,
        1.010985,
        2.221155,
        2.5759450000000004,
        2.9456260000000003,
        0.326661,
        0.238254
    ],
    [
        0.610799,
        0.888069,
        0.763235,
        0.932509,
        0.745365,
        2.075222,
        1.693738,
        0.480834,
        0.6924389999999999,
        2.2923679999999997,
        1.797529,
        0.638192,
        0.732749,
        0.0,
        0.621163,
        1.768281,
        2.814654,
        3.1843359999999996,
        0.9210349999999999,
        0.759319
    ],
    [
        1.1041880000000002,
        1.166304,
        1.043857,
        1.2131310000000002,
        1.010077,
        1.5720239999999999,
        1.916284,
        0.903919,
        0.488498,
        2.570604,
        1.294331,
        0.664206,
        1.010985,
        0.621163,
        0.0,
        2.0694690000000002,
        2.5518110000000003,
        2.913102,
        1.22102,
        1.096055
    ],
    [
        1.392759,
        2.437068,
        2.0833760000000003,
        2.25265,
        2.3925590000000003,
        2.85205,
        0.623181,
        1.976673,
        2.4082559999999997,
        3.570455,
        2.70763,
        2.354009,
        2.221155,
        1.768281,
        2.0694690000000002,
        0.0,
        4.621073,
        4.939310000000001,
        2.211123,
        2.03984
    ],
    [
        3.407618,
        2.6304499999999997,
        2.7392510000000003,
        2.67202,
        2.315214,
        2.380231,
        4.261127999999999,
        2.803217,
        2.197572,
        2.350648,
        2.161701,
        2.188638,
        2.5759450000000004,
        2.814654,
        2.5518110000000003,
        4.621073,
        0.0,
        1.004628,
        2.594219,
        2.772172
    ],
    [
        3.7773000000000003,
        3.000133,
        3.108933,
        3.0417020000000003,
        2.684896,
        2.4002939999999997,
        4.6476869999999995,
        3.1728989999999997,
        2.5672539999999997,
        3.265342,
        2.3188310000000003,
        2.55832,
        2.9456260000000003,
        3.1843359999999996,
        2.913102,
        4.939310000000001,
        1.004628,
        0.0,
        2.97798,
        3.155932
    ],
    [
        0.835784,
        0.38903699999999997,
        0.14189,
        0.06153,
        0.6003160000000001,
        2.609047,
        2.297231,
        0.424291,
        0.955766,
        1.572609,
        2.299245,
        0.901519,
        0.326661,
        0.9210349999999999,
        1.22102,
        2.211123,
        2.594219,
        2.97798,
        0.0,
        0.177952
    ],
    [
        0.6645019999999999,
        0.454168,
        0.035011,
        0.204285,
        0.719562,
        2.484083,
        2.1259479999999997,
        0.299327,
        0.830802,
        1.7025530000000002,
        2.30383,
        0.776555,
        0.238254,
        0.759319,
        1.096055,
        2.03984,
        2.772172,
        3.155932,
        0.177952,
        0.0
    ]
]