[
    [
        0.0,
        1.8727639999999999,
        3.1691860000000003,
        1.375235,
        1.5296859999999999,
        3.01191,
        1.292977,
        3.7003589999999997,
        1.692487,
        2.0279480000000003,
        1.412931,
        1.153963,
        4.822499,
        1.77601,
        1.0388979999999999,
        1.721958,
        1.5416990000000002,
        1.8195409999999999,
        1.833002,
        1.961256
    ],
    [
        1.8727639999999999,
        0.0,
        1.980941,
        0.629621,
        0.8308289999999999,
        1.769902,
        0.6346689999999999,
        2.45835,
        2.851058,
        0.6350520000000001,
        2.016437,
        0.790796,
        2.9450540000000003,
        0.433031,
        0.9108809999999999,
        0.45863,
        0.688498,
        1.645952,
        0.333167,
        0.48087599999999997
    ],
    [
        3.1691860000000003,
        1.980941,
        0.0,
        1.938869,
        1.790566,
        0.21104,
        1.986484,
        0.546481,
        3.783512,
        1.3591849999999999,
        2.642986,
        2.162148,
        2.7567440000000003,
        1.588737,
        2.282234,
        1.8750719999999998,
        1.798867,
        1.449374,
        1.638163,
        1.653429
    ],
    [
        1.375235,
        0.629621,
        1.938869,
        0.0,
        0.268197,
        1.7224949999999999,
        0.047615000000000005,
        2.4109439999999998,
        2.263719,
        0.726299,
        1.429097,
        0.22328,
        3.521455,
        0.47436,
        0.34336500000000003,
        0.42264999999999997,
        0.169148,
        1.083321,
        0.5313519999999999,
        0.659606
    ],
    [
        1.5296859999999999,
        0.8308289999999999,
        1.790566,
        0.268197,
        0.0,
        1.618706,
        0.31581200000000004,
        2.3071550000000003,
        2.412688,
        0.697046,
        1.502412,
        0.491477,
        3.417111,
        0.675567,
        0.611562,
        0.623857,
        0.16227,
        0.815123,
        0.73256,
        0.860814
    ],
    [
        3.01191,
        1.769902,
        0.21104,
        1.7224949999999999,
        1.618706,
        0.0,
        1.775444,
        0.688449,
        3.640235,
        1.148145,
        2.499708,
        1.951109,
        2.9431640000000003,
        1.377697,
        2.0711939999999998,
        1.6640329999999999,
        1.587827,
        1.2924259999999999,
        1.427124,
        1.442389
    ],
    [
        1.292977,
        0.6346689999999999,
        1.986484,
        0.047615000000000005,
        0.31581200000000004,
        1.775444,
        0.0,
        2.458559,
        2.2203760000000003,
        0.731346,
        1.385755,
        0.195473,
        3.526502,
        0.47940699999999997,
        0.31555900000000003,
        0.427697,
        0.216763,
        1.130936,
        0.5364,
        0.664654
    ],
    [
        3.7003589999999997,
        2.45835,
        0.546481,
        2.4109439999999998,
        2.3071550000000003,
        0.688449,
        2.458559,
        0.0,
        4.2671090000000005,
        1.812597,
        3.126583,
        2.678245,
        3.0183809999999998,
        2.0597440000000002,
        2.798331,
        2.3460799999999997,
        2.2698739999999997,
        1.932972,
        2.0915749999999997,
        2.10684
    ],
    [
        1.692487,
        2.851058,
        3.783512,
        2.263719,
        2.412688,
        3.640235,
        2.2203760000000003,
        4.2671090000000005,
        0.0,
        2.985292,
        1.316002,
        2.11965,
        5.7401279999999995,
        2.733353,
        2.005599,
        2.676026,
        2.456352,
        2.4606179999999997,
        2.784729,
        2.918599
    ],
    [
        2.0279480000000003,
        0.6350520000000001,
        1.3591849999999999,
        0.726299,
        0.697046,
        1.148145,
        0.731346,
        1.812597,
        2.985292,
        0.0,
        2.113114,
        0.887473,
        2.816375,
        0.268972,
        1.0075589999999999,
        0.555308,
        0.479102,
        1.14971,
        0.300803,
        0.28744200000000003
    ],
    [
        1.412931,
        2.016437,
        2.642986,
        1.429097,
        1.502412,
        2.499708,
        1.385755,
        3.126583,
        1.316002,
        2.113114,
        0.0,
        1.3583340000000002,
        4.660727,
        1.809085,
        1.266858,
        1.757375,
        1.537701,
        1.266586,
        1.866078,
        1.9943320000000002
    ],
    [
        1.153963,
        0.790796,
        2.162148,
        0.22328,
        0.491477,
        1.951109,
        0.195473,
        2.678245,
        2.11965,
        0.887473,
        1.3583340000000002,
        0.0,
        3.677095,
        0.63,
        0.208499,
        0.5759489999999999,
        0.392428,
        1.245549,
        0.6869930000000001,
        0.815246
    ],
    [
        4.822499,
        2.9450540000000003,
        2.7567440000000003,
        3.521455,
        3.417111,
        2.9431640000000003,
        3.526502,
        3.0183809999999998,
        5.7401279999999995,
        2.816375,
        4.660727,
        3.677095,
        0.0,
        2.992169,
        3.730756,
        3.278505,
        3.202299,
        3.701654,
        3.021161,
        2.789889
    ],
    [
        1.77601,
        0.433031,
        1.588737,
        0.47436,
        0.675567,
        1.377697,
        0.47940699999999997,
        2.0597440000000002,
        2.733353,
        0.268972,
        1.809085,
        0.63,
        2.992169,
        0.0,
        0.75562,
        0.30336900000000006,
        0.306324,
        1.368073,
        0.187015,
        0.20228
    ],
    [
        1.0388979999999999,
        0.9108809999999999,
        2.282234,
        0.34336500000000003,
        0.611562,
        2.0711939999999998,
        0.31555900000000003,
        2.798331,
        2.005599,
        1.0075589999999999,
        1.266858,
        0.208499,
        3.730756,
        0.75562,
        0.0,
        0.696034,
        0.512513,
        1.1984480000000002,
        0.807078,
        0.9353319999999999
    ],
    [
        1.721958,
        0.45863,
        1.8750719999999998,
        0.42264999999999997,
        0.623857,
        1.6640329999999999,
        0.427697,
        2.3460799999999997,
        2.676026,
        0.555308,
        1.757375,
        0.5759489999999999,
        3.278505,
        0.30336900000000006,
        0.696034,
        0.0,
        0.481527,
        1.438981,
        0.360362,
        0.488615
    ],
    [
        1.5416990000000002,
        0.688498,
        1.798867,
        0.169148,
        0.16227,
        1.587827,
        0.216763,
        2.2698739999999997,
        2.456352,
        0.479102,
        1.537701,
        0.392428,
        3.202299,
        0.306324,
        0.512513,
        0.481527,
        0.0,
        0.9949840000000001,
        0.39714499999999997,
        0.41241
    ],
    [
        1.8195409999999999,
        1.645952,
        1.449374,
        1.083321,
        0.815123,
        1.2924259999999999,
        1.130936,
        1.932972,
        2.4606179999999997,
        1.14971,
        1.266586,
        1.245549,
        3.701654,
        1.368073,
        1.1984480000000002,
        1.438981,
        0.9949840000000001,
        0.0,
        1.4290640000000001,
        1.444329
    ],
    [
        1.833002,
        0.333167,
        1.638163,
        0.5313519999999999,
        0.73256,
        1.427124,
        0.5364,
        2.0915749999999997,
        2.784729,
        0.300803,
        1.866078,
        0.6869930000000001,
        3.021161,
        0.187015,
        0.807078,
        0.360362,
        0.39714499999999997,
        1.4290640000000001,
        0.0,
        0.23103800000000002
    ],
    [
        1.961256,
        0.48087599999999997,
        1.653429,
        0.659606,
        0.860814,
        1.442389,
        0.664654,
        2.10684,
        2.918599,
        0.28744200000000003,
        1.9943320000000002,
        0.815246,
        2.789889,
        0.20228,
        0.9353319999999999,
        0.488615,
        0.41241,
        1.444329,
        0.23103800000000002,
        0.0
    ]
]