[
    [
        0.0,
        1.0923910000000001,
        3.270128,
        0.686014,
        0.775704,
        0.709662,
        1.552649,
        3.1522229999999998,
        1.0641859999999999,
        0.559085,
        0.971583,
        1.172559,
        1.682471,
        1.888395,
        0.43064199999999997,
        0.620136,
        1.596641,
        2.095889,
        0.482637,
        0.29725
    ],
    [
        1.0923910000000001,
        0.0,
        2.4590590000000003,
        0.77175,
        0.359995,
        1.585945,
        0.52954,
        2.129113,
        0.570119,
        0.617795,
        1.834471,
        0.105639,
        0.833913,
        1.627239,
        1.429886,
        1.5523989999999999,
        0.915586,
        2.972171,
        1.481881,
        0.8194210000000001
    ],
    [
        3.270128,
        2.4590590000000003,
        0.0,
        2.636037,
        2.819054,
        3.5100749999999996,
        2.427305,
        1.743955,
        3.029178,
        3.0194720000000004,
        4.139526,
        2.489089,
        2.729285,
        2.16262,
        3.402714,
        3.810873,
        1.937954,
        4.787345,
        3.454709,
        2.972259
    ],
    [
        0.686014,
        0.77175,
        2.636037,
        0.0,
        0.686138,
        0.944102,
        1.273999,
        2.573328,
        1.243818,
        0.6467459999999999,
        1.554922,
        0.8500979999999999,
        1.594835,
        1.220015,
        0.836741,
        1.244901,
        0.962549,
        2.330328,
        0.888737,
        0.349404
    ],
    [
        0.775704,
        0.359995,
        2.819054,
        0.686138,
        0.0,
        1.268349,
        0.819345,
        2.418918,
        0.6000789999999999,
        0.300199,
        1.4447260000000002,
        0.43925400000000003,
        0.999014,
        1.7921259999999999,
        1.11229,
        1.162654,
        1.274672,
        2.654576,
        1.1642860000000002,
        0.501825
    ],
    [
        0.709662,
        1.585945,
        3.5100749999999996,
        0.944102,
        1.268349,
        0.0,
        2.045295,
        3.4473649999999996,
        1.6993340000000001,
        1.051731,
        1.1403610000000002,
        1.615981,
        2.224964,
        2.018948,
        0.323093,
        0.7312519999999999,
        1.836587,
        1.3862260000000002,
        0.352371,
        0.7657459999999999
    ],
    [
        1.552649,
        0.52954,
        2.427305,
        1.273999,
        0.819345,
        2.045295,
        0.0,
        1.571693,
        0.773091,
        1.077145,
        2.2123690000000003,
        0.448698,
        0.424965,
        2.129488,
        1.889235,
        1.930297,
        1.417834,
        3.431521,
        1.941231,
        1.27877
    ],
    [
        3.1522229999999998,
        2.129113,
        1.743955,
        2.573328,
        2.418918,
        3.4473649999999996,
        1.571693,
        0.0,
        2.337304,
        2.717872,
        3.853096,
        2.089424,
        1.853329,
        2.83018,
        3.5888470000000003,
        3.571024,
        2.19496,
        4.973479,
        3.640843,
        2.919497
    ],
    [
        1.0641859999999999,
        0.570119,
        3.029178,
        1.243818,
        0.6000789999999999,
        1.6993340000000001,
        0.773091,
        2.337304,
        0.0,
        0.897141,
        1.653411,
        0.638134,
        0.590109,
        2.1973580000000004,
        1.4203130000000002,
        1.3713389999999999,
        1.4857049999999998,
        3.012734,
        1.4723089999999999,
        1.098767
    ],
    [
        0.559085,
        0.617795,
        3.0194720000000004,
        0.6467459999999999,
        0.300199,
        1.051731,
        1.077145,
        2.717872,
        0.897141,
        0.0,
        1.245012,
        0.697055,
        1.256814,
        1.752734,
        0.895672,
        0.962939,
        1.442456,
        2.437957,
        0.947667,
        0.462433
    ],
    [
        0.971583,
        1.834471,
        4.139526,
        1.554922,
        1.4447260000000002,
        1.1403610000000002,
        2.2123690000000003,
        3.853096,
        1.653411,
        1.245012,
        0.0,
        1.91373,
        2.2973980000000003,
        2.7288560000000004,
        0.817268,
        0.45648,
        2.4660390000000003,
        1.392828,
        0.822562,
        1.315904
    ],
    [
        1.172559,
        0.105639,
        2.489089,
        0.8500979999999999,
        0.43925400000000003,
        1.615981,
        0.448698,
        2.089424,
        0.638134,
        0.697055,
        1.91373,
        0.0,
        0.7695339999999999,
        1.705586,
        1.510054,
        1.632567,
        0.993933,
        3.05234,
        1.56205,
        0.8995890000000001
    ],
    [
        1.682471,
        0.833913,
        2.729285,
        1.594835,
        0.999014,
        2.224964,
        0.424965,
        1.853329,
        0.590109,
        1.256814,
        2.2973980000000003,
        0.7695339999999999,
        0.0,
        2.450323,
        2.068259,
        2.014749,
        1.7386700000000002,
        3.656143,
        2.2103099999999998,
        1.457794
    ],
    [
        1.888395,
        1.627239,
        2.16262,
        1.220015,
        1.7921259999999999,
        2.018948,
        2.129488,
        2.83018,
        2.1973580000000004,
        1.752734,
        2.7288560000000004,
        1.705586,
        2.450323,
        0.0,
        1.9320650000000001,
        2.340224,
        0.8774959999999999,
        2.9226680000000003,
        1.98406,
        1.611896
    ],
    [
        0.43064199999999997,
        1.429886,
        3.402714,
        0.836741,
        1.11229,
        0.323093,
        1.889235,
        3.5888470000000003,
        1.4203130000000002,
        0.895672,
        0.817268,
        1.510054,
        2.068259,
        1.9320650000000001,
        0.0,
        0.408159,
        1.7292260000000002,
        1.709319,
        0.051996,
        0.613019
    ],
    [
        0.620136,
        1.5523989999999999,
        3.810873,
        1.244901,
        1.162654,
        0.7312519999999999,
        1.930297,
        3.571024,
        1.3713389999999999,
        0.962939,
        0.45648,
        1.632567,
        2.014749,
        2.340224,
        0.408159,
        0.0,
        2.137385,
        1.815802,
        0.41345299999999996,
        1.001247
    ],
    [
        1.596641,
        0.915586,
        1.937954,
        0.962549,
        1.274672,
        1.836587,
        1.417834,
        2.19496,
        1.4857049999999998,
        1.442456,
        2.4660390000000003,
        0.993933,
        1.7386700000000002,
        0.8774959999999999,
        1.7292260000000002,
        2.137385,
        0.0,
        2.91464,
        1.781222,
        1.298771
    ],
    [
        2.095889,
        2.972171,
        4.787345,
        2.330328,
        2.654576,
        1.3862260000000002,
        3.431521,
        4.973479,
        3.012734,
        2.437957,
        1.392828,
        3.05234,
        3.656143,
        2.9226680000000003,
        1.709319,
        1.815802,
        2.91464,
        0.0,
        1.600947,
        2.17908
    ],
    [
        0.482637,
        1.481881,
        3.454709,
        0.888737,
        1.1642860000000002,
        0.352371,
        1.941231,
        3.640843,
        1.4723089999999999,
        0.947667,
        0.822562,
        1.56205,
        2.2103099999999998,
        1.98406,
        0.051996,
        0.41345299999999996,
        1.781222,
        1.600947,
        0.0,
        0.665015
    ],
    [
        0.29725,
        0.8194210000000001,
        2.972259,
        0.349404,
        0.501825,
        0.7657459999999999,
        1.27877,
        2.919497,
        1.098767,
        0.462433,
        1.315904,
        0.8995890000000001,
        1.457794,
        1.611896,
        0.613019,
        1.001247,
        1.298771,
        2.17908,
        0.665015,
        0.0
    ]
]