[
  [
    0.0, 0.9724109999999999, 0.886861, 0.316471, 1.529312, 0.933367,
    1.3799649999999999, 0.40494, 3.108206, 1.523782, 0.378919, 0.110671,
    2.395977, 1.5772760000000001, 1.548703, 0.914646, 3.196737, 3.860728,
    3.034169, 0.524636, 3.165722, 3.499647, 1.058565, 3.235866, 4.587688,
    1.876067, 0.336065, 1.581709, 1.109807, 2.8522939999999997, 3.378236,
    2.6627080000000003, 3.708812, 3.246319, 1.356268, 3.529709, 2.1496,
    1.3700999999999999, 1.334707, 1.488406, 1.573634, 1.273201, 1.786249,
    1.2893189999999999, 0.756912, 1.776086, 3.313705, 2.01195, 4.17066, 3.70454,
    3.804382, 1.00176, 3.8169250000000003, 1.276621, 3.337118, 1.966818,
    3.437982, 3.091635, 0.840712, 0.9639589999999999, 1.919854, 1.822114,
    2.068641, 1.006819, 1.3611769999999999, 2.317924, 2.661317, 1.255325,
    1.8755920000000001, 1.738363, 1.9506269999999999, 1.590278,
    0.5002989999999999, 1.299135, 4.074294, 1.2186510000000002, 2.071936,
    0.395803
  ],
  [
    0.9724109999999999, 0.0, 0.085551, 0.678753, 1.755, 1.1590550000000002,
    0.651248, 1.088849, 2.436974, 1.74947, 0.597807, 1.087397,
    1.9586389999999998, 1.338908, 1.774391, 0.057765000000000004,
    2.4924850000000003, 3.188963, 2.423636, 0.486851, 2.461471, 2.795395,
    0.24438200000000002, 2.531615, 4.035451, 1.1473499999999999, 1.281188,
    1.343341, 1.3354949999999999, 2.343852, 2.775495, 2.518373,
    3.0914119999999996, 2.638628, 0.627552, 2.821511, 1.641158, 1.926422,
    1.144385, 1.274578, 1.94714, 0.5444840000000001, 1.454877, 1.092139,
    1.358813, 1.71744, 2.977223, 1.503508, 3.78886, 3.0002890000000004,
    3.118782, 0.187577, 3.1126729999999996, 1.062792, 2.741348,
    1.2381010000000001, 2.902291, 2.555943, 1.415558, 1.5388060000000001,
    1.681485, 1.583746, 1.830272, 0.6540069999999999, 0.729105, 1.809482,
    1.957065, 0.6127319999999999, 1.6372229999999999, 1.499995, 1.222121,
    1.073987, 0.587938, 1.060766, 3.3700419999999998, 1.0487270000000002,
    1.833567, 0.7994049999999999
  ],
  [
    0.886861, 0.085551, 0.0, 0.640102, 1.669449, 1.073504, 0.671735,
    1.0501980000000002, 2.457461, 1.6639190000000001, 0.559157,
    0.9975320000000001, 1.979125, 1.253357, 1.68884, 0.027786, 2.479114,
    3.175591, 2.4441230000000003, 0.448201, 2.4480999999999997, 2.782024,
    0.17170500000000002, 2.518243, 4.055938, 1.167837, 1.195638, 1.25779,
    1.249944, 2.364338, 2.7959810000000003, 2.507859, 3.0780410000000002,
    2.659115, 0.648038, 2.80814, 1.661645, 1.915908, 1.058835, 1.189027,
    1.936625, 0.564971, 1.475363, 1.006588, 1.348299, 1.706926, 2.997709,
    1.523995, 3.8093470000000003, 2.986917, 3.105411, 0.114899,
    3.0993020000000002, 0.977241, 2.761835, 1.258587, 2.922777,
    2.5764299999999998, 1.4050440000000002, 1.528292, 1.5959349999999999,
    1.498195, 1.7447219999999999, 0.5684560000000001, 0.643555, 1.829969,
    1.943694, 0.527182, 1.551672, 1.414444, 1.29398, 0.988436, 0.502387,
    0.975216, 3.356671, 0.9631770000000001, 1.748016, 0.713854
  ],
  [
    0.316471, 0.678753, 0.640102, 0.0, 1.7306020000000002, 1.134657, 1.081991,
    0.428593, 2.825967, 1.725072, 0.08094499999999999, 0.427142, 2.113737,
    1.674197, 1.7499939999999998, 0.671453, 2.923228, 3.5784890000000003,
    2.751929, 0.226662, 2.892214, 3.2261390000000003, 0.778919, 2.962358,
    4.305448, 1.578094, 0.6525359999999999, 1.67863, 1.311097, 2.570055,
    3.095996, 2.380469, 3.426573, 2.96408, 1.058295, 3.24747, 1.867361,
    1.393754, 1.455135, 1.585327, 1.5972870000000001, 0.975228, 1.50401,
    1.402888, 0.7805650000000001, 1.534233, 3.0314650000000003, 1.729711,
    3.8884209999999997, 3.431032, 3.5221430000000002, 0.722114, 3.543417,
    1.373541, 3.054879, 1.668844, 3.1557429999999997, 2.809395, 0.864366,
    0.9876130000000001, 2.016775, 1.919035, 2.165562, 0.9584400000000001,
    1.160489, 2.035685, 2.3878090000000003, 1.051339, 1.972512,
    1.8352840000000001, 1.652864, 1.541898, 0.41170100000000004, 1.396055,
    3.800786, 1.315572, 2.1688560000000003, 0.492724
  ],
  [
    1.529312, 1.755, 1.669449, 1.7306020000000002, 0.0, 0.5959450000000001,
    2.221719, 1.8190709999999999, 4.103738999999999, 0.277383, 1.79305,
    1.4895129999999999, 3.722359, 1.578447, 0.290996, 1.6972349999999998,
    3.852732, 4.549208999999999, 4.01746, 1.826447, 3.8217179999999997,
    4.155641999999999, 1.903482, 3.891861, 5.64266, 2.889504, 1.324557, 1.58288,
    0.41950400000000004, 4.001002, 4.369319000000001, 3.98909,
    4.451658999999999, 4.174919, 2.25629, 4.181757999999999, 3.331094, 2.784231,
    1.1662190000000001, 1.304099, 2.987765, 2.23442, 3.112632, 1.120831,
    2.171043, 3.190217, 4.640087, 3.193444, 5.382684, 4.360535, 4.47903,
    1.784348, 4.47292, 1.114283, 4.335173, 2.810745, 4.496115, 4.149768,
    2.2548429999999997, 2.3780900000000003, 1.921025, 1.823285,
    2.0698119999999998, 1.4006880000000002, 2.017173, 3.4994169999999998,
    3.317312, 1.9286969999999999, 1.876762, 1.7395340000000001, 2.667598,
    1.637301, 1.49282, 1.300305, 4.714929, 1.0498340000000002, 2.073106,
    1.237878
  ],
  [
    0.933367, 1.1590550000000002, 1.073504, 1.134657, 0.5959450000000001, 0.0,
    1.629503, 1.223126, 3.514218, 0.5904149999999999, 1.197105, 0.893568,
    3.126414, 1.178684, 0.615337, 1.1012899999999999, 3.26321,
    3.9596880000000003, 3.424611, 1.230502, 3.232197, 3.566121,
    1.2701559999999998, 3.30234, 5.053138, 2.299982, 0.728611, 1.183117,
    0.17643999999999999, 3.41148, 3.779798, 3.390832, 3.862137, 3.585398,
    1.6640730000000001, 3.592237, 2.735149, 2.188286, 0.766456, 0.904336,
    2.39182, 1.638475, 2.516687, 0.7210679999999999, 1.5750979999999999,
    2.594272, 4.044142, 2.597499, 4.793163, 3.771014, 3.8895079999999997,
    1.188403, 3.883398, 0.7145199999999999, 3.7456509999999996,
    2.2212240000000003, 3.906593, 3.5602460000000002, 1.658898, 1.782146,
    1.521262, 1.423522, 1.670049, 0.8047430000000001, 1.427651,
    2.9034720000000003, 2.7277910000000003, 1.321799, 1.476999, 1.339771,
    2.0780770000000004, 1.237538, 0.896875, 0.9005420000000001, 4.125407,
    0.6500710000000001, 1.673343, 0.641933
  ],
  [
    1.3799649999999999, 0.651248, 0.671735, 1.081991, 2.221719, 1.629503, 0.0,
    1.4920879999999999, 1.804337, 2.230871, 1.001046, 1.490636,
    1.7822470000000001, 1.145707, 2.255793, 0.643949, 1.8776659999999998,
    2.574143, 1.848726, 0.89009, 1.846652, 2.180576, 0.753802, 1.916795,
    3.4638690000000003, 0.682628, 1.71603, 1.115557, 1.805943, 1.835595,
    2.203913, 2.425994, 2.476593, 1.941813, 0.056304, 2.206692, 1.464766,
    2.164732, 1.364712, 1.494905, 2.18545, 0.16228700000000001, 1.344393,
    1.312466, 1.6486210000000001, 1.95575, 2.800831, 1.327116, 3.217278,
    2.385469, 2.503963, 0.692766, 2.497854, 1.283119, 2.169766, 0.60387,
    2.330708, 1.984361, 1.675766, 1.799013, 1.4727139999999999,
    1.3749749999999998, 1.58566, 0.8693780000000001, 0.319401, 1.63309,
    1.2332539999999999, 0.41992399999999996, 1.428452, 1.291223,
    0.5708730000000001, 0.735012, 1.109189, 1.198487, 2.755223,
    1.2690540000000001, 1.6247960000000001, 1.320656
  ],
  [
    0.40494, 1.088849, 1.0501980000000002, 0.428593, 1.8190709999999999,
    1.223126, 1.4920879999999999, 0.0, 2.885894, 1.8135409999999998, 0.491041,
    0.358496, 2.173664, 1.7626659999999998, 1.838463, 1.0815489999999999,
    3.2933499999999998, 3.6384160000000003, 2.811856, 0.636758, 3.351112,
    3.685036, 1.1890150000000002, 3.421255, 4.365375, 1.8693140000000001,
    0.654763, 1.767099, 1.399566, 2.6299810000000003, 3.1559229999999996,
    2.40671, 3.4865, 3.024007, 1.468391, 3.307397, 1.9272880000000001, 0.96516,
    1.543604, 1.673796, 1.168694, 1.385324, 1.563937, 1.4747080000000001,
    0.351972, 1.371146, 3.091392, 1.7896379999999998, 3.9483479999999997,
    3.889929, 3.5820700000000003, 1.13221, 4.002314, 1.46201, 3.114806,
    1.960064, 3.2156700000000003, 2.869322, 0.435772, 0.559019,
    2.1052429999999998, 2.007504, 2.254031, 1.192209, 1.546567, 2.095612,
    2.498872, 1.440715, 2.0609810000000004, 1.9237529999999998, 2.06296,
    1.7756669999999999, 0.685689, 1.484524, 4.279427, 1.40404, 2.257325,
    0.581193
  ],
  [
    3.108206, 2.436974, 2.457461, 2.825967, 4.103738999999999, 3.514218,
    1.804337, 2.885894, 0.0, 4.096226, 2.828603, 3.061763, 1.450127, 3.026397,
    4.121147, 2.431269, 0.5870639999999999, 0.766023, 0.192941, 2.757923,
    0.73185, 0.861859, 2.649267, 1.1086980000000002, 1.777654,
    1.2861749999999998, 3.358029, 2.996248, 3.693797, 0.917435, 0.534987,
    2.69272, 0.614107, 0.20072800000000002, 1.86043, 0.435004, 0.98097,
    2.447078, 3.230067, 3.360259, 2.467795, 1.966413, 1.410606, 3.177821,
    2.749899, 2.2398789999999997, 1.714566, 1.125732, 1.856944,
    1.0615299999999999, 0.709677, 2.674324, 1.283598, 3.148474, 0.734178,
    1.2004670000000002, 0.933567, 0.8120599999999999, 2.631836,
    2.7497040000000004, 3.2135010000000004, 3.282293, 3.064714, 2.750069,
    2.089706, 0.850986, 0.932731, 2.324844, 3.25776, 3.171914,
    1.3483640000000001, 2.615702, 2.994059, 3.0791779999999997,
    1.4070340000000001, 3.1344090000000002, 3.425072, 3.205526
  ],
  [
    1.523782, 1.74947, 1.6639190000000001, 1.725072, 0.277383,
    0.5904149999999999, 2.230871, 1.8135409999999998, 4.096226, 0.0,
    1.7988279999999999, 1.495291, 3.7281370000000003, 1.584225, 0.041693,
    1.7030129999999999, 3.8585100000000003, 4.554987, 4.023239, 1.832225,
    3.827496, 4.16142, 1.90926, 3.8976390000000003, 5.6484380000000005,
    2.8952820000000004, 1.330335, 1.588658, 0.425282, 4.00678,
    4.375096999999999, 3.994869, 4.457438, 4.1806980000000005, 2.262068,
    4.187537, 3.336872, 2.79001, 1.171998, 1.309877, 2.9935430000000003,
    2.240198, 3.11841, 1.126609, 2.176821, 3.195995, 4.645865,
    3.1992220000000002, 5.385135, 4.366314, 4.484808, 1.7901259999999999,
    4.4786980000000005, 1.120062, 4.3409510000000004, 2.816524, 4.501893,
    4.155546, 2.2606219999999997, 2.3838690000000002, 1.926803, 1.829063,
    2.07559, 1.406466, 2.022951, 3.5051959999999998, 3.323091, 1.934475,
    1.8825399999999999, 1.745312, 2.673376, 1.643079, 1.498599, 1.306084,
    4.720707999999999, 1.055612, 2.078885, 1.2436559999999999
  ],
  [
    0.378919, 0.597807, 0.559157, 0.08094499999999999, 1.79305, 1.197105,
    1.001046, 0.491041, 2.828603, 1.7988279999999999, 0.0, 0.48958999999999997,
    2.1163719999999997, 1.741317, 1.812441, 0.590508, 2.842283, 3.538761,
    2.754564, 0.145717, 2.811269, 3.1451930000000003, 0.6979740000000001,
    2.8814130000000002, 4.308083, 1.4971489999999998, 0.7149840000000001,
    1.74575, 1.373545, 2.57269, 3.0986320000000003, 2.383104, 3.429208,
    2.966715, 0.97735, 3.17131, 1.869996, 1.456202, 1.536414, 1.666606,
    1.6272550000000001, 0.894283, 1.506645, 1.484167, 0.843013, 1.536868,
    3.034101, 1.732347, 3.891056, 3.350087, 3.468581, 0.641169, 3.462471,
    1.454821, 3.0575140000000003, 1.587899, 3.1583780000000004, 2.812031,
    0.9268139999999999, 1.050061, 2.083895, 1.986155, 2.232681, 0.892938,
    1.079544, 2.03832, 2.306864, 0.970394, 2.039632, 1.902403, 1.571919,
    1.476396, 0.474149, 1.463175, 3.7198409999999997, 1.378019, 2.235976,
    0.555172
  ],
  [
    0.110671, 1.087397, 0.9975320000000001, 0.427142, 1.4895129999999999,
    0.893568, 1.490636, 0.358496, 3.061763, 1.495291, 0.48958999999999997, 0.0,
    2.349533, 1.687948, 1.508905, 1.025318, 3.3074079999999997, 3.814285,
    2.9877249999999997, 0.6353070000000001, 3.276394, 3.6103180000000004,
    1.169237, 3.3465369999999997, 4.541244, 1.986739, 0.296267,
    1.6923800000000002, 1.070008, 2.80585, 3.331792, 2.616265, 3.662368,
    3.199875, 1.4669400000000001, 3.483265, 2.103157, 1.3236569999999999,
    1.445379, 1.599078, 1.52719, 1.3838730000000001, 1.739806, 1.39999,
    0.710468, 1.729643, 3.267261, 1.9655070000000001, 4.124217,
    3.8152109999999997, 3.757939, 1.112431, 3.927596, 1.387292,
    3.2906750000000002, 2.077489, 3.391538, 3.045191, 0.794269, 0.917516,
    2.030525, 1.932785, 2.179312, 1.11749, 1.471849, 2.27148, 2.67474, 1.365996,
    1.986263, 1.849034, 2.061509, 1.700949, 0.610971, 1.4098060000000001,
    4.184965, 1.329322, 2.182607, 0.506475
  ],
  [
    2.395977, 1.9586389999999998, 1.979125, 2.113737, 3.722359, 3.126414,
    1.7822470000000001, 2.173664, 1.450127, 3.7281370000000003,
    2.1163719999999997, 2.349533, 0.0, 2.914415, 3.7160610000000003, 2.035593,
    2.02369, 2.202649, 1.376089, 2.05404, 2.168476, 2.2984850000000003,
    2.141216, 2.545324, 2.4544360000000003, 1.3974280000000001, 2.645799,
    2.884265, 3.277165, 0.685419, 1.315896, 1.260168, 1.844695, 1.58824,
    1.776932, 1.8716300000000001, 0.593401, 1.646199, 2.9809870000000003,
    3.111179, 1.666917, 1.61996, 0.692635, 2.92874, 1.943096, 1.439, 1.061446,
    0.45513099999999995, 1.918402, 2.498156, 2.146303, 2.0844099999999997,
    2.720223, 2.8993939999999996, 1.25026, 1.488065, 1.30473, 0.958383,
    1.8309570000000002, 1.948825, 3.241422, 3.1436819999999996, 3.354368,
    2.500989, 2.0881089999999998, 0.75237, 1.674302, 1.965579, 3.197159,
    3.059931, 1.638854, 2.5037190000000002, 2.516119, 2.907748, 2.847967,
    2.885329, 3.393504, 2.5722289999999997
  ],
  [
    1.5772760000000001, 1.338908, 1.253357, 1.674197, 1.578447, 1.178684,
    1.145707, 1.7626659999999998, 3.026397, 1.584225, 1.741317, 1.687948,
    2.914415, 0.0, 1.56024, 1.2435440000000002, 2.776719, 3.4731970000000003,
    2.941448, 1.547101, 2.745706, 3.0796300000000003, 1.188717, 2.815849,
    4.566647, 1.8134919999999999, 1.745166, 0.156891, 1.2714210000000001,
    2.9249899999999998, 3.293307, 3.521516, 3.375647, 3.0989079999999998,
    1.180277, 3.105746, 2.596934, 2.6902269999999997, 0.611063, 0.473922,
    2.8937600000000003, 1.28626, 2.509229, 0.560174, 2.077039,
    2.8263510000000003, 3.837919, 2.4592840000000002, 4.306672, 3.284523,
    3.4030169999999997, 1.213774, 3.396908, 0.459698, 3.25916,
    1.7347329999999999, 3.420102, 3.0737550000000002, 2.1608389999999997,
    2.284086, 0.514048, 0.416308, 0.6628350000000001, 0.81078,
    0.9411609999999999, 2.7652579999999998, 2.2413000000000003,
    1.0475109999999999, 0.469786, 0.332557, 1.591586, 0.491353, 1.398816,
    0.240543, 3.6389169999999997, 0.5167619999999999, 0.66613, 1.143874
  ],
  [
    1.548703, 1.774391, 1.68884, 1.7499939999999998, 0.290996, 0.615337,
    2.255793, 1.838463, 4.121147, 0.041693, 1.812441, 1.508905,
    3.7160610000000003, 1.56024, 0.0, 1.716627, 3.872124, 4.568600999999999,
    4.036852, 1.8458379999999999, 3.84111, 4.175033999999999, 1.922874,
    3.9112530000000003, 5.662051, 2.9088960000000004, 1.3439480000000001,
    1.602271, 0.438896, 4.020393, 4.388711, 4.008482, 4.471051, 4.194312,
    2.275681, 4.201149999999999, 3.350485, 2.803623, 1.1856110000000002,
    1.32349, 3.007156, 2.253812, 3.1320230000000002, 1.140222, 2.190435,
    3.209609, 4.659478, 3.212835, 5.402076, 4.3799269999999995,
    4.4984210000000004, 1.80374, 4.492312, 1.133675, 4.354564, 2.830137,
    4.5155069999999995, 4.169159, 2.274235, 2.397482, 1.9404169999999998,
    1.842677, 2.089203, 1.4200789999999999, 2.036565, 3.518809, 3.336704,
    1.948089, 1.896154, 1.7589249999999998, 2.6869899999999998, 1.656693,
    1.512212, 1.319697, 4.734321, 1.069226, 2.092498, 1.2572699999999999
  ],
  [
    0.914646, 0.057765000000000004, 0.027786, 0.671453, 1.6972349999999998,
    1.1012899999999999, 0.643949, 1.0815489999999999, 2.431269,
    1.7030129999999999, 0.590508, 1.025318, 2.035593, 1.2435440000000002,
    1.716627, 0.0, 2.5068989999999998, 3.203377, 2.416337, 0.47955200000000003,
    2.4758850000000003, 2.80981, 0.18661699999999998, 2.546029, 4.028152,
    1.140051, 1.223424, 1.285576, 1.27773, 2.336552, 2.768196,
    2.5110740000000003, 3.105826, 2.631329, 0.6202519999999999,
    2.8359259999999997, 1.633859, 1.919122, 1.086621, 1.2168130000000001,
    1.93984, 0.5371849999999999, 1.447577, 1.0343740000000001,
    1.3515139999999999, 1.71014, 2.9699229999999996, 1.4962090000000001,
    3.781561, 3.014703, 3.133197, 0.129812, 3.127088, 1.0050270000000001,
    2.734049, 1.230802, 2.894991, 2.548644, 1.408259, 1.531506, 1.623721,
    1.525981, 1.772508, 0.5962419999999999, 0.671341, 1.802183,
    1.9714800000000001, 0.5549679999999999, 1.579458, 1.4422300000000001,
    1.21461, 1.016222, 0.530173, 1.003001, 3.384457, 0.9909629999999999,
    1.7758019999999999, 0.74164
  ],
  [
    3.196737, 2.4924850000000003, 2.479114, 2.923228, 3.852732, 3.26321,
    1.8776659999999998, 3.2933499999999998, 0.5870639999999999,
    3.8585100000000003, 2.842283, 3.3074079999999997, 2.02369, 2.776719,
    3.872124, 2.5068989999999998, 0.0, 0.6831430000000001, 0.7665040000000001,
    2.7358350000000002, 0.144786, 0.5985750000000001, 2.39512, 0.521634,
    1.776593, 1.5957000000000001, 3.433163, 2.742101, 3.439651, 1.490998,
    0.9596509999999999, 3.266283, 0.5855929999999999, 0.5923189999999999,
    1.912236, 0.31569200000000003, 1.554533, 3.0206399999999998, 2.975921,
    3.1061129999999997, 3.0413580000000002, 2.018219, 1.984168, 2.923674,
    3.323462, 2.8134409999999996, 2.265337, 1.699294, 2.048857, 0.803468,
    0.6129629999999999, 2.420178, 0.925237, 2.894327, 1.2962090000000002,
    1.509993, 1.4843389999999999, 1.385623, 3.205398, 3.323267,
    2.9311979999999997, 2.99999, 2.782411, 2.495923, 1.835559, 1.424549,
    0.81356, 2.070697, 2.975457, 2.917767, 1.358828, 2.361556, 2.739912,
    2.825031, 1.167246, 2.880263, 3.1427680000000002, 2.9513789999999998
  ],
  [
    3.860728, 3.188963, 3.175591, 3.5784890000000003, 4.549208999999999,
    3.9596880000000003, 2.574143, 3.6384160000000003, 0.766023, 4.554987,
    3.538761, 3.814285, 2.202649, 3.4731970000000003, 4.568600999999999,
    3.203377, 0.6831430000000001, 0.0, 0.9454629999999999, 3.431954, 0.827929,
    0.411775, 3.091598, 0.998345, 1.09345, 2.0080530000000003,
    4.110193000000001, 3.4385790000000003, 4.136127999999999,
    1.6699570000000001, 1.13861, 3.4452420000000004, 0.570504, 0.771279,
    2.6087130000000003, 0.36566000000000004, 1.733134, 3.199241,
    3.6723980000000003, 3.8025900000000004, 3.219959, 2.714696, 2.163128,
    3.620152, 3.502063, 2.992042, 2.3795129999999998, 1.8782539999999999,
    2.004277, 0.425363, 0.085888, 3.116655, 0.64743, 3.590805,
    1.4287429999999999, 1.922345, 1.5985150000000001, 1.5645820000000001, 3.384,
    3.501868, 3.627675, 3.696467, 3.478888, 3.1924, 2.532036, 1.60315,
    1.5078070000000001, 2.766816, 3.6719340000000003, 3.614245,
    2.0553049999999997, 3.058033, 3.436389, 3.521509, 0.658644,
    3.5767399999999996, 3.839246, 3.647857
  ],
  [
    3.034169, 2.423636, 2.4441230000000003, 2.751929, 4.01746, 3.424611,
    1.848726, 2.811856, 0.192941, 4.023239, 2.754564, 2.9877249999999997,
    1.376089, 2.941448, 4.036852, 2.416337, 0.7665040000000001,
    0.9454629999999999, 0.0, 2.683885, 0.911289, 1.041298, 2.518631,
    1.2881369999999999, 1.652559, 1.328589, 3.283991, 2.9045349999999996,
    3.602085, 0.7464930000000001, 0.34204700000000005, 2.618683,
    0.7935460000000001, 0.232391, 1.904819, 0.614443, 0.9069320000000001,
    2.37304, 3.1383550000000002, 3.268547, 2.3937579999999996, 1.997375,
    1.336568, 3.0861080000000003, 2.675861, 2.165841, 1.5452750000000002,
    1.051694, 1.687653, 1.2409700000000001, 0.8891169999999999,
    2.4618249999999997, 1.4630370000000001, 3.056761, 0.5648869999999999,
    1.299839, 0.7642770000000001, 0.623699, 2.5577979999999996, 2.675666,
    3.328187, 3.396979, 3.179399, 2.6583560000000004, 1.997993, 0.776948,
    1.0632270000000001, 2.2331309999999998, 3.3724450000000004, 3.080201,
    1.450628, 2.52399, 2.902346, 2.9874650000000003, 1.590781, 3.042697,
    3.5397570000000003, 3.210422
  ],
  [
    0.524636, 0.486851, 0.448201, 0.226662, 1.826447, 1.230502, 0.89009,
    0.636758, 2.757923, 1.832225, 0.145717, 0.6353070000000001, 2.05404,
    1.547101, 1.8458379999999999, 0.47955200000000003, 2.7358350000000002,
    3.431954, 2.683885, 0.0, 2.700313, 3.0342379999999998, 0.587018, 2.770457,
    4.274387, 1.386192, 0.860701, 1.5922560000000001, 1.406942, 2.538994,
    3.0649349999999997, 2.3436640000000004, 3.330254, 2.933019, 0.866394,
    3.060354, 1.8363, 1.5078589999999998, 1.3933, 1.523493, 1.675971, 0.783327,
    1.4672049999999999, 1.3410540000000002, 0.921726, 1.54273,
    2.9946599999999997, 1.69865, 3.851615, 3.239131, 3.357625,
    0.5302129999999999, 3.351515, 1.3117070000000002, 3.0238180000000003,
    1.476943, 3.124682, 2.7783339999999996, 0.978471, 1.101718, 1.930401,
    1.832661, 2.0791880000000003, 0.818082, 0.968588, 2.004624, 2.195907,
    0.859438, 1.8861379999999999, 1.7489100000000002, 1.460963, 1.322902,
    0.6069349999999999, 1.309681, 3.6088850000000003, 1.297643, 2.082482,
    0.700889
  ],
  [
    3.165722, 2.461471, 2.4480999999999997, 2.892214, 3.8217179999999997,
    3.232197, 1.846652, 3.351112, 0.73185, 3.827496, 2.811269, 3.276394,
    2.168476, 2.745706, 3.84111, 2.4758850000000003, 0.144786, 0.827929,
    0.911289, 2.700313, 0.0, 0.453789, 2.364107, 0.376848, 1.872172, 1.594185,
    3.402149, 2.711087, 3.408637, 1.6357840000000001, 1.104437, 3.411069,
    0.730379, 0.737105, 1.881222, 0.460478, 1.6993179999999999, 3.165426,
    2.944907, 3.0750990000000002, 3.1861439999999996, 1.9872049999999999,
    2.1289540000000002, 2.89266, 3.183551, 2.958227, 2.410123, 1.84408,
    2.1936430000000002, 0.6577459999999999, 0.7341810000000001, 2.389164,
    0.780451, 2.863313, 1.4409949999999998, 1.508478, 1.629125,
    1.5304090000000001, 3.100588, 3.218456, 2.9001840000000003, 2.968976,
    2.751397, 2.464909, 1.804545, 1.569334, 0.792963, 2.039683, 2.944443,
    2.886753, 1.327814, 2.330542, 2.708898, 2.7940169999999998,
    1.0224600000000001, 2.849249, 3.111754, 2.920365
  ],
  [
    3.499647, 2.795395, 2.782024, 3.2261390000000003, 4.155641999999999,
    3.566121, 2.180576, 3.685036, 0.861859, 4.16142, 3.1451930000000003,
    3.6103180000000004, 2.2984850000000003, 3.0796300000000003,
    4.175033999999999, 2.80981, 0.5985750000000001, 0.411775, 1.041298,
    3.0342379999999998, 0.453789, 0.0, 2.741955, 0.554311, 1.47704, 1.972033,
    3.779997, 3.0889349999999998, 3.7864850000000003, 1.767828, 1.236482,
    3.543114, 0.774101, 0.86915, 2.2590700000000004, 0.531471, 1.831363,
    3.297471, 3.322755, 3.452947, 3.318188, 2.365052, 2.260999, 3.270508,
    3.600292, 3.090272, 2.542167, 1.976125, 2.183072, 0.24956299999999998,
    0.343236, 2.7670120000000002, 0.47163099999999997, 3.241161, 1.57304,
    1.886326, 1.7611690000000002, 1.662453, 3.482229, 3.6000970000000003,
    3.278031, 3.3468240000000002, 3.129245, 2.842757, 2.1823930000000002,
    1.701379, 1.1708109999999998, 2.417531, 3.3222910000000003,
    3.2646010000000003, 1.705662, 2.70839, 3.086746, 3.171865, 0.619318,
    3.227097, 3.4896019999999996, 3.298213
  ],
  [
    1.058565, 0.24438200000000002, 0.17170500000000002, 0.778919, 1.903482,
    1.2701559999999998, 0.753802, 1.1890150000000002, 2.649267, 1.90926,
    0.6979740000000001, 1.169237, 2.141216, 1.188717, 1.922874,
    0.18661699999999998, 2.39512, 3.091598, 2.518631, 0.587018, 2.364107,
    2.741955, 0.0, 2.43425, 4.185048, 1.245673, 1.367343, 1.230748, 1.421649,
    2.442174, 2.8738180000000004, 2.61854, 2.994047, 2.717309, 0.788372,
    2.724147, 1.739481, 2.026588, 1.031793, 1.1619849999999998, 2.047306,
    0.642807, 1.5532000000000001, 0.9795470000000001, 1.45898, 1.817606,
    3.0755459999999997, 1.601831, 3.887183, 2.902924, 3.021418,
    0.056805999999999995, 3.0153090000000002, 0.9502, 2.836343, 1.353134,
    2.9972849999999998, 2.650938, 1.515725, 1.6389719999999999, 1.568893,
    1.471153, 1.71768, 0.541414, 0.559562, 1.907805, 1.859701, 0.443189,
    1.524631, 1.387402, 1.2099870000000001, 0.961395, 0.674092, 0.948174,
    3.272678, 0.9361349999999999, 1.720975, 0.885559
  ],
  [
    3.235866, 2.531615, 2.518243, 2.962358, 3.891861, 3.30234, 1.916795,
    3.421255, 1.1086980000000002, 3.8976390000000003, 2.8814130000000002,
    3.3465369999999997, 2.545324, 2.815849, 3.9112530000000003, 2.546029,
    0.521634, 0.998345, 1.2881369999999999, 2.770457, 0.376848, 0.554311,
    2.43425, 0.0, 2.061869, 1.746222, 3.472292, 2.78123, 3.47878, 1.902463,
    1.371116, 3.6777480000000002, 0.975504, 1.003784, 1.951365, 0.705603,
    1.9659980000000001, 3.432105, 3.01505, 3.145242, 3.452823, 2.057348,
    2.395634, 2.962804, 3.533495, 3.224907, 2.6768020000000003,
    2.1107600000000004, 2.438768, 0.847443, 0.9238780000000001, 2.459307,
    0.865832, 2.9334569999999998, 1.707675, 1.667463, 1.895804, 1.797088,
    3.402431, 3.520299, 2.970327, 3.0391190000000003, 2.82154,
    2.5350520000000003, 1.8746880000000001, 1.8360139999999998, 1.094806,
    2.109826, 3.014586, 2.956897, 1.3979570000000001, 2.4006849999999997,
    2.779042, 2.864161, 1.10784, 2.9193919999999998, 3.1818980000000003,
    2.990509
  ],
  [
    4.587688, 4.035451, 4.055938, 4.305448, 5.64266, 5.053138,
    3.4638690000000003, 4.365375, 1.777654, 5.6484380000000005, 4.308083,
    4.541244, 2.4544360000000003, 4.566647, 5.662051, 4.028152, 1.776593,
    1.09345, 1.652559, 4.274387, 1.872172, 1.47704, 4.185048, 2.061869, 0.0,
    2.937603, 4.881044, 4.507318000000001, 5.204867, 1.793432, 1.328714,
    2.79873, 1.230465, 1.576925, 3.677453, 1.449638, 2.503985, 3.970093,
    4.741138, 4.8713299999999995, 3.851997, 3.606389, 2.93362, 4.688891,
    4.272914, 3.567661, 1.434239, 2.568482, 0.975588, 1.476087, 1.1604,
    4.185395000000001, 1.698154, 4.6595439999999995, 1.306048, 2.908853,
    1.170817, 1.5267840000000001, 4.154851, 4.272718, 4.696414, 4.765207,
    4.547627, 4.261139, 3.6007759999999998, 2.293289, 2.59384,
    3.8359140000000003, 4.740673, 4.682984, 3.124045, 4.126772, 4.505129,
    4.590248, 1.703948, 4.645479, 4.907985, 4.716595999999999
  ],
  [
    1.876067, 1.1473499999999999, 1.167837, 1.578094, 2.889504, 2.299982,
    0.682628, 1.8693140000000001, 1.2861749999999998, 2.8952820000000004,
    1.4971489999999998, 1.986739, 1.3974280000000001, 1.8134919999999999,
    2.9088960000000004, 1.140051, 1.5957000000000001, 2.0080530000000003,
    1.328589, 1.386192, 1.594185, 1.972033, 1.245673, 1.746222, 2.937603, 0.0,
    2.212132, 1.776033, 2.473582, 1.315458, 1.6837760000000002, 2.300695,
    1.837029, 1.423651, 0.738721, 1.642692, 0.91159, 2.0550520000000003,
    2.010527, 2.1407190000000003, 2.07577, 0.724418, 1.100809, 1.95828,
    1.8022799999999999, 1.847853, 2.228388, 0.971153, 2.6971410000000002,
    2.177862, 1.9399629999999999, 1.188868, 2.299632, 1.928933,
    1.6496300000000002, 0.08570699999999999, 1.8105719999999998, 1.464224,
    1.829426, 1.952673, 2.24185, 2.03545, 2.093063, 1.530528, 0.86949, 1.079914,
    0.8012229999999999, 1.0700370000000001, 2.088927, 1.951699, 0.363935,
    1.3954870000000001, 1.670224, 1.847612, 2.5416410000000003, 1.914869,
    2.2852710000000003, 1.881691
  ],
  [
    0.336065, 1.281188, 1.195638, 0.6525359999999999, 1.324557, 0.728611,
    1.71603, 0.654763, 3.358029, 1.330335, 0.7149840000000001, 0.296267,
    2.645799, 1.745166, 1.3439480000000001, 1.223424, 3.433163,
    4.110193000000001, 3.283991, 0.860701, 3.402149, 3.779997, 1.367343,
    3.472292, 4.881044, 2.212132, 0.0, 1.787198, 0.905052, 3.1021170000000002,
    3.628058, 2.912531, 3.958635, 3.496142, 1.692334, 3.762189,
    2.3994229999999996, 1.619923, 1.460107, 1.5979860000000001, 1.823457,
    1.609266, 2.036073, 1.4147180000000001, 1.006735, 2.025909, 3.563527,
    2.261774, 4.420483, 3.940966, 4.059461, 1.305212, 4.053351, 1.408171,
    3.586941, 2.302883, 3.687805, 3.3414569999999997, 1.090535, 1.183391,
    2.125343, 2.027603, 2.27413, 1.212308, 1.597604, 2.567747,
    2.8977429999999997, 1.491752, 2.081081, 1.9438520000000001, 2.248029,
    1.7957670000000001, 0.736726, 1.504624, 4.31072, 1.343722, 2.277425,
    0.601293
  ],
  [
    1.581709, 1.343341, 1.25779, 1.67863, 1.58288, 1.183117, 1.115557, 1.767099,
    2.996248, 1.588658, 1.74575, 1.6923800000000002, 2.884265, 0.156891,
    1.602271, 1.285576, 2.742101, 3.4385790000000003, 2.9045349999999996,
    1.5922560000000001, 2.711087, 3.0889349999999998, 1.230748, 2.78123,
    4.507318000000001, 1.776033, 1.787198, 0.0, 1.313453, 2.8948400000000003,
    3.263157, 3.491366, 3.345497, 3.068758, 1.150127, 3.075596, 2.566784,
    2.732259, 0.653095, 0.5159539999999999, 2.9357919999999997,
    1.2561099999999998, 2.479079, 0.602206, 2.119071, 2.8683829999999997,
    3.807769, 2.429134, 4.276522, 3.254373, 3.3728670000000003, 1.255806,
    3.366758, 0.50173, 3.22901, 1.7045830000000002, 3.3899529999999998,
    3.043605, 2.202871, 2.326118, 0.35715399999999997, 0.259414, 0.505941,
    0.852812, 0.911011, 2.7351080000000003, 2.21115, 1.017361,
    0.31289100000000003, 0.175663, 1.5614359999999998, 0.461203, 1.440848,
    0.282574, 3.608766, 0.558794, 0.509236, 1.185906
  ],
  [
    1.109807, 1.3354949999999999, 1.249944, 1.311097, 0.41950400000000004,
    0.17643999999999999, 1.805943, 1.399566, 3.693797, 0.425282, 1.373545,
    1.070008, 3.277165, 1.2714210000000001, 0.438896, 1.27773, 3.439651,
    4.136127999999999, 3.602085, 1.406942, 3.408637, 3.7864850000000003,
    1.421649, 3.47878, 5.204867, 2.473582, 0.905052, 1.313453, 0.0, 3.58792,
    3.956238, 3.5695859999999997, 4.038578, 3.761839, 1.840514,
    3.7686770000000003, 2.9115889999999998, 2.364727, 0.896792, 1.034672,
    2.5682600000000004, 1.814915, 2.693127, 0.851404, 1.751538, 2.770712,
    4.220582, 2.773939, 4.969603, 3.947454, 4.065948, 1.364843, 4.059839,
    0.8448559999999999, 3.922092, 2.3976640000000002, 4.0830329999999995,
    3.736686, 1.8353389999999998, 1.958586, 1.651598, 1.553858, 1.800385,
    0.981183, 1.604092, 3.079913, 2.9042310000000002, 1.498239, 1.607335,
    1.470107, 2.254517, 1.367874, 1.073316, 1.030878, 4.301848,
    0.7804070000000001, 1.803679, 0.818373
  ],
  [
    2.8522939999999997, 2.343852, 2.364338, 2.570055, 4.001002, 3.41148,
    1.835595, 2.6299810000000003, 0.917435, 4.00678, 2.57269, 2.80585, 0.685419,
    2.9249899999999998, 4.020393, 2.336552, 1.490998, 1.6699570000000001,
    0.7464930000000001, 2.538994, 1.6357840000000001, 1.767828, 2.442174,
    1.902463, 1.793432, 1.315458, 3.1021170000000002, 2.8948400000000003,
    3.58792, 0.0, 0.654892, 1.8249870000000001, 1.183691, 0.978884,
    1.8883599999999998, 1.3389380000000002, 0.733033, 2.199141,
    3.1225709999999998, 3.252763, 2.2198580000000003, 2.013149,
    1.1626690000000002, 3.0703240000000003, 2.501962, 1.991941, 1.145301,
    0.845701, 1.530296, 1.9654639999999999, 1.6136110000000001, 2.477598,
    2.187532, 3.040977, 0.589256, 1.2833800000000002, 0.643726, 0.297379,
    2.383899, 2.5017669999999996, 3.3262739999999997, 3.147494, 3.177487,
    2.642573, 1.9815340000000001, 0.563898, 1.358846, 2.216672, 3.200971,
    3.063743, 1.434169, 2.5075309999999997, 2.972065, 2.959656, 2.315275,
    3.026913, 3.537844, 3.0365219999999997
  ],
  [
    3.378236, 2.775495, 2.7959810000000003, 3.095996, 4.369319000000001,
    3.779798, 2.203913, 3.1559229999999996, 0.534987, 4.375096999999999,
    3.0986320000000003, 3.331792, 1.315896, 3.293307, 4.388711, 2.768196,
    0.9596509999999999, 1.13861, 0.34204700000000005, 3.0649349999999997,
    1.104437, 1.236482, 2.8738180000000004, 1.371116, 1.328714,
    1.6837760000000002, 3.628058, 3.263157, 3.956238, 0.654892, 0.0, 2.475007,
    0.547001, 0.400863, 2.2468649999999997, 0.8075910000000001, 1.248979,
    2.715086, 3.4804009999999996, 3.610594, 2.735804, 2.339422, 1.678615,
    3.4281550000000003, 3.017908, 2.507887, 1.320842, 1.39374, 1.46322,
    1.4341169999999999, 1.082264, 2.8038719999999997, 1.656185, 3.398808,
    0.34045400000000003, 1.641886, 0.5398440000000001, 0.488365, 2.899845,
    3.017713, 3.670233, 3.7390250000000003, 3.521446, 3.000403, 2.34004,
    1.118995, 1.405274, 2.5751779999999997, 3.7144920000000003, 3.422248,
    1.7926739999999999, 2.8660360000000003, 3.244393, 3.3295120000000002,
    1.7839280000000002, 3.384743, 3.8818040000000003, 3.5524679999999997
  ],
  [
    2.6627080000000003, 2.518373, 2.507859, 2.380469, 3.98909, 3.390832,
    2.425994, 2.40671, 2.69272, 3.994869, 2.383104, 2.616265, 1.260168,
    3.521516, 4.008482, 2.5110740000000003, 3.266283, 3.4452420000000004,
    2.618683, 2.3436640000000004, 3.411069, 3.543114, 2.61854,
    3.6777480000000002, 2.79873, 2.300695, 2.912531, 3.491366,
    3.5695859999999997, 1.8249870000000001, 2.475007, 0.0, 3.0038069999999997,
    2.830833, 2.41985, 3.114223, 1.734114, 1.582479, 3.447493, 3.577685,
    1.2700660000000001, 2.262879, 1.2821150000000001, 3.395247, 2.097335,
    1.0751700000000002, 1.401698, 1.5964639999999999, 2.2214430000000003,
    3.7407489999999997, 3.3888960000000004, 2.5078519999999997, 3.962817,
    3.3659, 2.344878, 2.385573, 2.145489, 2.117495, 1.979272, 2.106522,
    3.847694, 3.7499540000000002, 3.997286, 2.9482109999999997,
    2.7083139999999997, 1.902438, 2.698594, 2.523829, 3.8034310000000002,
    3.666203, 2.610384, 3.109991, 2.7823670000000003, 3.3638739999999996,
    4.090561, 3.351835, 3.9997759999999998, 2.838961
  ],
  [
    3.708812, 3.0914119999999996, 3.0780410000000002, 3.426573,
    4.451658999999999, 3.862137, 2.476593, 3.4865, 0.614107, 4.457438, 3.429208,
    3.662368, 1.844695, 3.375647, 4.471051, 3.105826, 0.5855929999999999,
    0.570504, 0.7935460000000001, 3.330254, 0.730379, 0.774101, 2.994047,
    0.975504, 1.230465, 1.837029, 3.958635, 3.345497, 4.038578, 1.183691,
    0.547001, 3.0038069999999997, 0.0, 0.619362, 2.511163, 0.375475, 1.581576,
    3.047683, 3.574847, 3.70504, 3.0684009999999997, 2.617146, 2.011211,
    3.5226010000000003, 3.350505, 2.840484, 1.8010979999999999, 1.726337,
    1.4976489999999998, 0.973547, 0.531431, 3.019105, 1.195615, 3.493254,
    0.851558, 1.756445, 1.0201, 1.0171649999999999, 3.232442, 3.350309,
    3.530125, 3.5989169999999997, 3.3813380000000004, 3.094849,
    2.4344859999999997, 1.4515909999999999, 1.410257, 2.6696239999999998,
    3.5743840000000002, 3.5166939999999998, 1.9577550000000001, 2.960483,
    3.338839, 3.4239580000000003, 1.2057159999999998, 3.47919, 3.741695,
    3.5503069999999997
  ],
  [
    3.246319, 2.638628, 2.659115, 2.96408, 4.174919, 3.585398, 1.941813,
    3.024007, 0.20072800000000002, 4.1806980000000005, 2.966715, 3.199875,
    1.58824, 3.0989079999999998, 4.194312, 2.631329, 0.5923189999999999,
    0.771279, 0.232391, 2.933019, 0.737105, 0.86915, 2.717309, 1.003784,
    1.576925, 1.423651, 3.496142, 3.068758, 3.761839, 0.978884, 0.400863,
    2.830833, 0.619362, 0.0, 2.003029, 0.440259, 1.119083, 2.58519, 3.301248,
    3.4314400000000003, 2.605908, 2.1090120000000003, 1.548719,
    3.2490010000000002, 2.8880120000000002, 2.377991, 1.6730180000000001,
    1.263844, 1.815396, 1.066785, 0.714932, 2.745505, 1.288853, 3.219654,
    0.70389, 1.343067, 0.892019, 0.8560890000000001, 2.769949, 2.887817,
    3.2846819999999997, 3.3534740000000003, 3.135895, 2.82125, 2.160886,
    0.9890990000000001, 1.0368199999999999, 2.3960239999999997,
    3.3289400000000002, 3.243094, 1.490963, 2.686883, 3.065239, 3.150358,
    1.4165969999999999, 3.20559, 3.496252, 3.276707
  ],
  [
    1.356268, 0.627552, 0.648038, 1.058295, 2.25629, 1.6640730000000001,
    0.056304, 1.468391, 1.86043, 2.262068, 0.97735, 1.4669400000000001,
    1.776932, 1.180277, 2.275681, 0.6202519999999999, 1.912236,
    2.6087130000000003, 1.904819, 0.866394, 1.881222, 2.2590700000000004,
    0.788372, 1.951365, 3.677453, 0.738721, 1.692334, 1.150127, 1.840514,
    1.8883599999999998, 2.2468649999999997, 2.41985, 2.511163, 2.003029, 0.0,
    2.2412620000000003, 1.4410699999999999, 2.141036, 1.399282, 1.529475,
    2.161753, 0.13859, 1.3206959999999999, 1.3470360000000001, 1.624924,
    1.9320540000000002, 2.777134, 1.30342, 3.2735819999999998, 2.420039,
    2.5385329999999997, 0.6690689999999999, 2.532424, 1.317689, 2.22607,
    0.6601739999999999, 2.383684, 2.040665, 1.652069, 1.775317, 1.507285,
    1.409545, 1.62023, 0.903949, 0.35397199999999995, 1.609393, 1.376816,
    0.454494, 1.463022, 1.325793, 0.627177, 0.769582, 1.143759, 1.233057,
    2.789793, 1.303625, 1.659366, 1.355226
  ],
  [
    3.529709, 2.821511, 2.80814, 3.24747, 4.181757999999999, 3.592237, 2.206692,
    3.307397, 0.435004, 4.187537, 3.17131, 3.483265, 1.8716300000000001,
    3.105746, 4.201149999999999, 2.8359259999999997, 0.31569200000000003,
    0.36566000000000004, 0.614443, 3.060354, 0.460478, 0.531471, 2.724147,
    0.705603, 1.449638, 1.642692, 3.762189, 3.075596, 3.7686770000000003,
    1.3389380000000002, 0.8075910000000001, 3.114223, 0.375475, 0.440259,
    2.2412620000000003, 0.0, 1.4024729999999999, 2.86858, 3.3049470000000003,
    3.435139, 2.8892979999999997, 2.347245, 1.8321079999999998, 3.252701,
    3.171402, 2.661381, 2.113277, 1.547234, 1.8387390000000001,
    0.7311420000000001, 0.297271, 2.749204, 0.95321, 3.2233539999999996,
    1.1441489999999999, 1.573599, 1.332278, 1.2335630000000002, 3.053339,
    3.171207, 3.260224, 3.329016, 3.111437, 2.824949, 2.164585, 1.272489,
    1.140356, 2.399723, 3.3044830000000003, 3.2467930000000003, 1.687854,
    2.690582, 3.068938, 3.154058, 1.016835, 3.209289, 3.471795, 3.280406
  ],
  [
    2.1496, 1.641158, 1.661645, 1.867361, 3.331094, 2.735149, 1.464766,
    1.9272880000000001, 0.98097, 3.336872, 1.869996, 2.103157, 0.593401,
    2.596934, 3.350485, 1.633859, 1.554533, 1.733134, 0.9069320000000001,
    1.8363, 1.6993179999999999, 1.831363, 1.739481, 1.9659980000000001,
    2.503985, 0.91159, 2.3994229999999996, 2.566784, 2.9115889999999998,
    0.733033, 1.248979, 1.734114, 1.581576, 1.119083, 1.4410699999999999,
    1.4024729999999999, 0.0, 1.488472, 2.663506, 2.793698, 1.5091890000000001,
    1.30248, 0.452, 2.61126, 1.7912929999999998, 1.281272, 1.424051, 0.167126,
    2.197315, 2.028999, 1.677146, 1.7669300000000001, 2.251067, 2.581913,
    1.2098820000000001, 1.002227, 1.3107449999999998, 0.964398, 1.67323,
    1.7910979999999999, 2.9239409999999997, 2.826201, 2.8963330000000003,
    2.183508, 1.7706279999999999, 0.190688, 1.1536089999999999, 1.648099,
    2.879679, 2.74245, 1.1530150000000001, 2.186239, 2.2613960000000004,
    2.590267, 2.37881, 2.567848, 3.076023, 2.325853
  ],
  [
    1.3700999999999999, 1.926422, 1.915908, 1.393754, 2.784231, 2.188286,
    2.164732, 0.96516, 2.447078, 2.79001, 1.456202, 1.3236569999999999,
    1.646199, 2.6902269999999997, 2.803623, 1.919122, 3.0206399999999998,
    3.199241, 2.37304, 1.5078589999999998, 3.165426, 3.297471, 2.026588,
    3.432105, 3.970093, 2.0550520000000003, 1.619923, 2.732259, 2.364727,
    2.199141, 2.715086, 1.582479, 3.047683, 2.58519, 2.141036, 2.86858,
    1.488472, 0.0, 2.508764, 2.638957, 0.362254, 2.017236, 1.036472, 2.456518,
    0.647451, 0.600105, 2.563927, 1.350822, 3.420883, 3.495107, 3.143253, 1.968,
    3.717174, 2.427171, 2.6759899999999996, 2.1399299999999997, 2.776853,
    2.430506, 0.5293880000000001, 0.607952, 3.070404, 2.9726640000000004,
    3.219191, 2.157369, 2.3167809999999998, 1.6567960000000002, 2.452951,
    2.132297, 3.0261419999999997, 2.888913, 2.364741, 2.740828, 1.65085,
    2.449685, 3.8449169999999997, 2.369201, 3.222486, 1.546354
  ],
  [
    1.334707, 1.144385, 1.058835, 1.455135, 1.1662190000000001, 0.766456,
    1.364712, 1.543604, 3.230067, 1.171998, 1.536414, 1.445379,
    2.9809870000000003, 0.611063, 1.1856110000000002, 1.086621, 2.975921,
    3.6723980000000003, 3.1383550000000002, 1.3933, 2.944907, 3.322755,
    1.031793, 3.01505, 4.741138, 2.010527, 1.460107, 0.653095, 0.896792,
    3.1225709999999998, 3.4804009999999996, 3.447493, 3.574847, 3.301248,
    1.399282, 3.3049470000000003, 2.663506, 2.508764, 0.0, 0.13714099999999999,
    2.688791, 1.4804059999999999, 2.5277789999999998, 0.052246, 1.872069,
    2.669428, 3.999571, 2.525856, 4.5109960000000004, 3.488846, 3.607341,
    1.0568499999999998, 3.6012310000000003, 0.152722, 3.463484, 1.939057,
    3.624426, 3.278079, 1.9558689999999999, 2.079117, 0.982189,
