[
    [
        0.0,
        0.911145,
        2.62285,
        1.171593,
        2.791757,
        1.127827,
        3.685187,
        3.8968960000000004,
        4.349614,
        2.753909,
        3.254526
    ],
    [
        0.911145,
        0.0,
        1.71356,
        0.26230200000000004,
        1.8807770000000001,
        0.218537,
        3.1041239999999997,
        3.008774,
        3.981563,
        1.873131,
        3.496242
    ],
    [
        2.62285,
        1.71356,
        0.0,
        1.482642,
        1.377011,
        1.535947,
        1.429638,
        1.8289190000000002,
        4.605843,
        2.262067,
        1.999451
    ],
    [
        1.171593,
        0.26230200000000004,
        1.482642,
        0.0,
        1.649305,
        0.08469,
        2.873206,
        2.777302,
        3.936558,
        1.6416600000000001,
        3.310196
    ],
    [
        2.791757,
        1.8807770000000001,
        1.377011,
        1.649305,
        0.0,
        1.674968,
        2.509221,
        1.324405,
        3.28427,
        0.940494,
        3.134701
    ],
    [
        1.127827,
        0.218537,
        1.535947,
        0.08469,
        1.674968,
        0.0,
        2.926511,
        2.790527,
        3.9497820000000003,
        1.654884,
        3.3635010000000003
    ],
    [
        3.685187,
        3.1041239999999997,
        1.429638,
        2.873206,
        2.509221,
        2.926511,
        0.0,
        2.8774580000000003,
        5.801782,
        3.4580059999999997,
        1.269239
    ],
    [
        3.8968960000000004,
        3.008774,
        1.8289190000000002,
        2.777302,
        1.324405,
        2.790527,
        2.8774580000000003,
        0.0,
        3.6605700000000003,
        1.297494,
        3.5029369999999997
    ],
    [
        4.349614,
        3.981563,
        4.605843,
        3.936558,
        3.28427,
        3.9497820000000003,
        5.801782,
        3.6605700000000003,
        0.0,
        2.395564,
        6.363533
    ],
    [
        2.753909,
        1.873131,
        2.262067,
        1.6416600000000001,
        0.940494,
        1.654884,
        3.4580059999999997,
        1.297494,
        2.395564,
        0.0,
        4.019757
    ],
    [
        3.254526,
        3.496242,
        1.999451,
        3.310196,
        3.134701,
        3.3635010000000003,
        1.269239,
        3.5029369999999997,
        6.363533,
        4.019757,
        0.0
    ]
]