[
    [
        0.0,
        1.420058,
        1.60187,
        1.5561189999999998,
        1.880366,
        1.116924,
        0.0060090000000000005,
        1.570692,
        1.185996,
        1.559422,
        1.4758900000000001,
        1.211174,
        0.525599,
        1.79871,
        0.01209,
        1.651951,
        2.2940650000000002,
        1.400136,
        2.177951,
        0.669314
    ],
    [
        1.420058,
        0.0,
        0.32060500000000003,
        0.738623,
        0.590898,
        0.574952,
        1.406377,
        0.5047119999999999,
        1.114004,
        0.33719,
        0.253658,
        1.484159,
        1.497412,
        0.509243,
        1.488884,
        0.362483,
        3.504607,
        0.071879,
        1.995615,
        1.641127
    ],
    [
        1.60187,
        0.32060500000000003,
        0.0,
        0.6166900000000001,
        0.348254,
        0.802111,
        1.5879210000000001,
        0.351903,
        1.295548,
        0.21766300000000002,
        0.294943,
        1.572951,
        1.678956,
        0.266599,
        1.670428,
        0.177636,
        3.6861509999999997,
        0.22950399999999999,
        2.084407,
        1.822672
    ],
    [
        1.5561189999999998,
        0.738623,
        0.6166900000000001,
        0.0,
        0.641886,
        1.248214,
        1.5501099999999999,
        0.264786,
        0.9057390000000001,
        0.401433,
        0.5576660000000001,
        2.158243,
        2.008829,
        0.713256,
        1.568209,
        0.49490300000000004,
        3.247814,
        0.694783,
        2.669699,
        2.152544
    ],
    [
        1.880366,
        0.590898,
        0.348254,
        0.641886,
        0.0,
        1.117424,
        1.866685,
        0.425467,
        1.362211,
        0.456864,
        0.534144,
        1.880114,
        1.956214,
        0.081656,
        1.949192,
        0.300008,
        3.704285,
        0.547058,
        2.049207,
        2.0999299999999996
    ],
    [
        1.116924,
        0.574952,
        0.802111,
        1.248214,
        1.117424,
        0.0,
        1.108236,
        1.014303,
        1.3277349999999999,
        0.8467809999999999,
        0.7632490000000001,
        1.012807,
        1.064363,
        1.035768,
        1.185374,
        0.93931,
        3.394969,
        0.631753,
        1.523566,
        1.208078
    ],
    [
        0.0060090000000000005,
        1.406377,
        1.5879210000000001,
        1.5501099999999999,
        1.866685,
        1.108236,
        0.0,
        1.564683,
        1.1799860000000002,
        1.553413,
        1.46988,
        1.205165,
        0.531608,
        1.792701,
        0.0181,
        1.645941,
        2.3000749999999996,
        1.394127,
        2.171941,
        0.6753239999999999
    ],
    [
        1.570692,
        0.5047119999999999,
        0.351903,
        0.264786,
        0.425467,
        1.014303,
        1.564683,
        0.0,
        0.936744,
        0.167522,
        0.323755,
        1.9321300000000001,
        1.802792,
        0.448469,
        1.585604,
        0.23011600000000001,
        3.2788180000000002,
        0.460872,
        2.365945,
        1.946507
    ],
    [
        1.185996,
        1.114004,
        1.295548,
        0.9057390000000001,
        1.362211,
        1.3277349999999999,
        1.1799860000000002,
        0.936744,
        0.0,
        1.111623,
        1.0048920000000001,
        2.099098,
        1.631231,
        1.385213,
        1.1941089999999999,
        1.16686,
        2.447018,
        1.094082,
        2.884303,
        1.774946
    ],
    [
        1.559422,
        0.33719,
        0.21766300000000002,
        0.401433,
        0.456864,
        0.8467809999999999,
        1.553413,
        0.167522,
        1.111623,
        0.0,
        0.156233,
        1.75681,
        1.636776,
        0.37520800000000004,
        1.6282480000000001,
        0.166629,
        3.415465,
        0.29335,
        2.268266,
        1.780491
    ],
    [
        1.4758900000000001,
        0.253658,
        0.294943,
        0.5576660000000001,
        0.534144,
        0.7632490000000001,
        1.46988,
        0.323755,
        1.0048920000000001,
        0.156233,
        0.0,
        1.673278,
        1.5532439999999998,
        0.452488,
        1.544716,
        0.24391,
        3.474285,
        0.209818,
        2.1847339999999997,
        1.696959
    ],
    [
        1.211174,
        1.484159,
        1.572951,
        2.158243,
        1.880114,
        1.012807,
        1.205165,
        1.9321300000000001,
        2.099098,
        1.75681,
        1.673278,
        0.0,
        0.787336,
        1.810286,
        1.300845,
        1.717645,
        3.480823,
        1.4914990000000001,
        1.215862,
        0.917898
    ],
    [
        0.525599,
        1.497412,
        1.678956,
        2.008829,
        1.956214,
        1.064363,
        0.531608,
        1.802792,
        1.631231,
        1.636776,
        1.5532439999999998,
        0.787336,
        0.0,
        1.886202,
        0.513509,
        1.739443,
        2.7231039999999997,
        1.488094,
        1.8282360000000002,
        0.220476
    ],
    [
        1.79871,
        0.509243,
        0.266599,
        0.713256,
        0.081656,
        1.035768,
        1.792701,
        0.448469,
        1.385213,
        0.37520800000000004,
        0.452488,
        1.810286,
        1.886202,
        0.0,
        1.867536,
        0.21835300000000002,
        3.727288,
        0.465403,
        1.980808,
        2.01978
    ],
    [
        0.01209,
        1.488884,
        1.670428,
        1.568209,
        1.949192,
        1.185374,
        0.0181,
        1.585604,
        1.1941089999999999,
        1.6282480000000001,
        1.544716,
        1.300845,
        0.513509,
        1.867536,
        0.0,
        1.6640409999999999,
        2.281975,
        1.4122260000000002,
        2.1900410000000003,
        0.657224
    ],
    [
        1.651951,
        0.362483,
        0.177636,
        0.49490300000000004,
        0.300008,
        0.93931,
        1.645941,
        0.23011600000000001,
        1.16686,
        0.166629,
        0.24391,
        1.717645,
        1.739443,
        0.21835300000000002,
        1.6640409999999999,
        0.0,
        3.508935,
        0.31864299999999995,
        2.135829,
        1.87302
    ],
    [
        2.2940650000000002,
        3.504607,
        3.6861509999999997,
        3.247814,
        3.704285,
        3.394969,
        2.3000749999999996,
        3.2788180000000002,
        2.447018,
        3.415465,
        3.474285,
        3.480823,
        2.7231039999999997,
        3.727288,
        2.281975,
        3.508935,
        0.0,
        3.484686,
        4.41563,
        2.5629250000000003
    ],
    [
        1.400136,
        0.071879,
        0.22950399999999999,
        0.694783,
        0.547058,
        0.631753,
        1.394127,
        0.460872,
        1.094082,
        0.29335,
        0.209818,
        1.4914990000000001,
        1.488094,
        0.465403,
        1.4122260000000002,
        0.31864299999999995,
        3.484686,
        0.0,
        2.002955,
        1.621206
    ],
    [
        2.177951,
        1.995615,
        2.084407,
        2.669699,
        2.049207,
        1.523566,
        2.171941,
        2.365945,
        2.884303,
        2.268266,
        2.1847339999999997,
        1.215862,
        1.8282360000000002,
        1.980808,
        2.1900410000000003,
        2.135829,
        4.41563,
        2.002955,
        0.0,
        1.962653
    ],
    [
        0.669314,
        1.641127,
        1.822672,
        2.152544,
        2.0999299999999996,
        1.208078,
        0.6753239999999999,
        1.946507,
        1.774946,
        1.780491,
        1.696959,
        0.917898,
        0.220476,
        2.01978,
        0.657224,
        1.87302,
        2.5629250000000003,
        1.621206,
        1.962653,
        0.0
    ]
]