[
    [
        0.0,
        0.230824,
        0.230666,
        0.230953,
        0.4685,
        0.46486900000000003,
        0.318848,
        0.424131,
        0.28107499999999996,
        0.35874,
        0.468238,
        0.36000299999999996,
        0.21354499999999998,
        0.23879599999999998,
        0.260635,
        0.29658999999999996,
        2.23277,
        0.154857,
        0.14177199999999998,
        0.212793,
        0.452706,
        0.062779,
        1.1200709999999998,
        1.653144,
        0.288054,
        0.522102,
        0.333858,
        0.434062,
        0.477933,
        1.084317,
        1.116302,
        2.233166,
        1.487115,
        0.26313099999999995,
        0.759042,
        0.600866,
        0.42081999999999997,
        0.508861,
        0.07526999999999999,
        0.462037,
        1.764626,
        0.22999799999999998,
        0.480459,
        1.0384149999999999
    ],
    [
        0.230824,
        0.0,
        0.274526,
        0.38491899999999996,
        0.345968,
        0.342337,
        0.36270800000000003,
        0.24898699999999999,
        0.220515,
        0.183596,
        0.424088,
        0.590827,
        0.257405,
        0.282656,
        0.491459,
        0.340449,
        2.0576260000000004,
        0.29090699999999997,
        0.185632,
        0.090261,
        0.33017399999999997,
        0.293603,
        0.997539,
        1.597963,
        0.331914,
        0.39957,
        0.21132599999999999,
        0.338021,
        0.355401,
        1.293826,
        1.243047,
        2.058022,
        1.311971,
        0.140599,
        0.63651,
        0.644726,
        0.24567599999999998,
        0.7396849999999999,
        0.21131899999999998,
        0.365997,
        1.766783,
        0.273858,
        0.38441899999999996,
        1.247925
    ],
    [
        0.230666,
        0.274526,
        0.0,
        0.384761,
        0.33242700000000003,
        0.47181,
        0.088182,
        0.45053,
        0.15009999999999998,
        0.402442,
        0.237572,
        0.590668,
        0.017120999999999997,
        0.00813,
        0.491301,
        0.08674899999999999,
        2.276472,
        0.290748,
        0.185474,
        0.25649500000000003,
        0.367245,
        0.293445,
        1.006602,
        1.435636,
        0.07821299999999999,
        0.436641,
        0.261807,
        0.203396,
        0.392472,
        1.0192999999999999,
        1.2859390000000002,
        2.276868,
        1.530817,
        0.306832,
        0.645573,
        0.3702,
        0.464521,
        0.739527,
        0.211161,
        0.23137100000000002,
        1.6044559999999999,
        0.0006680000000000001,
        0.24979300000000002,
        0.973398
    ],
    [
        0.230953,
        0.38491899999999996,
        0.384761,
        0.0,
        0.622595,
        0.6189629999999999,
        0.47294200000000003,
        0.578226,
        0.43517,
        0.512835,
        0.622332,
        0.5842050000000001,
        0.36763999999999997,
        0.39289100000000005,
        0.478084,
        0.45068400000000003,
        2.352716,
        0.076096,
        0.19928700000000002,
        0.366888,
        0.606801,
        0.293731,
        1.274166,
        1.820397,
        0.442149,
        0.676197,
        0.48795299999999997,
        0.5881559999999999,
        0.632028,
        1.30852,
        0.901178,
        2.353113,
        1.64121,
        0.417225,
        0.913137,
        0.754961,
        0.574914,
        0.733063,
        0.155683,
        0.6161319999999999,
        1.988828,
        0.384093,
        0.634554,
        1.262618
    ],
    [
        0.4685,
        0.345968,
        0.33242700000000003,
        0.622595,
        0.0,
        0.139383,
        0.254679,
        0.118103,
        0.145469,
        0.183494,
        0.283383,
        0.828503,
        0.349548,
        0.324297,
        0.729135,
        0.419176,
        2.0360650000000002,
        0.528583,
        0.423308,
        0.255707,
        0.034817999999999995,
        0.531279,
        0.702183,
        1.364137,
        0.41064100000000003,
        0.104213,
        0.224172,
        0.129032,
        0.060044,
        1.2379749999999998,
        1.5237729999999998,
        2.036461,
        1.29041,
        0.20537,
        0.341154,
        0.478648,
        0.377795,
        0.977361,
        0.448995,
        0.10105599999999999,
        1.5329570000000001,
        0.33309500000000003,
        0.082634,
        1.1920730000000002
    ],
    [
        0.46486900000000003,
        0.342337,
        0.47181,
        0.6189629999999999,
        0.139383,
        0.0,
        0.394062,
        0.09751,
        0.22972900000000002,
        0.16290100000000002,
        0.422765,
        0.824871,
        0.488931,
        0.46368,
        0.725503,
        0.5585589999999999,
        2.015472,
        0.5249510000000001,
        0.419677,
        0.252075,
        0.123589,
        0.5276470000000001,
        0.7909539999999999,
        1.503519,
        0.550024,
        0.19298500000000002,
        0.22053999999999999,
        0.268414,
        0.148816,
        1.3773579999999999,
        1.5201410000000002,
        2.0158679999999998,
        1.269817,
        0.201738,
        0.429925,
        0.618031,
        0.357202,
        0.9737290000000001,
        0.445363,
        0.24043899999999999,
        1.67234,
        0.472477,
        0.222017,
        1.331456
    ],
    [
        0.318848,
        0.36270800000000003,
        0.088182,
        0.47294200000000003,
        0.254679,
        0.394062,
        0.0,
        0.37278300000000003,
        0.193247,
        0.438173,
        0.184014,
        0.669162,
        0.105302,
        0.08005200000000001,
        0.5870639999999999,
        0.174931,
        2.290744,
        0.37893,
        0.273656,
        0.305124,
        0.289497,
        0.38162599999999997,
        0.9288540000000001,
        1.357888,
        0.16639500000000002,
        0.35889299999999996,
        0.184059,
        0.125648,
        0.314724,
        0.9937290000000001,
        1.3741210000000001,
        2.29114,
        1.545089,
        0.254787,
        0.567825,
        0.326793,
        0.5527029999999999,
        0.7762340000000001,
        0.299343,
        0.15362299999999998,
        1.526709,
        0.088849,
        0.17204499999999998,
        0.947827
    ],
    [
        0.424131,
        0.24898699999999999,
        0.45053,
        0.578226,
        0.118103,
        0.09751,
        0.37278300000000003,
        0.0,
        0.20844900000000002,
        0.065391,
        0.401486,
        0.7841330000000001,
        0.450712,
        0.44239999999999996,
        0.684765,
        0.537279,
        1.917961,
        0.484213,
        0.378939,
        0.230795,
        0.102309,
        0.486909,
        0.769674,
        1.48224,
        0.528744,
        0.17170500000000002,
        0.199261,
        0.247135,
        0.127536,
        1.356078,
        1.492034,
        1.918358,
        1.172307,
        0.180458,
        0.408645,
        0.596751,
        0.25969099999999995,
        0.9329919999999999,
        0.404626,
        0.219159,
        1.65106,
        0.451198,
        0.200737,
        1.310176
    ],
    [
        0.28107499999999996,
        0.220515,
        0.15009999999999998,
        0.43517,
        0.145469,
        0.22972900000000002,
        0.193247,
        0.20844900000000002,
        0.0,
        0.27384,
        0.22194999999999998,
        0.641077,
        0.146395,
        0.15822999999999998,
        0.54171,
        0.063351,
        2.126411,
        0.341157,
        0.235883,
        0.13025299999999998,
        0.110652,
        0.343854,
        0.797041,
        1.395825,
        0.071658,
        0.041256,
        0.009188,
        0.135883,
        0.15490199999999998,
        1.1694,
        1.3363479999999999,
        2.126807,
        1.380756,
        0.079916,
        0.436012,
        0.461287,
        0.425995,
        0.7899360000000001,
        0.26156999999999997,
        0.163859,
        1.564645,
        0.14943199999999998,
        0.182281,
        1.123498
    ],
    [
        0.35874,
        0.183596,
        0.402442,
        0.512835,
        0.183494,
        0.16290100000000002,
        0.438173,
        0.065391,
        0.27384,
        0.0,
        0.46687599999999996,
        0.718742,
        0.385321,
        0.410572,
        0.619375,
        0.46836500000000003,
        1.8740299999999999,
        0.418822,
        0.313548,
        0.21817699999999998,
        0.1677,
        0.42151900000000003,
        0.8350650000000001,
        1.54763,
        0.45982999999999996,
        0.237096,
        0.264652,
        0.312526,
        0.192927,
        1.421742,
        1.426643,
        1.874426,
        1.128375,
        0.24584899999999998,
        0.474036,
        0.662142,
        0.194301,
        0.867601,
        0.339235,
        0.28455,
        1.716451,
        0.401774,
        0.266128,
        1.37584
    ],
    [
        0.468238,
        0.424088,
        0.237572,
        0.622332,
        0.283383,
        0.422765,
        0.184014,
        0.401486,
        0.22194999999999998,
        0.46687599999999996,
        0.0,
        0.813615,
        0.254693,
        0.229442,
        0.7315159999999999,
        0.324321,
        2.3194470000000003,
        0.52832,
        0.423046,
        0.333827,
        0.3182,
        0.5310159999999999,
        0.957557,
        1.1989159999999999,
        0.31578500000000004,
        0.387596,
        0.212762,
        0.154351,
        0.34342700000000004,
        1.138182,
        1.523511,
        2.3198429999999997,
        1.5737919999999999,
        0.28349,
        0.596529,
        0.264378,
        0.614084,
        0.920686,
        0.448733,
        0.182326,
        1.367737,
        0.238239,
        0.20074799999999998,
        1.09228
    ],
    [
        0.36000299999999996,
        0.590827,
        0.590668,
        0.5842050000000001,
        0.828503,
        0.824871,
        0.669162,
        0.7841330000000001,
        0.641077,
        0.718742,
        0.813615,
        0.0,
        0.573548,
        0.598799,
        0.099368,
        0.656592,
        2.6099870000000003,
        0.51486,
        0.501775,
        0.5727960000000001,
        0.8127089999999999,
        0.376919,
        1.4800740000000001,
        1.443219,
        0.648057,
        0.882105,
        0.693861,
        0.7781710000000001,
        0.837936,
        0.736921,
        1.009195,
        2.6103829999999997,
        1.847118,
        0.623133,
        1.119045,
        0.838862,
        0.780822,
        0.148858,
        0.435272,
        0.8061470000000001,
        1.5547,
        0.590001,
        0.824569,
        0.691019
    ],
    [
        0.21354499999999998,
        0.257405,
        0.017120999999999997,
        0.36763999999999997,
        0.349548,
        0.488931,
        0.105302,
        0.450712,
        0.146395,
        0.385321,
        0.254693,
        0.573548,
        0.0,
        0.025251000000000003,
        0.47418,
        0.08304399999999999,
        2.259351,
        0.273628,
        0.168353,
        0.239374,
        0.384366,
        0.276324,
        1.023723,
        1.452757,
        0.074509,
        0.453762,
        0.278928,
        0.220517,
        0.40959300000000004,
        1.036421,
        1.268818,
        2.259747,
        1.513696,
        0.289711,
        0.662694,
        0.387321,
        0.447401,
        0.722406,
        0.19404,
        0.248492,
        1.621577,
        0.016453,
        0.266914,
        0.990519
    ],
    [
        0.23879599999999998,
        0.282656,
        0.00813,
        0.39289100000000005,
        0.324297,
        0.46368,
        0.08005200000000001,
        0.44239999999999996,
        0.15822999999999998,
        0.410572,
        0.229442,
        0.598799,
        0.025251000000000003,
        0.0,
        0.49943099999999996,
        0.094879,
        2.284602,
        0.298879,
        0.19360400000000003,
        0.264625,
        0.359115,
        0.301575,
        0.998472,
        1.4275060000000002,
        0.08634399999999999,
        0.42851100000000003,
        0.253677,
        0.195266,
        0.38434199999999996,
        1.01117,
        1.294069,
        2.284998,
        1.5389469999999998,
        0.31496199999999996,
        0.637443,
        0.36207,
        0.47265199999999996,
        0.747657,
        0.21929099999999999,
        0.22324100000000002,
        1.596326,
        0.008798,
        0.24166300000000002,
        0.965268
    ],
    [
        0.260635,
        0.491459,
        0.491301,
        0.478084,
        0.729135,
        0.725503,
        0.5870639999999999,
        0.684765,
        0.54171,
        0.619375,
        0.7315159999999999,
        0.099368,
        0.47418,
        0.49943099999999996,
        0.0,
        0.557224,
        2.537871,
        0.41549200000000003,
        0.40240699999999996,
        0.473428,
        0.713341,
        0.277551,
        1.380706,
        1.392509,
        0.548689,
        0.782737,
        0.594493,
        0.694696,
        0.738568,
        0.823682,
        0.949457,
        2.538268,
        1.74775,
        0.523765,
        1.019677,
        0.762968,
        0.681454,
        0.248226,
        0.335904,
        0.722672,
        1.503991,
        0.490633,
        0.741094,
        0.777781
    ],
    [
        0.29658999999999996,
        0.340449,
        0.08674899999999999,
        0.45068400000000003,
        0.419176,
        0.5585589999999999,
        0.174931,
        0.537279,
        0.063351,
        0.46836500000000003,
        0.324321,
        0.656592,
        0.08304399999999999,
        0.094879,
        0.557224,
        0.0,
        2.342395,
        0.35667200000000004,
        0.251398,
        0.32241899999999996,
        0.453994,
        0.359368,
        1.0933510000000002,
        1.522385,
        0.008307,
        0.52339,
        0.348556,
        0.290145,
        0.479221,
        1.106049,
        1.3518620000000001,
        2.342791,
        1.59674,
        0.372756,
        0.732322,
        0.456949,
        0.530445,
        0.80545,
        0.277084,
        0.31812,
        1.691206,
        0.086081,
        0.33654199999999995,
        1.0601479999999999
    ],
    [
        2.23277,
        2.0576260000000004,
        2.276472,
        2.352716,
        2.0360650000000002,
        2.015472,
        2.290744,
        1.917961,
        2.126411,
        1.8740299999999999,
        2.3194470000000003,
        2.6099870000000003,
        2.259351,
        2.284602,
        2.537871,
        2.342395,
        0.0,
        2.4288119999999997,
        2.3200819999999998,
        2.2247109999999997,
        2.41628,
        2.428052,
        2.682575,
        3.9063760000000003,
        2.466363,
        2.485675,
        2.345776,
        2.561105,
        2.441506,
        3.336119,
        2.797729,
        0.00039600000000000003,
        1.000931,
        2.275048,
        2.284719,
        2.7791750000000004,
        2.319081,
        2.758845,
        2.5084,
        2.5331289999999997,
        4.017858,
        2.408308,
        2.514708,
        3.290217
    ],
    [
        0.154857,
        0.29090699999999997,
        0.290748,
        0.076096,
        0.528583,
        0.5249510000000001,
        0.37893,
        0.484213,
        0.341157,
        0.418822,
        0.52832,
        0.51486,
        0.273628,
        0.298879,
        0.41549200000000003,
        0.35667200000000004,
        2.4288119999999997,
        0.0,
        0.192467,
        0.27287599999999995,
        0.5127889999999999,
        0.217636,
        1.180154,
        1.726385,
        0.348137,
        0.582185,
        0.393941,
        0.494144,
        0.5380159999999999,
        1.239174,
        0.977274,
        2.293249,
        1.547198,
        0.32321300000000003,
        0.819125,
        0.660949,
        0.480902,
        0.6637179999999999,
        0.07958799999999999,
        0.52212,
        1.919483,
        0.29008100000000003,
        0.5405420000000001,
        1.1932719999999999
    ],
    [
        0.14177199999999998,
        0.185632,
        0.185474,
        0.19928700000000002,
        0.423308,
        0.419677,
        0.273656,
        0.378939,
        0.235883,
        0.313548,
        0.423046,
        0.501775,
        0.168353,
        0.19360400000000003,
        0.40240699999999996,
        0.251398,
        2.3200819999999998,
        0.192467,
        0.0,
        0.167601,
        0.407514,
        0.20455099999999998,
        1.074879,
        1.6211099999999998,
        0.242862,
        0.47691,
        0.288666,
        0.38887,
        0.432741,
        1.2047739999999998,
        1.100465,
        2.187974,
        1.441923,
        0.217939,
        0.71385,
        0.555674,
        0.37562799999999996,
        0.650633,
        0.122267,
        0.416845,
        1.789931,
        0.184806,
        0.435267,
        1.158873
    ],
    [
        0.212793,
        0.090261,
        0.25649500000000003,
        0.366888,
        0.255707,
        0.252075,
        0.305124,
        0.230795,
        0.13025299999999998,
        0.21817699999999998,
        0.333827,
        0.5727960000000001,
        0.239374,
        0.264625,
        0.473428,
        0.32241899999999996,
        2.2247109999999997,
        0.27287599999999995,
        0.167601,
        0.0,
        0.23991300000000002,
        0.275572,
        0.907278,
        1.507701,
        0.31388299999999997,
        0.309309,
        0.12106499999999999,
        0.24775999999999998,
        0.26514,
        1.275795,
        1.2680660000000001,
        2.092603,
        1.346552,
        0.05033700000000001,
        0.546249,
        0.573163,
        0.280257,
        0.721654,
        0.19328800000000002,
        0.275735,
        1.676521,
        0.25582699999999997,
        0.294157,
        1.229894
    ],
    [
        0.452706,
        0.33017399999999997,
        0.367245,
        0.606801,
        0.034817999999999995,
        0.123589,
        0.289497,
        0.102309,
        0.110652,
        0.1677,
        0.3182,
        0.8127089999999999,
        0.384366,
        0.359115,
        0.713341,
        0.453994,
        2.41628,
        0.5127889999999999,
        0.407514,
        0.23991300000000002,
        0.0,
        0.515485,
        0.686389,
        1.398954,
        0.445459,
        0.069396,
        0.20837799999999998,
        0.163849,
        0.04425,
        1.272792,
        1.507979,
        2.020667,
        1.274616,
        0.189576,
        0.32536000000000004,
        0.513466,
        0.36200099999999996,
        0.9615670000000001,
        0.433201,
        0.135874,
        1.5677750000000001,
        0.36791199999999996,
        0.117452,
        1.2268910000000002
    ],
    [
        0.062779,
        0.293603,
        0.293445,
        0.293731,
        0.531279,
        0.5276470000000001,
        0.38162599999999997,
        0.486909,
        0.343854,
        0.42151900000000003,
        0.5310159999999999,
        0.376919,
        0.276324,
        0.301575,
        0.277551,
        0.359368,
        2.428052,
        0.217636,
        0.20455099999999998,
        0.275572,
        0.515485,
        0.0,
        1.18285,
        1.6700599999999999,
        0.350833,
        0.584881,
        0.396637,
        0.49683999999999995,
        0.540712,
        1.101233,
        1.133218,
        2.295945,
        1.549894,
        0.325909,
        0.821821,
        0.6636449999999999,
        0.48359800000000003,
        0.525777,
        0.138048,
        0.5248160000000001,
        1.781542,
        0.292777,
        0.5432380000000001,
        1.0553309999999998
    ],
    [
        1.1200709999999998,
        0.997539,
        1.006602,
        1.274166,
        0.702183,
        0.7909539999999999,
        0.9288540000000001,
        0.769674,
        0.797041,
        0.8350650000000001,
        0.957557,
        1.4800740000000001,
        1.023723,
        0.998472,
        1.380706,
        1.0933510000000002,
        2.682575,
        1.180154,
        1.074879,
        0.907278,
        0.686389,
        1.18285,
        0.0,
        1.959602,
        1.084816,
        0.755784,
        0.875743,
        0.803206,
        0.642138,
        1.91215,
        2.175344,
        2.246073,
        1.500021,
        0.8569410000000001,
        0.397856,
        1.128443,
        1.029366,
        1.628932,
        1.100566,
        0.775231,
        2.201096,
        1.0072699999999999,
        0.756809,
        1.8662480000000001
    ],
    [
        1.653144,
        1.597963,
        1.435636,
        1.820397,
        1.364137,
        1.503519,
        1.357888,
        1.48224,
        1.395825,
        1.54763,
        1.1989159999999999,
        1.443219,
        1.452757,
        1.4275060000000002,
        1.392509,
        1.522385,
        3.9063760000000003,
        1.726385,
        1.6211099999999998,
        1.507701,
        1.398954,
        1.6700599999999999,
        1.959602,
        0.0,
        1.2770709999999998,
        1.257571,
        1.175857,
        1.117445,
        1.213402,
        1.759867,
        2.317961,
        3.1898180000000003,
        2.443767,
        1.2465840000000001,
        1.442123,
        0.8286570000000001,
        1.531152,
        1.5423710000000002,
        1.410018,
        1.151537,
        0.16882,
        1.1995250000000002,
        1.133115,
        1.713965
    ],
    [
        0.288054,
        0.331914,
        0.07821299999999999,
        0.442149,
        0.41064100000000003,
        0.550024,
        0.16639500000000002,
        0.528744,
        0.071658,
        0.45982999999999996,
        0.31578500000000004,
        0.648057,
        0.074509,
        0.08634399999999999,
        0.548689,
        0.008307,
        2.466363,
        0.348137,
        0.242862,
        0.31388299999999997,
        0.445459,
        0.350833,
        1.084816,
        1.2770709999999998,
        0.0,
        0.514854,
        0.34002,
        0.281609,
        0.470685,
        1.0975139999999999,
        1.343327,
        2.334256,
        1.5882049999999999,
        0.36422000000000004,
        0.7237870000000001,
        0.448414,
        0.52191,
        0.7969149999999999,
        0.268549,
        0.309585,
        1.68267,
        0.077546,
        0.328007,
        1.051612
    ],
    [
        0.522102,
        0.39957,
        0.436641,
        0.676197,
        0.104213,
        0.19298500000000002,
        0.35889299999999996,
        0.17170500000000002,
        0.041256,
        0.237096,
        0.387596,
        0.882105,
        0.453762,
        0.42851100000000003,
        0.782737,
        0.52339,
        2.485675,
        0.582185,
        0.47691,
        0.309309,
        0.069396,
        0.584881,
        0.755784,
        1.257571,
        0.514854,
        0.0,
        0.032068,
        0.15876300000000002,
        0.113646,
        1.199422,
        1.377604,
        2.090062,
        1.344012,
        0.102795,
        0.394756,
        0.484166,
        0.431396,
        0.831192,
        0.30282600000000004,
        0.186738,
        1.587524,
        0.190688,
        0.18684800000000001,
        1.153521
    ],
    [
        0.333858,
        0.21132599999999999,
        0.261807,
        0.48795299999999997,
        0.224172,
        0.22053999999999999,
        0.184059,
        0.199261,
        0.009188,
        0.264652,
        0.212762,
        0.693861,
        0.278928,
        0.253677,
        0.594493,
        0.348556,
        2.345776,
        0.393941,
        0.288666,
        0.12106499999999999,
        0.20837799999999998,
        0.396637,
        0.875743,
        1.175857,
        0.34002,
        0.032068,
        0.0,
        0.126695,
        0.145714,
        1.167354,
        1.345536,
        2.1176190000000004,
        1.371567,
        0.070728,
        0.42682299999999995,
        0.452098,
        0.401322,
        0.7991240000000001,
        0.270758,
        0.15466999999999997,
        1.555457,
        0.15862,
        0.17309200000000002,
        1.121453
    ],
    [
        0.434062,
        0.338021,
        0.203396,
        0.5881559999999999,
        0.129032,
        0.268414,
        0.125648,
        0.247135,
        0.135883,
        0.312526,
        0.154351,
        0.7781710000000001,
        0.220517,
        0.195266,
        0.694696,
        0.290145,
        2.561105,
        0.494144,
        0.38887,
        0.24775999999999998,
        0.163849,
        0.49683999999999995,
        0.803206,
        1.117445,
        0.281609,
        0.15876300000000002,
        0.126695,
        0.0,
        0.189076,
        1.108943,
        1.489335,
        2.165492,
        1.419441,
        0.19742300000000002,
        0.442178,
        0.393687,
        0.506826,
        0.891448,
        0.414557,
        0.027975,
        1.497046,
        0.204063,
        0.046397,
        1.0630419999999998
    ],
    [
        0.477933,
        0.355401,
        0.392472,
        0.632028,
        0.060044,
        0.148816,
        0.314724,
        0.127536,
        0.15490199999999998,
        0.192927,
        0.34342700000000004,
        0.837936,
        0.40959300000000004,
        0.38434199999999996,
        0.738568,
        0.479221,
        2.441506,
        0.5380159999999999,
        0.432741,
        0.26514,
        0.04425,
        0.540712,
        0.642138,
        1.213402,
        0.470685,
        0.113646,
        0.145714,
        0.189076,
        0.0,
        1.298019,
        1.5332059999999998,
        2.045894,
        1.299843,
        0.214803,
        0.281109,
        0.538693,
        0.387227,
        0.986794,
        0.458428,
        0.161101,
        1.593001,
        0.393139,
        0.142679,
        1.2521179999999998
    ],
    [
        1.084317,
        1.293826,
        1.0192999999999999,
        1.30852,
        1.2379749999999998,
        1.3773579999999999,
        0.9937290000000001,
        1.356078,
        1.1694,
        1.421742,
        1.138182,
        0.736921,
        1.036421,
        1.01117,
        0.823682,
        1.106049,
        3.336119,
        1.239174,
        1.2047739999999998,
        1.275795,
        1.272792,
        1.101233,
        1.91215,
        1.759867,
        1.0975139999999999,
        1.199422,
        1.167354,
        1.108943,
        1.298019,
        0.0,
        1.735327,
        3.336515,
        2.528385,
        1.2380820000000001,
        1.5511210000000002,
        1.169634,
        1.483822,
        0.668427,
        1.161404,
        1.136919,
        1.871349,
        1.019968,
        1.155341,
        0.045902
    ],
    [
        1.116302,
        1.243047,
        1.2859390000000002,
        0.901178,
        1.5237729999999998,
        1.5201410000000002,
        1.3741210000000001,
        1.492034,
        1.3363479999999999,
        1.426643,
        1.523511,
        1.009195,
        1.268818,
        1.294069,
        0.949457,
        1.3518620000000001,
        2.797729,
        0.977274,
        1.100465,
        1.2680660000000001,
        1.507979,
        1.133218,
        2.175344,
        2.317961,
        1.343327,
        1.377604,
        1.345536,
        1.489335,
        1.5332059999999998,
        1.735327,
        0.0,
        2.798125,
        2.271585,
        1.318403,
        1.8143150000000001,
        1.618636,
        1.476093,
        1.1580530000000002,
        1.0568620000000002,
        1.51731,
        2.429443,
        1.285271,
        1.5357319999999999,
        1.689425
    ],
    [
        2.233166,
        2.058022,
        2.276868,
        2.353113,
        2.036461,
        2.0158679999999998,
        2.29114,
        1.918358,
        2.126807,
        1.874426,
        2.3198429999999997,
        2.6103829999999997,
        2.259747,
        2.284998,
        2.538268,
        2.342791,
        0.00039600000000000003,
        2.293249,
        2.187974,
        2.092603,
        2.020667,
        2.295945,
        2.246073,
        3.1898180000000003,
        2.334256,
        2.090062,
        2.1176190000000004,
        2.165492,
        2.045894,
        3.336515,
        2.798125,
        0.0,
        1.001328,
        2.275444,
        2.285115,
        2.779572,
        2.319477,
        2.759241,
        2.508796,
        2.5335259999999997,
        4.018254,
        2.408704,
        2.515104,
        3.290613
    ],
    [
        1.487115,
        1.311971,
        1.530817,
        1.64121,
        1.29041,
        1.269817,
        1.545089,
        1.172307,
        1.380756,
        1.128375,
        1.5737919999999999,
        1.847118,
        1.513696,
        1.5389469999999998,
        1.74775,
        1.59674,
        1.000931,
        1.547198,
        1.441923,
        1.346552,
        1.274616,
        1.549894,
        1.500021,
        2.443767,
        1.5882049999999999,
        1.344012,
        1.371567,
        1.419441,
        1.299843,
        2.528385,
        2.271585,
        1.001328,
        0.0,
        1.7488810000000001,
        1.539064,
        2.165067,
        1.7187919999999999,
        2.2141610000000003,
        1.7569359999999998,
        1.787475,
        3.219375,
        1.8195830000000002,
        1.7690530000000002,
        2.743823
    ],
    [
        0.26313099999999995,
        0.140599,
        0.306832,
        0.417225,
        0.20537,
        0.201738,
        0.254787,
        0.180458,
        0.079916,
        0.24584899999999998,
        0.28349,
        0.623133,
        0.289711,
        0.31496199999999996,
        0.523765,
        0.372756,
        2.275048,
        0.32321300000000003,
        0.217939,
        0.05033700000000001,
        0.189576,
        0.325909,
        0.8569410000000001,
        1.2465840000000001,
        0.36422000000000004,
        0.102795,
        0.070728,
        0.19742300000000002,
        0.214803,
        1.2380820000000001,
        1.318403,
        2.275444,
        1.7488810000000001,
        0.0,
        0.49591199999999996,
        0.522826,
        0.330594,
        0.771991,
        0.243625,
        0.225398,
        1.626184,
        0.306165,
        0.24381999999999998,
        1.19218
    ],
    [
        0.759042,
        0.63651,
        0.645573,
        0.913137,
        0.341154,
        0.429925,
        0.567825,
        0.408645,
        0.436012,
        0.474036,
        0.596529,
        1.119045,
        0.662694,
        0.637443,
        1.019677,
        0.732322,
        2.284719,
        0.819125,
        0.71385,
        0.546249,
        0.32536000000000004,
        0.821821,
        0.397856,
        1.442123,
        0.7237870000000001,
        0.394756,
        0.42682299999999995,
        0.442178,
        0.281109,
        1.5511210000000002,
        1.8143150000000001,
        2.285115,
        1.539064,
        0.49591199999999996,
        0.0,
        0.767414,
        0.668337,
        1.267903,
        0.739537,
        0.414202,
        1.840068,
        0.646241,
        0.39577999999999997,
        1.505219
    ],
    [
        0.600866,
        0.644726,
        0.3702,
        0.754961,
        0.478648,
        0.618031,
        0.326793,
        0.596751,
        0.461287,
        0.662142,
        0.264378,
        0.838862,
        0.387321,
        0.36207,
        0.762968,
        0.456949,
        2.7791750000000004,
        0.660949,
        0.555674,
        0.573163,
        0.513466,
        0.6636449999999999,
        1.128443,
        0.8286570000000001,
        0.448414,
        0.484166,
        0.452098,
        0.393687,
        0.538693,
        1.169634,
        1.618636,
        2.779572,
        2.165067,
        0.522826,
        0.767414,
        0.0,
        0.856443,
        0.952138,
        0.581361,
        0.421663,
        1.223076,
        0.370867,
        0.44008400000000003,
        1.123732
    ],
    [
        0.42081999999999997,
        0.24567599999999998,
        0.464521,
        0.574914,
        0.377795,
        0.357202,
        0.5527029999999999,
        0.25969099999999995,
        0.425995,
        0.194301,
        0.614084,
        0.780822,
        0.447401,
        0.47265199999999996,
        0.681454,
        0.530445,
        2.319081,
        0.480902,
        0.37562799999999996,
        0.280257,
        0.36200099999999996,
        0.48359800000000003,
        1.029366,
        1.531152,
        0.52191,
        0.431396,
        0.401322,
        0.506826,
        0.387227,
        1.483822,
        1.476093,
        2.319477,
        1.7187919999999999,
        0.330594,
        0.668337,
        0.856443,
        0.0,
        0.92968,
        0.401315,
        0.478851,
        1.910752,
        0.463854,
        0.460429,
        1.43792
    ],
    [
        0.508861,
        0.7396849999999999,
        0.739527,
        0.733063,
        0.977361,
        0.9737290000000001,
        0.7762340000000001,
        0.9329919999999999,
        0.7899360000000001,
        0.867601,
        0.920686,
        0.148858,
        0.722406,
        0.747657,
        0.248226,
        0.80545,
        2.758845,
        0.6637179999999999,
        0.650633,
        0.721654,
        0.9615670000000001,
        0.525777,
        1.628932,
        1.5423710000000002,
        0.7969149999999999,
        0.831192,
        0.7991240000000001,
        0.891448,
        0.986794,
        0.668427,
        1.1580530000000002,
        2.759241,
        2.2141610000000003,
        0.771991,
        1.267903,
        0.952138,
        0.92968,
        0.0,
        0.58413,
        0.919423,
        1.653853,
        0.738859,
        0.937845,
        0.622525
    ],
    [
        0.07526999999999999,
        0.21131899999999998,
        0.211161,
        0.155683,
        0.448995,
        0.445363,
        0.299343,
        0.404626,
        0.26156999999999997,
        0.339235,
        0.448733,
        0.435272,
        0.19404,
        0.21929099999999999,
        0.335904,
        0.277084,
        2.5084,
        0.07958799999999999,
        0.122267,
        0.19328800000000002,
        0.433201,
        0.138048,
        1.100566,
        1.410018,
        0.268549,
        0.30282600000000004,
        0.270758,
        0.414557,
        0.458428,
        1.161404,
        1.0568620000000002,
        2.508796,
        1.7569359999999998,
        0.243625,
        0.739537,
        0.581361,
        0.401315,
        0.58413,
        0.0,
        0.442532,
        1.839895,
        0.21049299999999999,
        0.46095400000000003,
        1.113685
    ],
    [
        0.462037,
        0.365997,
        0.23137100000000002,
        0.6161319999999999,
        0.10105599999999999,
        0.24043899999999999,
        0.15362299999999998,
        0.219159,
        0.163859,
        0.28455,
        0.182326,
        0.8061470000000001,
        0.248492,
        0.22324100000000002,
        0.722672,
        0.31812,
        2.5331289999999997,
        0.52212,
        0.416845,
        0.275735,
        0.135874,
        0.5248160000000001,
        0.775231,
        1.151537,
        0.309585,
        0.186738,
        0.15466999999999997,
        0.027975,
        0.161101,
        1.136919,
        1.51731,
        2.5335259999999997,
        1.787475,
        0.225398,
        0.414202,
        0.421663,
        0.478851,
        0.919423,
        0.442532,
        0.0,
        1.531137,
        0.23203800000000002,
        0.018422,
        1.0910170000000001
    ],
    [
        1.764626,
        1.766783,
        1.6044559999999999,
        1.988828,
        1.5329570000000001,
        1.67234,
        1.526709,
        1.65106,
        1.564645,
        1.716451,
        1.367737,
        1.5547,
        1.621577,
        1.596326,
        1.503991,
        1.691206,
        4.017858,
        1.919483,
        1.789931,
        1.676521,
        1.5677750000000001,
        1.781542,
        2.201096,
        0.16882,
        1.68267,
        1.587524,
        1.555457,
        1.497046,
        1.593001,
        1.871349,
        2.429443,
        4.018254,
        3.219375,
        1.626184,
        1.840068,
        1.223076,
        1.910752,
        1.653853,
        1.839895,
        1.531137,
        0.0,
        1.311007,
        1.244597,
        1.8254469999999998
    ],
    [
        0.22999799999999998,
        0.273858,
        0.0006680000000000001,
        0.384093,
        0.33309500000000003,
        0.472477,
        0.088849,
        0.451198,
        0.14943199999999998,
        0.401774,
        0.238239,
        0.590001,
        0.016453,
        0.008798,
        0.490633,
        0.086081,
        2.408308,
        0.29008100000000003,
        0.184806,
        0.25582699999999997,
        0.36791199999999996,
        0.292777,
        1.0072699999999999,
        1.1995250000000002,
        0.077546,
        0.190688,
        0.15862,
        0.204063,
        0.393139,
        1.019968,
        1.285271,
        2.408704,
        1.8195830000000002,
        0.306165,
        0.646241,
        0.370867,
        0.463854,
        0.738859,
        0.21049299999999999,
        0.23203800000000002,
        1.311007,
        0.0,
        0.25046,
        0.974066
    ],
    [
        0.480459,
        0.38441899999999996,
        0.24979300000000002,
        0.634554,
        0.082634,
        0.222017,
        0.17204499999999998,
        0.200737,
        0.182281,
        0.266128,
        0.20074799999999998,
        0.824569,
        0.266914,
        0.24166300000000002,
        0.741094,
        0.33654199999999995,
        2.514708,
        0.5405420000000001,
        0.435267,
        0.294157,
        0.117452,
        0.5432380000000001,
        0.756809,
        1.133115,
        0.328007,
        0.18684800000000001,
        0.17309200000000002,
        0.046397,
        0.142679,
        1.155341,
        1.5357319999999999,
        2.515104,
        1.7690530000000002,
        0.24381999999999998,
        0.39577999999999997,
        0.44008400000000003,
        0.460429,
        0.937845,
        0.46095400000000003,
        0.018422,
        1.244597,
        0.25046,
        0.0,
        1.109439
    ],
    [
        1.0384149999999999,
        1.247925,
        0.973398,
        1.262618,
        1.1920730000000002,
        1.331456,
        0.947827,
        1.310176,
        1.123498,
        1.37584,
        1.09228,
        0.691019,
        0.990519,
        0.965268,
        0.777781,
        1.0601479999999999,
        3.290217,
        1.1932719999999999,
        1.158873,
        1.229894,
        1.2268910000000002,
        1.0553309999999998,
        1.8662480000000001,
        1.713965,
        1.051612,
        1.153521,
        1.121453,
        1.0630419999999998,
        1.2521179999999998,
        0.045902,
        1.689425,
        3.290613,
        2.743823,
        1.19218,
        1.505219,
        1.123732,
        1.43792,
        0.622525,
        1.113685,
        1.0910170000000001,
        1.8254469999999998,
        0.974066,
        1.109439,
        0.0
    ]
]