[
    [
        0.0,
        0.8788469999999999,
        0.511845,
        0.658799,
        0.540267,
        3.57904,
        2.2377260000000003,
        0.5749500000000001,
        1.3576489999999999,
        1.1819369999999998,
        1.44068,
        0.46295299999999995,
        1.486065,
        2.50782,
        1.137605,
        3.433493,
        2.708421,
        1.3504079999999998,
        1.639203,
        1.4189690000000001,
        0.449601,
        3.072954,
        1.844672,
        2.121562,
        3.382154,
        2.893798,
        2.392668,
        2.512475,
        1.954022,
        0.645515,
        0.446014,
        1.554314,
        3.0150010000000003,
        0.933549,
        1.401084,
        2.587944,
        2.441661,
        2.249777,
        1.322643,
        1.031532,
        3.146874,
        1.8127929999999999,
        2.02581,
        0.196404,
        0.659909,
        2.435816,
        2.2085,
        0.969229,
        2.684783,
        2.16582,
        1.8553030000000001,
        3.30913,
        1.939809,
        0.590148,
        2.175449,
        3.443104,
        2.215806,
        3.82301,
        3.5254299999999996,
        2.917867
    ],
    [
        0.8788469999999999,
        0.0,
        0.738774,
        0.502556,
        0.942864,
        4.123131,
        1.438637,
        0.675669,
        1.325184,
        0.9559059999999999,
        0.7599940000000001,
        1.2453910000000001,
        1.4536,
        3.011117,
        0.494041,
        3.225733,
        3.3038719999999997,
        1.317943,
        2.111724,
        1.173047,
        1.233834,
        2.279199,
        1.176817,
        2.691763,
        2.7359229999999997,
        3.562199,
        2.8959650000000003,
        3.1446520000000002,
        1.926689,
        0.84877,
        1.229349,
        1.52185,
        2.221247,
        0.396254,
        1.2254390000000002,
        1.761651,
        2.944958,
        3.032993,
        0.641957,
        1.6578089999999999,
        2.353119,
        2.382994,
        2.5291069999999998,
        0.957645,
        0.46248700000000004,
        1.642062,
        2.4980230000000003,
        0.897937,
        1.85849,
        2.736021,
        2.31334,
        3.936852,
        2.2655079999999996,
        0.532249,
        2.149383,
        3.8177510000000003,
        2.187087,
        2.9967170000000003,
        4.152827,
        2.091574
    ],
    [
        0.511845,
        0.738774,
        0.0,
        0.269903,
        0.9028099999999999,
        3.299915,
        1.856211,
        0.063105,
        0.974168,
        0.816767,
        1.542224,
        0.8563390000000001,
        1.102584,
        2.459015,
        1.2391489999999998,
        3.0527480000000002,
        2.47275,
        0.966927,
        2.1011889999999998,
        1.035191,
        0.843884,
        2.691439,
        1.4607480000000002,
        2.5160270000000002,
        2.9986729999999997,
        2.957498,
        2.343863,
        2.2963139999999997,
        1.5705419999999999,
        0.8100170000000001,
        0.8393999999999999,
        1.170833,
        2.633486,
        1.0380850000000001,
        1.017603,
        2.242438,
        2.392856,
        2.313477,
        1.4241869999999999,
        1.220172,
        2.765359,
        2.2072570000000002,
        1.9770050000000001,
        0.65839,
        0.315081,
        2.0543020000000003,
        2.140609,
        1.188247,
        2.339277,
        2.5602840000000002,
        2.317289,
        3.113637,
        1.8555229999999998,
        0.259274,
        1.7919690000000001,
        3.207432,
        1.8323260000000001,
        3.4775050000000003,
        3.329612,
        2.572362
    ],
    [
        0.658799,
        0.502556,
        0.269903,
        0.0,
        0.816667,
        3.693211,
        1.6422139999999998,
        0.206361,
        0.981885,
        0.67112,
        1.242985,
        1.049393,
        1.110302,
        2.65701,
        1.053873,
        2.913291,
        2.873952,
        0.974645,
        1.985527,
        0.8882599999999999,
        1.037836,
        2.477441,
        1.275717,
        2.565566,
        2.934165,
        3.132279,
        2.5418580000000004,
        2.7147330000000003,
        1.578259,
        0.747291,
        1.033352,
        1.178551,
        2.419489,
        0.852808,
        0.940652,
        2.025334,
        2.5908510000000002,
        2.583532,
        1.124948,
        1.2278889999999998,
        2.551361,
        2.256797,
        2.175,
        0.780894,
        0.115842,
        1.8403040000000002,
        2.148326,
        1.126297,
        2.1221729999999996,
        2.609823,
        2.187143,
        3.506932,
        1.86324,
        0.124081,
        1.799686,
        3.463644,
        1.8400429999999999,
        3.2604,
        3.722907,
        2.355257
    ],
    [
        0.540267,
        0.942864,
        0.9028099999999999,
        0.816667,
        0.0,
        4.116447,
        2.3422579999999997,
        0.787732,
        1.5792490000000001,
        1.403537,
        0.976481,
        0.818822,
        1.707665,
        3.0480859999999996,
        0.682015,
        3.657828,
        3.250553,
        1.572008,
        1.276459,
        1.640569,
        0.8314450000000001,
        3.18282,
        2.022331,
        1.8564990000000001,
        3.603754,
        3.4359290000000002,
        2.9329340000000004,
        3.054606,
        2.1756219999999997,
        0.231987,
        0.819568,
        1.775914,
        3.124867,
        0.730109,
        1.622684,
        2.665272,
        2.981928,
        2.791908,
        0.886955,
        1.825253,
        3.2567399999999997,
        1.5477290000000001,
        2.5660770000000004,
        0.49742899999999995,
        0.7792190000000001,
        2.545683,
        2.745689,
        0.428962,
        2.762111,
        1.9007560000000001,
        1.478076,
        3.851587,
        2.460604,
        0.767499,
        2.397049,
        3.9852350000000003,
        2.4374059999999997,
        3.8323539999999996,
        4.067562,
        2.9951950000000003
    ],
    [
        3.57904,
        4.123131,
        3.299915,
        3.693211,
        4.116447,
        0.0,
        4.215998,
        3.358531,
        2.9902919999999997,
        3.231431,
        5.012430999999999,
        3.626748,
        2.956892,
        1.792166,
        4.705694,
        3.607528,
        1.082084,
        2.983051,
        4.378875,
        3.2253879999999997,
        3.614293,
        3.662737,
        3.765545,
        4.6515200000000005,
        3.9811680000000003,
        0.777096,
        1.7741479999999998,
        1.107972,
        2.8535369999999998,
        4.213603,
        3.630076,
        2.901676,
        3.8668780000000003,
        4.5046289999999996,
        3.207502,
        4.741148,
        1.7165080000000001,
        1.3092000000000001,
        4.890731,
        2.5826759999999997,
        4.180479,
        4.34275,
        1.962055,
        3.724306,
        3.589355,
        3.867404,
        2.246731,
        4.540979999999999,
        4.912425,
        4.6957759999999995,
        4.475685,
        0.7557590000000001,
        2.4714560000000003,
        3.532889,
        2.62287,
        1.1804469999999998,
        3.063142,
        5.900912,
        0.531892,
        4.92056
    ],
    [
        2.2377260000000003,
        1.438637,
        1.856211,
        1.6422139999999998,
        2.3422579999999997,
        4.215998,
        0.0,
        1.764323,
        1.414569,
        1.064639,
        1.8364310000000001,
        2.6360569999999997,
        1.539678,
        2.9728809999999997,
        1.865115,
        2.190394,
        3.387323,
        1.407329,
        3.5292600000000003,
        1.2315999999999998,
        2.6245,
        1.2438589999999998,
        0.656039,
        4.109299,
        1.717943,
        3.642516,
        2.925022,
        3.22497,
        1.7502950000000002,
        2.257447,
        2.620015,
        1.611469,
        1.1670440000000002,
        1.823542,
        1.283992,
        0.496387,
        2.97838,
        3.0712550000000003,
        1.858868,
        1.69607,
        1.155461,
        3.800529,
        2.5826640000000003,
        2.367558,
        1.5840560000000001,
        0.5859439999999999,
        2.335895,
        2.328258,
        0.6900890000000001,
        4.153556,
        3.7308760000000003,
        4.0475639999999995,
        2.094138,
        1.653817,
        1.973035,
        3.8511729999999997,
        2.0379490000000002,
        1.828316,
        4.26354,
        0.862827
    ],
    [
        0.5749500000000001,
        0.675669,
        0.063105,
        0.206361,
        0.787732,
        3.358531,
        1.764323,
        0.0,
        0.911063,
        0.735352,
        1.47912,
        0.888938,
        1.039479,
        2.586187,
        1.176044,
        2.989643,
        2.535855,
        0.9038229999999999,
        1.9851489999999998,
        0.972384,
        0.876484,
        2.6283339999999997,
        1.397643,
        2.548626,
        2.9355680000000004,
        3.01711,
        2.4710349999999996,
        2.359419,
        1.507437,
        0.746913,
        0.871999,
        1.107729,
        2.570381,
        0.9749800000000001,
        0.954499,
        2.179333,
        2.520029,
        2.376582,
        1.3610820000000001,
        1.157067,
        2.702254,
        2.2398569999999998,
        2.104178,
        0.645758,
        0.251976,
        1.9911969999999999,
        2.077504,
        1.1259190000000001,
        2.276172,
        2.592884,
        2.186765,
        3.176741,
        1.7924179999999998,
        0.196169,
        1.728864,
        3.3928220000000002,
        1.769221,
        3.4144,
        3.392716,
        2.509257
    ],
    [
        1.3576489999999999,
        1.325184,
        0.974168,
        0.981885,
        1.5792490000000001,
        2.9902919999999997,
        1.414569,
        0.911063,
        0.0,
        0.38715499999999997,
        2.0453989999999997,
        1.687234,
        0.221828,
        1.886982,
        1.8998119999999998,
        2.162135,
        2.2168490000000003,
        0.202692,
        2.683797,
        0.31863600000000003,
        1.674779,
        1.8580640000000002,
        0.8952910000000001,
        3.263836,
        2.123007,
        2.4720410000000004,
        1.8364079999999998,
        2.0544949999999997,
        0.679929,
        1.4455609999999999,
        1.670295,
        0.29362,
        2.01438,
        1.698747,
        0.265598,
        1.804557,
        1.7467249999999999,
        1.9517339999999999,
        1.927361,
        0.551509,
        2.165324,
        2.955066,
        1.3308740000000001,
        1.400808,
        0.9381430000000001,
        1.332982,
        1.249996,
        1.8617139999999999,
        1.966069,
        3.308093,
        2.8854130000000002,
        2.87709,
        1.018748,
        0.881678,
        0.901356,
        2.6195180000000002,
        0.9417129999999999,
        3.1042959999999997,
        3.093064,
        2.170997
    ],
    [
        1.1819369999999998,
        0.9559059999999999,
        0.816767,
        0.67112,
        1.403537,
        3.231431,
        1.064639,
        0.735352,
        0.38715499999999997,
        0.0,
        1.741038,
        1.596878,
        0.57004,
        2.1154740000000003,
        1.475144,
        2.2469580000000002,
        2.347141,
        0.437691,
        2.593441,
        0.261963,
        1.584423,
        1.826379,
        0.574774,
        3.17348,
        2.17504,
        2.6054679999999997,
        2.0003219999999997,
        2.187922,
        1.027827,
        1.355205,
        1.562909,
        0.641832,
        1.7684259999999998,
        1.363452,
        0.314355,
        1.5082280000000001,
        2.0493159999999997,
        2.076263,
        1.62306,
        0.701078,
        1.900298,
        2.86471,
        1.633465,
        1.310452,
        0.705097,
        1.189241,
        1.599206,
        1.771359,
        1.669741,
        3.2177379999999998,
        2.795057,
        2.980121,
        1.366588,
        0.791322,
        1.250567,
        2.922109,
        1.289611,
        2.807968,
        3.196096,
        1.874668
    ],
    [
        1.44068,
        0.7599940000000001,
        1.542224,
        1.242985,
        0.976481,
        5.012430999999999,
        1.8364310000000001,
        1.47912,
        2.0453989999999997,
        1.741038,
        0.0,
        1.780982,
        2.1579740000000003,
        3.715491,
        0.39250599999999997,
        3.7934200000000002,
        4.13317,
        2.022318,
        1.8762539999999999,
        1.877421,
        1.793437,
        2.846886,
        1.744503,
        2.4078690000000003,
        3.303609,
        4.318546,
        3.600339,
        3.937223,
        2.631063,
        0.856912,
        1.781728,
        2.226224,
        2.788933,
        0.508877,
        1.929813,
        1.844067,
        3.649333,
        3.674525,
        0.118022,
        2.362183,
        2.817363,
        2.251107,
        3.2334810000000003,
        1.4595879999999999,
        1.235247,
        1.991285,
        3.202397,
        0.565915,
        1.940906,
        2.454891,
        2.060732,
        4.734204,
        2.969882,
        1.2944380000000002,
        2.853757,
        4.522125,
        2.8914609999999996,
        3.079657,
        4.950179,
        2.17399
    ],
    [
        0.46295299999999995,
        1.2453910000000001,
        0.8563390000000001,
        1.049393,
        0.818822,
        3.626748,
        2.6360569999999997,
        0.888938,
        1.687234,
        1.596878,
        1.780982,
        0.0,
        1.8736890000000002,
        2.6280859999999997,
        1.4148720000000001,
        3.821118,
        2.758045,
        1.738032,
        1.287932,
        1.8062960000000001,
        0.012455,
        3.4824499999999996,
        2.232295,
        1.772005,
        3.7697779999999996,
        2.943421,
        2.51316,
        2.558802,
        2.3416460000000003,
        0.922393,
        0.08164700000000001,
        1.9419380000000002,
        3.4236,
        1.2853430000000001,
        1.7887080000000002,
        2.9589450000000004,
        2.562153,
        2.296103,
        1.6714449999999998,
        1.402082,
        3.555473,
        1.4632349999999998,
        2.146302,
        0.321561,
        1.078202,
        2.845313,
        2.3289920000000004,
        1.232341,
        3.056681,
        1.816262,
        1.504033,
        3.355782,
        2.060301,
        0.97653,
        2.5630729999999997,
        3.489431,
        2.60343,
        4.194909,
        3.571757,
        3.289766
    ],
    [
        1.486065,
        1.4536,
        1.102584,
        1.110302,
        1.707665,
        2.956892,
        1.539678,
        1.039479,
        0.221828,
        0.57004,
        2.1579740000000003,
        1.8736890000000002,
        0.0,
        1.583857,
        2.0864380000000002,
        2.035638,
        2.0957890000000003,
        0.179416,
        2.8704229999999997,
        0.385561,
        1.7547709999999999,
        1.731567,
        0.8003250000000001,
        3.450462,
        1.99651,
        2.3254580000000002,
        1.468705,
        1.9236389999999999,
        0.470171,
        1.6321869999999998,
        1.755768,
        0.06824899999999999,
        1.887883,
        1.885374,
        0.328075,
        1.8982249999999998,
        1.5176990000000001,
        1.928458,
        2.113988,
        0.528233,
        2.038827,
        3.141693,
        1.101848,
        1.587435,
        1.12477,
        1.4138320000000002,
        1.120253,
        2.0483409999999997,
        2.093412,
        3.4947199999999996,
        3.07204,
        2.756029,
        0.7529389999999999,
        1.0683040000000001,
        0.7716130000000001,
        2.390492,
        0.731955,
        3.227103,
        2.972004,
        2.162551
    ],
    [
        2.50782,
        3.011117,
        2.459015,
        2.65701,
        3.0480859999999996,
        1.792166,
        2.9728809999999997,
        2.586187,
        1.886982,
        2.1154740000000003,
        3.715491,
        2.6280859999999997,
        1.583857,
        0.0,
        3.6512399999999996,
        1.922193,
        0.8478640000000001,
        1.937449,
        3.8602570000000003,
        2.051606,
        2.613731,
        1.844355,
        2.544937,
        4.22691,
        2.095041,
        1.480192,
        0.11497,
        1.254308,
        1.324963,
        3.154551,
        2.609247,
        1.541912,
        2.048496,
        3.450175,
        1.99412,
        3.253011,
        0.10298600000000001,
        1.5503209999999998,
        3.678789,
        1.4899559999999998,
        2.6329059999999997,
        3.918141,
        0.489088,
        2.661591,
        2.689571,
        2.435333,
        0.642495,
        3.478265,
        3.410169,
        4.271167,
        4.076358,
        1.35984,
        1.111693,
        2.633105,
        1.092835,
        0.978634,
        1.533107,
        4.09178,
        1.575815,
        3.374446
    ],
    [
        1.137605,
        0.494041,
        1.2391489999999998,
        1.053873,
        0.682015,
        4.705694,
        1.865115,
        1.176044,
        1.8998119999999998,
        1.475144,
        0.39250599999999997,
        1.4148720000000001,
        2.0864380000000002,
        3.6512399999999996,
        0.0,
        3.597599,
        3.8364879999999997,
        1.740084,
        1.703182,
        1.595187,
        1.429004,
        2.651064,
        1.5486820000000001,
        2.283221,
        3.107788,
        4.021865,
        3.318105,
        3.6405410000000002,
        2.3488290000000003,
        0.492479,
        1.417295,
        1.94399,
        2.593112,
        0.201064,
        1.647579,
        1.974548,
        3.367098,
        3.377843,
        0.254893,
        2.079949,
        2.724984,
        1.974452,
        2.951248,
        1.095156,
        0.9322079999999999,
        2.013927,
        2.920163,
        0.478762,
        2.071387,
        2.327479,
        1.999425,
        4.4375219999999995,
        2.6876480000000003,
        0.991399,
        2.571523,
        4.239890999999999,
        2.610613,
        3.2101379999999997,
        4.653497000000001,
        2.304471
    ],
    [
        3.433493,
        3.225733,
        3.0527480000000002,
        2.913291,
        3.657828,
        3.607528,
        2.190394,
        2.989643,
        2.162135,
        2.2469580000000002,
        3.7934200000000002,
        3.821118,
        2.035638,
        1.922193,
        3.597599,
        0.0,
        2.766206,
        2.236103,
        4.808216000000001,
        2.245043,
        3.799198,
        0.9482039999999999,
        2.078566,
        5.388255,
        0.598289,
        3.5573580000000002,
        2.033312,
        3.186217,
        1.6828859999999999,
        3.569979,
        3.7947130000000002,
        1.985729,
        1.117484,
        3.55338,
        2.268836,
        2.301699,
        2.021328,
        3.448002,
        3.7428690000000002,
        2.5742640000000003,
        1.353064,
        5.079485,
        2.0130250000000003,
        3.5431529999999998,
        3.0088600000000003,
        1.772052,
        1.741478,
        3.8036950000000003,
        2.253437,
        5.432512,
        5.009832,
        3.0144729999999997,
        2.182035,
        3.006096,
        1.713233,
        2.593973,
        1.963336,
        2.7960540000000003,
        3.230448,
        2.178295
    ],
    [
        2.708421,
        3.3038719999999997,
        2.47275,
        2.873952,
        3.250553,
        1.082084,
        3.387323,
        2.535855,
        2.2168490000000003,
        2.347141,
        4.13317,
        2.758045,
        2.0957890000000003,
        0.8478640000000001,
        3.8364879999999997,
        2.766206,
        0.0,
        2.1439969999999997,
        3.7283380000000004,
        2.386333,
        2.738257,
        2.709773,
        2.926491,
        4.000982,
        2.9604589999999997,
        0.709095,
        0.81679,
        0.611527,
        1.90439,
        3.170433,
        2.75404,
        2.02199,
        2.913914,
        3.4614589999999996,
        2.368448,
        3.889966,
        0.752458,
        0.970425,
        3.8475610000000002,
        1.743622,
        3.229873,
        3.692212,
        1.0143680000000002,
        2.681136,
        2.943636,
        3.0147600000000003,
        1.297584,
        3.494147,
        4.008993,
        4.04524,
        3.825147,
        0.686723,
        1.591771,
        2.887171,
        1.6722629999999998,
        0.817885,
        2.112535,
        4.937973,
        0.902698,
        3.972873
    ],
    [
        1.3504079999999998,
        1.317943,
        0.966927,
        0.974645,
        1.572008,
        2.983051,
        1.407329,
        0.9038229999999999,
        0.202692,
        0.437691,
        2.022318,
        1.738032,
        0.179416,
        1.937449,
        1.740084,
        2.236103,
        2.1439969999999997,
        0.0,
        2.691038,
        0.32587700000000003,
        1.6649909999999999,
        1.865304,
        0.902532,
        3.271077,
        2.130248,
        2.479282,
        1.8436489999999999,
        2.061735,
        0.687169,
        1.452802,
        1.677535,
        0.300861,
        2.02162,
        1.705988,
        0.272838,
        1.811797,
        1.753965,
        1.958771,
        1.934603,
        0.55875,
        2.172565,
        2.9623069999999996,
        1.338115,
        1.4080489999999999,
        0.945384,
        1.340223,
        1.2572370000000002,
        1.868955,
        1.97331,
        3.315334,
        2.892654,
        2.88433,
        1.025989,
        0.888919,
        0.908597,
        2.6267579999999997,
        0.948954,
        3.1115369999999998,
        3.1003049999999996,
        2.178238
    ],
    [
        1.639203,
        2.111724,
        2.1011889999999998,
        1.985527,
        1.276459,
        4.378875,
        3.5292600000000003,
        1.9851489999999998,
        2.683797,
        2.593441,
        1.8762539999999999,
        1.287932,
        2.8704229999999997,
        3.8602570000000003,
        1.703182,
        4.808216000000001,
        3.7283380000000004,
        2.691038,
        0.0,
        2.8093470000000003,
        1.322479,
        4.371904000000001,
        3.191109,
        0.584112,
        4.828628,
        3.851361,
        4.0280819999999995,
        3.470038,
        3.3444000000000003,
        1.290604,
        1.320471,
        2.944692,
        4.3139520000000005,
        1.747922,
        2.791462,
        3.6542649999999997,
        4.056237,
        3.2073400000000003,
        1.900146,
        2.994031,
        4.445824,
        0.378888,
        3.408427,
        1.4554200000000002,
        1.947997,
        3.7347669999999997,
        3.591116,
        1.403557,
        3.7511039999999998,
        0.631133,
        0.219478,
        4.267019,
        3.322426,
        1.936277,
        3.5658279999999998,
        4.400667,
        3.606185,
        4.889855,
        4.482994,
        3.9841889999999998
    ],
    [
        1.4189690000000001,
        1.173047,
        1.035191,
        0.8882599999999999,
        1.640569,
        3.2253879999999997,
        1.2315999999999998,
        0.972384,
        0.31863600000000003,
        0.261963,
        1.877421,
        1.8062960000000001,
        0.385561,
        2.051606,
        1.595187,
        2.245043,
        2.386333,
        0.32587700000000003,
        2.8093470000000003,
        0.0,
        1.677989,
        1.920469,
        0.70365,
        3.284973,
        2.170465,
        2.555257,
        1.919505,
        2.13771,
        0.761713,
        1.468575,
        1.674402,
        0.375533,
        1.884614,
        1.719884,
        0.052392,
        1.699897,
        1.975578,
        2.0349500000000003,
        1.79566,
        0.634725,
        2.026615,
        2.976203,
        1.413329,
        1.439872,
        0.95928,
        1.31873,
        1.3330920000000002,
        1.882851,
        1.86141,
        3.32923,
        2.90655,
        2.960305,
        1.100474,
        0.904692,
        0.984453,
        2.84837,
        1.0234969999999999,
        2.9996370000000003,
        3.17628,
        2.066338
    ],
    [
        0.449601,
        1.233834,
        0.843884,
        1.037836,
        0.8314450000000001,
        3.614293,
        2.6245,
        0.876484,
        1.674779,
        1.584423,
        1.793437,
        0.012455,
        1.7547709999999999,
        2.613731,
        1.429004,
        3.799198,
        2.738257,
        1.6649909999999999,
        1.322479,
        1.677989,
        0.0,
        3.469098,
        2.2198409999999997,
        1.78446,
        3.757323,
        2.927669,
        2.500705,
        2.5463470000000004,
        2.329191,
        0.9348479999999999,
        0.094102,
        1.9294829999999998,
        3.411145,
        1.272888,
        1.7762529999999999,
        2.947388,
        2.549698,
        2.2836480000000003,
        1.659888,
        1.389627,
        3.543018,
        1.47569,
        2.1338470000000003,
        0.33401600000000004,
        1.065747,
        2.8319609999999997,
        2.316537,
        1.258562,
        3.044226,
        1.8287170000000001,
        1.516488,
        3.343328,
        2.047846,
        0.964075,
        2.550619,
        3.476976,
        2.590976,
        4.181557,
        3.559302,
        3.277311
    ],
    [
        3.072954,
        2.279199,
        2.691439,
        2.477441,
        3.18282,
        3.662737,
        1.2438589999999998,
        2.6283339999999997,
        1.8580640000000002,
        1.826379,
        2.846886,
        3.4824499999999996,
        1.731567,
        1.844355,
        2.651064,
        0.9482039999999999,
        2.709773,
        1.865304,
        4.371904000000001,
        1.920469,
        3.469098,
        0.0,
        1.2979090000000002,
        4.967154000000001,
        0.506336,
        3.409207,
        1.9336479999999998,
        3.071813,
        1.400811,
        3.115303,
        3.474366,
        1.703654,
        0.204141,
        2.681397,
        1.895441,
        1.372579,
        1.921664,
        3.333053,
        2.8682779999999997,
        2.292188,
        0.7104389999999999,
        4.658385,
        1.903712,
        3.2254140000000002,
        2.441911,
        0.880557,
        1.656943,
        3.201066,
        1.491659,
        5.011412,
        4.588732,
        3.289957,
        1.899959,
        2.5116729999999996,
        1.411458,
        2.8563110000000003,
        1.68126,
        2.3089079999999997,
        3.5059319999999996,
        1.455539
    ],
    [
        1.844672,
        1.176817,
        1.4607480000000002,
        1.275717,
        2.022331,
        3.765545,
        0.656039,
        1.397643,
        0.8952910000000001,
        0.574774,
        1.744503,
        2.232295,
        0.8003250000000001,
        2.544937,
        1.5486820000000001,
        2.078566,
        2.926491,
        0.902532,
        3.191109,
        0.70365,
        2.2198409999999997,
        1.2979090000000002,
        0.0,
        3.8426810000000002,
        1.726806,
        3.156826,
        2.4467730000000003,
        2.739279,
        1.3006300000000002,
        1.9908299999999999,
        2.159785,
        1.030555,
        1.2121300000000002,
        1.557758,
        0.707414,
        1.1047660000000001,
        2.502846,
        2.585565,
        1.746413,
        1.21038,
        1.35413,
        3.533912,
        2.107131,
        1.907328,
        1.229297,
        0.646246,
        1.8603610000000002,
        2.076593,
        1.2984680000000002,
        3.8869380000000002,
        3.4642579999999996,
        3.561875,
        1.6444729999999999,
        1.299059,
        1.52337,
        3.375639,
        1.5624149999999999,
        2.436696,
        3.7778490000000002,
        1.535083
    ],
    [
        2.121562,
        2.691763,
        2.5160270000000002,
        2.565566,
        1.8564990000000001,
        4.6515200000000005,
        4.109299,
        2.548626,
        3.263836,
        3.17348,
        2.4078690000000003,
        1.772005,
        3.450462,
        4.22691,
        2.283221,
        5.388255,
        4.000982,
        3.271077,
        0.584112,
        3.284973,
        1.78446,
        4.967154000000001,
        3.8426810000000002,
        0.0,
        5.410176000000001,
        4.129401,
        4.306122,
        3.748078,
        3.9259470000000003,
        1.8721510000000001,
        1.789858,
        3.5262399999999996,
        4.895499,
        2.329469,
        3.373009,
        4.235812,
        4.334277,
        3.48538,
        2.359113,
        3.081462,
        5.027372000000001,
        0.32937900000000003,
        3.80375,
        1.9691210000000001,
        2.529544,
        4.316314,
        3.986439,
        1.929433,
        4.33548,
        0.094129,
        0.364633,
        4.545059,
        3.717748,
        2.517824,
        4.147375,
        4.678707,
        4.187732,
        5.411028,
        4.7610339999999995,
        4.568564
    ],
    [
        3.382154,
        2.7359229999999997,
        2.9986729999999997,
        2.934165,
        3.603754,
        3.9811680000000003,
        1.717943,
        2.9355680000000004,
        2.123007,
        2.17504,
        3.303609,
        3.7697779999999996,
        1.99651,
        2.095041,
        3.107788,
        0.598289,
        2.9604589999999997,
        2.130248,
        4.828628,
        2.170465,
        3.757323,
        0.506336,
        1.726806,
        5.410176000000001,
        0.0,
        3.635701,
        2.215405,
        3.298308,
        1.627305,
        3.55035,
        3.740029,
        1.930148,
        0.574626,
        3.1138359999999996,
        2.213255,
        1.747174,
        2.20342,
        3.559548,
        3.3033249999999996,
        2.5186819999999996,
        0.787636,
        5.093432,
        2.130207,
        3.487572,
        2.876958,
        1.337584,
        1.8834369999999998,
        3.636114,
        1.668984,
        5.446459,
        5.023779,
        3.3544229999999997,
        2.1264540000000003,
        2.94672,
        1.637952,
        2.920776,
        1.908136,
        2.211601,
        3.570398,
        1.5938430000000001
    ],
    [
        2.893798,
        3.562199,
        2.957498,
        3.132279,
        3.4359290000000002,
        0.777096,
        3.642516,
        3.01711,
        2.4720410000000004,
        2.6054679999999997,
        4.318546,
        2.943421,
        2.3254580000000002,
        1.480192,
        4.021865,
        3.5573580000000002,
        0.709095,
        2.479282,
        3.851361,
        2.555257,
        2.927669,
        3.409207,
        3.156826,
        4.129401,
        3.635701,
        0.0,
        1.461666,
        0.417546,
        2.234613,
        3.5537069999999997,
        2.97018,
        2.273431,
        3.5271779999999997,
        3.844733,
        2.621143,
        4.112904,
        1.397334,
        0.650258,
        4.230834,
        1.996317,
        3.731782,
        3.908352,
        1.514818,
        3.064409,
        3.0135929999999997,
        3.239159,
        1.799494,
        3.877421,
        4.284180999999999,
        4.261379,
        4.041287,
        0.890544,
        1.843212,
        2.957127,
        2.174172,
        1.293472,
        2.496397,
        5.390032,
        0.850324,
        4.280247
    ],
    [
        2.392668,
        2.8959650000000003,
        2.343863,
        2.5418580000000004,
        2.9329340000000004,
        1.7741479999999998,
        2.925022,
        2.4710349999999996,
        1.8364079999999998,
        2.0003219999999997,
        3.600339,
        2.51316,
        1.468705,
        0.11497,
        3.318105,
        2.033312,
        0.81679,
        1.8436489999999999,
        4.0280819999999995,
        1.919505,
        2.500705,
        1.9336479999999998,
        2.4467730000000003,
        4.306122,
        2.215405,
        1.461666,
        0.0,
        1.215654,
        1.261224,
        3.039581,
        2.494277,
        1.426942,
        2.1734400000000003,
        3.3352049999999998,
        1.930382,
        3.24534,
        0.064332,
        1.5116669999999999,
        3.563819,
        1.374586,
        2.586706,
        3.803171,
        0.374118,
        2.546621,
        2.574601,
        2.3715949999999997,
        0.62706,
        3.3632959999999996,
        3.3639699999999997,
        4.156198000000001,
        3.961388,
        1.321186,
        0.9967229999999999,
        2.518135,
        1.029096,
        0.937125,
        1.469369,
        4.1975,
        1.537161,
        3.3282469999999997
    ],
    [
        2.512475,
        3.1446520000000002,
        2.2963139999999997,
        2.7147330000000003,
        3.054606,
        1.107972,
        3.22497,
        2.359419,
        2.0544949999999997,
        2.187922,
        3.937223,
        2.558802,
        1.9236389999999999,
        1.254308,
        3.6405410000000002,
        3.186217,
        0.611527,
        2.061735,
        3.470038,
        2.13771,
        2.5463470000000004,
        3.071813,
        2.739279,
        3.748078,
        3.298308,
        0.417546,
        1.215654,
        0.0,
        1.817066,
        3.13616,
        2.5526329999999997,
        1.855884,
        3.217552,
        3.4271860000000003,
        2.2035970000000002,
        3.695358,
        1.148344,
        0.429419,
        3.813288,
        1.578771,
        3.4466069999999998,
        3.490806,
        1.217394,
        2.6468629999999997,
        2.596046,
        2.8216129999999997,
        1.486941,
        3.4598739999999997,
        3.866634,
        3.843832,
        3.623741,
        0.998756,
        1.425665,
        2.539581,
        1.862257,
        1.38537,
        2.0788510000000002,
        4.980646,
        1.168304,
        3.8627
    ],
    [
        1.954022,
        1.926689,
        1.5705419999999999,
        1.578259,
        2.1756219999999997,
        2.8535369999999998,
        1.7502950000000002,
        1.507437,
        0.679929,
        1.027827,
        2.631063,
        2.3416460000000003,
        0.470171,
        1.324963,
        2.3488290000000003,
        1.6828859999999999,
        1.90439,
        0.687169,
        3.3444000000000003,
        0.761713,
        2.329191,
        1.400811,
        1.3006300000000002,
        3.9259470000000003,
        1.627305,
        2.234613,
        1.261224,
        1.817066,
        0.0,
        2.090287,
        2.297094,
        0.401922,
        1.551146,
        2.343474,
        0.7857949999999999,
        2.1012310000000003,
        1.244944,
        2.1462820000000002,
        2.5720880000000004,
        1.002852,
        1.701385,
        3.599793,
        0.849228,
        2.045535,
        1.58287,
        1.227486,
        0.602459,
        2.5064409999999997,
        2.272507,
        3.95282,
        3.53014,
        2.501798,
        0.61149,
        1.526404,
        0.236019,
        2.117737,
        0.26178500000000005,
        3.386519,
        2.717773,
        2.268573
    ],
    [
        0.645515,
        0.84877,
        0.8100170000000001,
        0.747291,
        0.231987,
        4.213603,
        2.257447,
        0.746913,
        1.4455609999999999,
        1.355205,
        0.856912,
        0.922393,
        1.6321869999999998,
        3.154551,
        0.492479,
        3.569979,
        3.170433,
        1.452802,
        1.290604,
        1.468575,
        0.9348479999999999,
        3.115303,
        1.9908299999999999,
        1.8721510000000001,
        3.55035,
        3.5537069999999997,
        3.039581,
        3.13616,
        2.090287,
        0.0,
        0.9248160000000001,
        1.705307,
        3.030773,
        0.533385,
        1.552077,
        2.401126,
        3.11892,
        2.897156,
        0.738874,
        1.75531,
        3.162646,
        1.561873,
        2.702906,
        0.602677,
        0.685458,
        2.451589,
        2.675747,
        0.36423,
        2.497965,
        1.9149,
        1.49222,
        3.956835,
        2.390661,
        0.6737369999999999,
        2.3264430000000003,
        4.090484,
        2.3668,
        3.636192,
        4.17281,
        2.731049
    ],
    [
        0.446014,
        1.229349,
        0.8393999999999999,
        1.033352,
        0.819568,
        3.630076,
        2.620015,
        0.871999,
        1.670295,
        1.562909,
        1.781728,
        0.08164700000000001,
        1.755768,
        2.609247,
        1.417295,
        3.7947130000000002,
        2.75404,
        1.677535,
        1.320471,
        1.674402,
        0.094102,
        3.474366,
        2.159785,
        1.789858,
        3.740029,
        2.97018,
        2.494277,
        2.5526329999999997,
        2.297094,
        0.9248160000000001,
        0.0,
        1.9249990000000001,
        3.407558,
        1.269301,
        1.771769,
        2.942903,
        2.545214,
        2.302728,
        1.655403,
        1.385142,
        3.539431,
        1.473682,
        2.1293629999999997,
        0.322306,
        1.060366,
        2.8283739999999997,
        2.312052,
        1.233086,
        3.038845,
        1.8267090000000001,
        1.51448,
        3.3591100000000003,
        2.043362,
        0.960488,
        2.546135,
        3.4960549999999997,
        2.5864920000000002,
        4.177969,
        3.578382,
        3.271929
    ],
    [
        1.554314,
        1.52185,
        1.170833,
        1.178551,
        1.775914,
        2.901676,
        1.611469,
        1.107729,
        0.29362,
        0.641832,
        2.226224,
        1.9419380000000002,
        0.06824899999999999,
        1.541912,
        1.94399,
        1.985729,
        2.02199,
        0.300861,
        2.944692,
        0.375533,
        1.9294829999999998,
        1.703654,
        1.030555,
        3.5262399999999996,
        1.930148,
        2.273431,
        1.426942,
        1.855884,
        0.401922,
        1.705307,
        1.9249990000000001,
        0.0,
        1.821939,
        1.953623,
        0.396324,
        1.9664739999999998,
        1.4494500000000001,
        1.996707,
        2.182237,
        0.596482,
        1.972884,
        3.209942,
        1.033599,
        1.655684,
        1.193019,
        1.347888,
        1.053882,
        2.11659,
        2.161661,
        3.562969,
        3.140289,
        2.68778,
        0.684689,
        1.1365530000000001,
        0.637941,
        2.322242,
        0.663706,
        3.293868,
        2.9037550000000003,
        2.388976
    ],
    [
        3.0150010000000003,
        2.221247,
        2.633486,
        2.419489,
        3.124867,
        3.8668780000000003,
        1.1670440000000002,
        2.570381,
        2.01438,
        1.7684259999999998,
        2.788933,
        3.4236,
        1.887883,
        2.048496,
        2.593112,
        1.117484,
        2.913914,
        2.02162,
        4.3139520000000005,
        1.884614,
        3.411145,
        0.204141,
        1.2121300000000002,
        4.895499,
        0.574626,
        3.5271779999999997,
