[
  [
    0.0, 0.326983, 0.554056, 0.207456, 0.27158, 0.361945, 0.212584,
    0.5719249999999999, 0.325755, 1.231442, 1.862162, 0.276627, 0.677461,
    0.404598, 0.179844, 1.682945, 2.28787, 0.715379, 0.463918, 0.67075,
    0.6411319999999999, 1.7770219999999999, 2.521029, 1.908644,
    0.8873329999999999, 1.569742, 0.659233, 1.8631179999999998, 2.392518,
    0.2826, 0.545706, 0.610866, 0.302765, 0.643504, 0.552748, 0.51942, 0.121881,
    0.945526, 0.59288, 0.9683740000000001
  ],
  [
    0.326983, 0.0, 0.6308400000000001, 0.160119, 0.143485, 0.632635,
    0.6704990000000001, 0.267019, 0.15709700000000001, 1.184105,
    1.8148250000000001, 0.664808, 0.475308, 0.703634, 0.703241, 1.635608,
    2.240533, 0.484142, 0.6869109999999999, 0.7460030000000001,
    0.9498949999999999, 1.729685, 2.535351, 1.861307, 0.582427, 1.522405,
    0.704083, 1.8157809999999999, 2.345181, 0.670782, 0.24080000000000001,
    0.576723, 0.024218, 0.596167, 0.247842, 0.47208300000000003, 0.205102,
    0.898189, 0.287974, 0.663468
  ],
  [
    0.554056, 0.6308400000000001, 0.0, 0.48706, 0.512276, 0.494259,
    0.6712079999999999, 0.8757820000000001, 0.498774, 1.085492, 1.716212,
    0.40893999999999997, 0.809774, 0.527237, 0.7039500000000001, 1.519797,
    2.1419200000000003, 0.959188, 0.110311, 0.803063, 0.6039840000000001,
    1.6310719999999999, 1.994596, 1.762694, 1.191189, 1.423792, 0.128052,
    1.7171679999999998, 2.2465680000000003, 0.41491300000000003, 0.849563,
    0.124636, 0.606622, 0.521344, 0.856604, 0.309736, 0.556296,
    0.7995760000000001, 0.896737, 0.850735
  ],
  [
    0.207456, 0.160119, 0.48706, 0.0, 0.08046299999999999, 0.606347,
    0.7832960000000001, 0.405061, 0.134638, 1.040325, 1.6710450000000001,
    0.521028, 0.613351, 0.639325, 0.816039, 1.491828, 2.096753, 0.622184,
    0.5431309999999999, 0.884045, 0.806115, 1.585905, 2.391571, 1.717527,
    0.720469, 1.378625, 0.560303, 1.672001, 2.2014009999999997, 0.527002,
    0.37884300000000004, 0.43294299999999997, 0.13590100000000002, 0.452387,
    0.385884, 0.328303, 0.085575, 0.754409, 0.426016, 0.80151
  ],
  [
    0.27158, 0.143485, 0.512276, 0.08046299999999999, 0.0, 0.631563, 0.765583,
    0.362103, 0.09042499999999999, 1.0655409999999998, 1.696261,
    0.5462440000000001, 0.570392, 0.664541, 0.7983250000000001, 1.517044,
    2.121969, 0.579226, 0.5683469999999999, 0.841087, 0.831331, 1.611121,
    2.416787, 1.742743, 0.677511, 1.403841, 0.585519, 1.6972170000000002,
    2.226617, 0.552218, 0.335885, 0.458159, 0.145626, 0.477603, 0.342926,
    0.353519, 0.149699, 0.779625, 0.383058, 0.758552
  ],
  [
    0.361945, 0.632635, 0.494259, 0.606347, 0.631563, 0.0, 0.17694900000000002,
    0.365608, 0.6180610000000001, 1.5106389999999998, 2.141359, 0.085319,
    0.315516, 0.096065, 0.20969200000000002, 1.962212, 2.5670659999999996,
    0.46493, 0.383947, 0.30880399999999997, 0.5611609999999999, 2.056219,
    2.461231, 2.18784, 0.671892, 1.848939, 0.633189, 2.142314, 2.671714,
    0.079345, 0.6733300000000001, 0.584821, 0.634776, 0.9227000000000001,
    0.384793, 0.6851849999999999, 0.6755829999999999, 1.224722, 0.720504,
    1.095998
  ],
  [
    0.212584, 0.6704990000000001, 0.6712079999999999, 0.7832960000000001,
    0.765583, 0.17694900000000002, 0.0, 0.403471, 0.7791950000000001,
    1.6875879999999999, 2.318308, 0.26226799999999995, 0.39531499999999997,
    0.247948, 0.032740000000000005, 2.139091, 2.7440160000000002, 0.502793,
    0.5608970000000001, 0.460688, 0.73811, 2.233168, 2.6381799999999997,
    2.36479, 0.7097559999999999, 2.025888, 0.810138, 2.319264,
    2.8486640000000003, 0.256295, 0.711194, 0.761771, 0.67264,
    1.0996489999999999, 0.422657, 0.8621340000000001, 0.8525320000000001,
    1.4016710000000001, 0.758368, 1.1338620000000001
  ],
  [
    0.5719249999999999, 0.267019, 0.8757820000000001, 0.405061, 0.362103,
    0.365608, 0.403471, 0.0, 0.37571499999999997, 1.429047, 2.059851, 0.450927,
    0.208281, 0.436607, 0.436214, 1.88055, 2.485475, 0.217114, 0.749555,
    0.47897500000000004, 0.926769, 1.974627, 2.780293, 2.1063330000000002,
    0.305172, 1.767347, 0.949025, 2.060723, 2.590123, 0.444953, 0.307714,
    0.821665, 0.26916, 0.841109, 0.019177, 0.717024, 0.450044,
    1.1431310000000001, 0.354888, 0.730382
  ],
  [
    0.325755, 0.15709700000000001, 0.498774, 0.134638, 0.09042499999999999,
    0.6180610000000001, 0.7791950000000001, 0.37571499999999997, 0.0, 1.057106,
    1.687826, 0.5327419999999999, 0.584005, 0.651039, 0.8119379999999999,
    1.5086089999999999, 2.113533, 0.592838, 0.554845, 0.854699,
    0.8178289999999999, 1.6026859999999998, 2.408351, 1.734307, 0.691123,
    1.395406, 0.572017, 1.688782, 2.218181, 0.538716, 0.349497,
    0.44465699999999997, 0.159238, 0.464101, 0.356538, 0.340017, 0.203874,
    0.771189, 0.39667, 0.772164
  ],
  [
    1.231442, 1.184105, 1.085492, 1.040325, 1.0655409999999998,
    1.5106389999999998, 1.6875879999999999, 1.429047, 1.057106, 0.0,
    0.6307200000000001, 1.42532, 1.637337, 1.5436159999999999, 1.72033,
    0.518712, 1.1237650000000001, 1.6461700000000001, 1.1585830000000001,
    1.819443, 1.652255, 0.5455800000000001, 1.438975, 0.677202, 1.60428, 0.3383,
    1.058972, 0.699014, 1.165297, 1.431293, 1.383704, 0.97397, 1.159887,
    0.778751, 1.40987, 0.923323, 1.109561, 0.367207, 1.250021, 1.197504
  ],
  [
    1.862162, 1.8148250000000001, 1.716212, 1.6710450000000001, 1.696261,
    2.141359, 2.318308, 2.059851, 1.687826, 0.6307200000000001, 0.0,
    2.0561239999999996, 2.2680569999999998, 2.174336, 2.351135, 0.362673,
    0.905793, 2.276974, 1.789388, 2.450163, 2.28306, 0.184566, 1.549179,
    0.046482, 2.235, 0.317683, 1.6897760000000002, 0.5268079999999999,
    0.6298279999999999, 2.0620979999999998, 2.014508, 1.604774, 1.790607,
    1.4095550000000001, 2.04059, 1.554128, 1.740365, 0.998011, 1.880825,
    1.828308
  ],
  [
    0.276627, 0.664808, 0.40893999999999997, 0.521028, 0.5462440000000001,
    0.085319, 0.26226799999999995, 0.450927, 0.5327419999999999, 1.42532,
    2.0561239999999996, 0.0, 0.400834, 0.181384, 0.295011, 1.876893, 2.481747,
    0.5502480000000001, 0.298628, 0.394123, 0.475842, 1.970899, 2.375912,
    2.1025210000000003, 0.757211, 1.76362, 0.54787, 2.0569949999999997,
    2.586395, 0.005974, 0.758649, 0.499502, 0.64059, 0.8373809999999999,
    0.47011200000000003, 0.599866, 0.590264, 1.139403, 0.805823, 1.181317
  ],
  [
    0.677461, 0.475308, 0.809774, 0.613351, 0.570392, 0.315516,
    0.39531499999999997, 0.208281, 0.584005, 1.637337, 2.2680569999999998,
    0.400834, 0.0, 0.38582900000000003, 0.428057, 2.0888400000000003,
    2.6937640000000003, 0.17728, 0.699463, 0.290311, 0.876677,
    2.1829169999999998, 2.776747, 2.314538, 0.38424200000000003, 1.975636,
    0.948704, 2.269012, 2.798412, 0.394861, 0.516004, 0.9003369999999999,
    0.477449, 1.0493979999999998, 0.227466, 0.925314, 0.658333, 1.35142,
    0.563177, 0.938671
  ],
  [
    0.404598, 0.703634, 0.527237, 0.639325, 0.664541, 0.096065, 0.247948,
    0.436607, 0.651039, 1.5436159999999999, 2.174336, 0.181384,
    0.38582900000000003, 0.0, 0.28069099999999997, 1.9951199999999998, 2.600044,
    0.535929, 0.416925, 0.377317, 0.579437, 2.089196, 2.483275,
    2.2208180000000004, 0.742891, 1.881916, 0.6661670000000001, 2.175292,
    2.704692, 0.17541, 0.7443289999999999, 0.617799, 0.7057749999999999,
    0.955678, 0.455792, 0.718163, 0.708561, 1.2577, 0.7915030000000001, 1.166997
  ],
  [
    0.179844, 0.703241, 0.7039500000000001, 0.816039, 0.7983250000000001,
    0.20969200000000002, 0.032740000000000005, 0.436214, 0.8119379999999999,
    1.72033, 2.351135, 0.295011, 0.428057, 0.28069099999999997, 0.0, 2.171903,
    2.7767579999999996, 0.5355359999999999, 0.593639, 0.49343,
    0.7708529999999999, 2.26591, 2.6709229999999997, 2.397532,
    0.7424980000000001, 2.05863, 0.842881, 2.352006, 2.881406, 0.289037,
    0.743937, 0.794513, 0.705382, 1.132392, 0.455399, 0.8948769999999999,
    0.8852749999999999, 1.434414, 0.79111, 1.166604
  ],
  [
    1.682945, 1.635608, 1.519797, 1.491828, 1.517044, 1.962212, 2.139091,
    1.88055, 1.5086089999999999, 0.518712, 0.362673, 1.876893,
    2.0888400000000003, 1.9951199999999998, 2.171903, 0.0, 1.0859020000000001,
    2.096399, 1.594691, 2.269672, 2.0883629999999997, 0.279048, 1.22179,
    0.41067000000000004, 2.054721, 0.197143, 1.495079, 0.66115, 0.898765,
    1.881522, 1.833933, 1.410077, 1.6101159999999999, 1.22898, 1.860099,
    1.359431, 1.55979, 0.817365, 1.70025, 1.647733
  ],
  [
    2.28787, 2.240533, 2.1419200000000003, 2.096753, 2.121969,
    2.5670659999999996, 2.7440160000000002, 2.485475, 2.113533,
    1.1237650000000001, 0.905793, 2.481747, 2.6937640000000003, 2.600044,
    2.7767579999999996, 1.0859020000000001, 0.0, 2.702598, 2.215011, 2.875871,
    2.7086840000000003, 0.878113, 2.309698, 0.924811, 2.660708, 1.02983, 2.1154,
    0.43397, 0.31306, 2.487721, 2.440132, 2.030398, 2.2163150000000003,
    1.8351790000000001, 2.4662979999999997, 1.979751, 2.165989, 1.423634,
    2.306449, 2.253932
  ],
  [
    0.715379, 0.484142, 0.959188, 0.622184, 0.579226, 0.46493, 0.502793,
    0.217114, 0.592838, 1.6461700000000001, 2.276974, 0.5502480000000001,
    0.17728, 0.535929, 0.5355359999999999, 2.096399, 2.702598, 0.0, 0.848877,
    0.43413, 1.0260909999999999, 2.19175, 2.926161, 2.323456,
    0.20696199999999998, 1.98447, 1.0981189999999998, 2.277846, 2.807246,
    0.544275, 0.5571459999999999, 1.0497509999999999, 0.486283, 1.058232,
    0.2363, 0.9341470000000001, 0.6671670000000001, 1.3602539999999999,
    0.502986, 0.878481
  ],
  [
    0.463918, 0.6869109999999999, 0.110311, 0.5431309999999999,
    0.5683469999999999, 0.383947, 0.5608970000000001, 0.749555, 0.554845,
    1.1585830000000001, 1.789388, 0.298628, 0.699463, 0.416925, 0.593639,
    1.594691, 2.215011, 0.848877, 0.0, 0.6927519999999999, 0.583716,
    1.7073099999999999, 2.077284, 1.838932, 1.055839, 1.50003, 0.249242,
    1.793406, 2.322806, 0.304602, 0.905635, 0.200874, 0.662693, 0.597582,
    0.768741, 0.385974, 0.612367, 0.875813, 0.952808, 0.9269729999999999
  ],
  [
    0.67075, 0.7460030000000001, 0.803063, 0.884045, 0.841087,
    0.30880399999999997, 0.460688, 0.47897500000000004, 0.854699, 1.819443,
    2.450163, 0.394123, 0.290311, 0.377317, 0.49343, 2.269672, 2.875871,
    0.43413, 0.6927519999999999, 0.0, 0.868275, 2.3650230000000003, 2.772114,
    2.496645, 0.641092, 2.157743, 0.9419930000000001, 2.4511190000000003,
    2.9805189999999997, 0.38815, 0.786698, 0.893625, 0.748144, 1.231504,
    0.498161, 0.993989, 0.929028, 1.5335260000000002, 0.833872, 1.209366
  ],
  [
    0.6411319999999999, 0.9498949999999999, 0.6039840000000001, 0.806115,
    0.831331, 0.5611609999999999, 0.73811, 0.926769, 0.8178289999999999,
    1.652255, 2.28306, 0.475842, 0.876677, 0.579437, 0.7708529999999999,
    2.0883629999999997, 2.7086840000000003, 1.0260909999999999, 0.583716,
    0.868275, 0.0, 2.2009819999999998, 1.904242, 2.332604, 1.2330530000000002,
    1.993702, 0.742914, 2.287078, 2.816478, 0.48181599999999997,
    1.1686189999999999, 0.694546, 0.925678, 1.091254, 0.945955,
    0.8796459999999999, 0.875351, 1.3694860000000002, 1.215792, 1.420645
  ],
  [
    1.7770219999999999, 1.729685, 1.6310719999999999, 1.585905, 1.611121,
    2.056219, 2.233168, 1.974627, 1.6026859999999998, 0.5455800000000001,
    0.184566, 1.970899, 2.1829169999999998, 2.089196, 2.26591, 0.279048,
    0.878113, 2.19175, 1.7073099999999999, 2.3650230000000003,
    2.2009819999999998, 0.0, 1.5078040000000001, 0.231047, 2.1498589999999997,
    0.232543, 1.604636, 0.453361, 0.619717, 1.976873, 1.929284, 1.519634,
    1.705551, 1.324415, 1.9554500000000001, 1.468987, 1.655225, 0.912871,
    1.795685, 1.743084
  ],
  [
    2.521029, 2.535351, 1.994596, 2.391571, 2.416787, 2.461231,
    2.6381799999999997, 2.780293, 2.408351, 1.438975, 1.549179, 2.375912,
    2.776747, 2.483275, 2.6709229999999997, 1.22179, 2.309698, 2.926161,
    2.077284, 2.772114, 1.904242, 1.5078040000000001, 0.0, 1.5920619999999999,
    2.953267, 1.3697000000000001, 2.141014, 1.8815840000000001, 2.12752,
    2.382923, 2.751816, 2.0926460000000002, 2.5088739999999996, 2.127738,
    2.758857, 2.258189, 2.458548, 1.716124, 2.598795, 2.546491
  ],
  [
    1.908644, 1.861307, 1.762694, 1.717527, 1.742743, 2.18784, 2.36479,
    2.1063330000000002, 1.734307, 0.677202, 0.046482, 2.1025210000000003,
    2.314538, 2.2208180000000004, 2.397532, 0.41067000000000004, 0.924811,
    2.323456, 1.838932, 2.496645, 2.332604, 0.231047, 1.5920619999999999, 0.0,
    2.281565, 0.364165, 1.736258, 0.54544, 0.6484589999999999, 2.108579,
    2.06099, 1.651256, 1.837089, 1.456037, 2.087072, 1.600609,
    1.7867629999999999, 1.044492, 1.927223, 1.87479
  ],
  [
    0.8873329999999999, 0.582427, 1.191189, 0.720469, 0.677511, 0.671892,
    0.7097559999999999, 0.305172, 0.691123, 1.60428, 2.235, 0.757211,
    0.38424200000000003, 0.742891, 0.7424980000000001, 2.054721, 2.660708,
    0.20696199999999998, 1.055839, 0.641092, 1.2330530000000002,
    2.1498589999999997, 2.953267, 2.281565, 0.0, 1.94258, 1.264432,
    2.2359560000000003, 2.765568, 0.733734, 0.536771, 1.137073, 0.584568,
    0.923614, 0.324358, 1.032432, 0.765452, 1.272953, 0.391367, 0.766861
  ],
  [
    1.569742, 1.522405, 1.423792, 1.378625, 1.403841, 1.848939, 2.025888,
    1.767347, 1.395406, 0.3383, 0.317683, 1.76362, 1.975636, 1.881916, 2.05863,
    0.197143, 1.02983, 1.98447, 1.50003, 2.157743, 1.993702, 0.232543,
    1.3697000000000001, 0.364165, 1.94258, 0.0, 1.3972719999999998, 0.593482,
    0.85226, 1.769593, 1.7220039999999999, 1.31227, 1.498187, 1.117051, 1.74817,
    1.261623, 1.447861, 0.705507, 1.5883209999999999, 1.5358040000000002
  ],
  [
    0.659233, 0.704083, 0.128052, 0.560303, 0.585519, 0.633189, 0.810138,
    0.949025, 0.572017, 1.058972, 1.6897760000000002, 0.54787, 0.948704,
    0.6661670000000001, 0.842881, 1.495079, 2.1154, 1.0981189999999998,
    0.249242, 0.9419930000000001, 0.742914, 1.604636, 2.141014, 1.736258,
    1.264432, 1.3972719999999998, 0.0, 1.690648, 2.220047, 0.553844, 0.922806,
    0.14362, 0.679865, 0.5403279999999999, 0.929848, 0.32872, 0.629539,
    0.7730549999999999, 0.9699800000000001, 0.869719
  ],
  [
    1.8631179999999998, 1.8157809999999999, 1.7171679999999998, 1.672001,
    1.6972170000000002, 2.142314, 2.319264, 2.060723, 1.688782, 0.699014,
    0.5268079999999999, 2.0569949999999997, 2.269012, 2.175292, 2.352006,
    0.66115, 0.43397, 2.277846, 1.793406, 2.4511190000000003, 2.287078,
    0.453361, 1.8815840000000001, 0.54544, 2.2359560000000003, 0.593482,
    1.690648, 0.0, 0.631987, 2.062969, 2.01538, 1.605646, 1.791563,
    1.4104269999999999, 2.041546, 1.554999, 1.7412370000000001,
    0.9988830000000001, 1.881697, 1.82918
  ],
  [
    2.392518, 2.345181, 2.2465680000000003, 2.2014009999999997, 2.226617,
    2.671714, 2.8486640000000003, 2.590123, 2.218181, 1.165297,
    0.6298279999999999, 2.586395, 2.798412, 2.704692, 2.881406, 0.898765,
    0.31306, 2.807246, 2.322806, 2.9805189999999997, 2.816478, 0.619717,
    2.12752, 0.6484589999999999, 2.765568, 0.85226, 2.220047, 0.631987, 0.0,
    2.592369, 2.5447800000000003, 2.135046, 2.3209630000000003, 1.939827,
    2.5709459999999997, 2.084399, 2.2706370000000002, 1.528282,
    2.4110970000000003, 2.35858
  ],
  [
    0.2826, 0.670782, 0.41491300000000003, 0.527002, 0.552218, 0.079345,
    0.256295, 0.444953, 0.538716, 1.431293, 2.0620979999999998, 0.005974,
    0.394861, 0.17541, 0.289037, 1.881522, 2.487721, 0.544275, 0.304602,
    0.38815, 0.48181599999999997, 1.976873, 2.382923, 2.108579, 0.733734,
    1.769593, 0.553844, 2.062969, 2.592369, 0.0, 0.752676, 0.505476,
    0.6465639999999999, 0.843355, 0.464139, 0.60584, 0.596238,
    1.1453769999999999, 0.799849, 1.175344
  ],
  [
    0.545706, 0.24080000000000001, 0.849563, 0.37884300000000004, 0.335885,
    0.6733300000000001, 0.711194, 0.307714, 0.349497, 1.383704, 2.014508,
    0.758649, 0.516004, 0.7443289999999999, 0.743937, 1.833933, 2.440132,
    0.5571459999999999, 0.905635, 0.786698, 1.1686189999999999, 1.929284,
    2.751816, 2.06099, 0.536771, 1.7220039999999999, 0.922806, 2.01538,
    2.5447800000000003, 0.752676, 0.0, 0.795447, 0.242941, 0.81489, 0.288537,
    0.690806, 0.423825, 1.1169120000000001, 0.242318, 0.617813
  ],
  [
    0.610866, 0.576723, 0.124636, 0.43294299999999997, 0.458159, 0.584821,
    0.761771, 0.821665, 0.44465699999999997, 0.97397, 1.604774, 0.499502,
    0.9003369999999999, 0.617799, 0.794513, 1.410077, 2.030398,
    1.0497509999999999, 0.200874, 0.893625, 0.694546, 1.519634,
    2.0926460000000002, 1.651256, 1.137073, 1.31227, 0.14362, 1.605646,
    2.135046, 0.505476, 0.795447, 0.0, 0.552505, 0.412969, 0.8024880000000001,
    0.20136099999999998, 0.5021789999999999, 0.6912, 0.84262, 0.74236
  ],
  [
    0.302765, 0.024218, 0.606622, 0.13590100000000002, 0.145626, 0.634776,
    0.67264, 0.26916, 0.159238, 1.159887, 1.790607, 0.64059, 0.477449,
    0.7057749999999999, 0.705382, 1.6101159999999999, 2.2163150000000003,
    0.486283, 0.662693, 0.748144, 0.925678, 1.705551, 2.5088739999999996,
    1.837089, 0.584568, 1.498187, 0.679865, 1.791563, 2.3209630000000003,
    0.6465639999999999, 0.242941, 0.552505, 0.0, 0.5719489999999999, 0.249983,
    0.447865, 0.180884, 0.873971, 0.290115, 0.665609
  ],
  [
    0.643504, 0.596167, 0.521344, 0.452387, 0.477603, 0.9227000000000001,
    1.0996489999999999, 0.841109, 0.464101, 0.778751, 1.4095550000000001,
    0.8373809999999999, 1.0493979999999998, 0.955678, 1.132392, 1.22898,
    1.8351790000000001, 1.058232, 0.597582, 1.231504, 1.091254, 1.324415,
    2.127738, 1.456037, 0.923614, 1.117051, 0.5403279999999999,
    1.4104269999999999, 1.939827, 0.843355, 0.81489, 0.412969,
    0.5719489999999999, 0.0, 0.821932, 0.362322, 0.5216230000000001,
    0.49283499999999997, 0.5691430000000001, 0.447083
  ],
  [
    0.552748, 0.247842, 0.856604, 0.385884, 0.342926, 0.384793, 0.422657,
    0.019177, 0.356538, 1.40987, 2.04059, 0.47011200000000003, 0.227466,
    0.455792, 0.455399, 1.860099, 2.4662979999999997, 0.2363, 0.768741,
    0.498161, 0.945955, 1.9554500000000001, 2.758857, 2.087072, 0.324358,
    1.74817, 0.929848, 2.041546, 2.5709459999999997, 0.464139, 0.288537,
    0.8024880000000001, 0.249983, 0.821932, 0.0, 0.697847, 0.430867, 1.123954,
    0.33571100000000004, 0.7112050000000001
  ],
  [
    0.51942, 0.47208300000000003, 0.309736, 0.328303, 0.353519,
    0.6851849999999999, 0.8621340000000001, 0.717024, 0.340017, 0.923323,
    1.554128, 0.599866, 0.925314, 0.718163, 0.8948769999999999, 1.359431,
    1.979751, 0.9341470000000001, 0.385974, 0.993989, 0.8796459999999999,
    1.468987, 2.258189, 1.600609, 1.032432, 1.261623, 0.32872, 1.554999,
    2.084399, 0.60584, 0.690806, 0.20136099999999998, 0.447865, 0.362322,
    0.697847, 0.0, 0.397538, 0.640553, 0.737979, 0.6917129999999999
  ],
  [
    0.121881, 0.205102, 0.556296, 0.085575, 0.149699, 0.6755829999999999,
    0.8525320000000001, 0.450044, 0.203874, 1.109561, 1.740365, 0.590264,
    0.658333, 0.708561, 0.8852749999999999, 1.55979, 2.165989,
    0.6671670000000001, 0.612367, 0.929028, 0.875351, 1.655225, 2.458548,
    1.7867629999999999, 0.765452, 1.447861, 0.629539, 1.7412370000000001,
    2.2706370000000002, 0.596238, 0.423825, 0.5021789999999999, 0.180884,
    0.5216230000000001, 0.430867, 0.397538, 0.0, 0.823645, 0.470999, 0.846493
  ],
  [
    0.945526, 0.898189, 0.7995760000000001, 0.754409, 0.779625, 1.224722,
    1.4016710000000001, 1.1431310000000001, 0.771189, 0.367207, 0.998011,
    1.139403, 1.35142, 1.2577, 1.434414, 0.817365, 1.423634, 1.3602539999999999,
    0.875813, 1.5335260000000002, 1.3694860000000002, 0.912871, 1.716124,
    1.044492, 1.272953, 0.705507, 0.7730549999999999, 0.9988830000000001,
    1.528282, 1.1453769999999999, 1.1169120000000001, 0.6912, 0.873971,
    0.49283499999999997, 1.123954, 0.640553, 0.823645, 0.0, 0.918482, 0.866178
  ],
  [
    0.59288, 0.287974, 0.896737, 0.426016, 0.383058, 0.720504, 0.758368,
    0.354888, 0.39667, 1.250021, 1.880825, 0.805823, 0.563177,
    0.7915030000000001, 0.79111, 1.70025, 2.306449, 0.502986, 0.952808,
    0.833872, 1.215792, 1.795685, 2.598795, 1.927223, 0.391367,
    1.5883209999999999, 0.9699800000000001, 1.881697, 2.4110970000000003,
    0.799849, 0.242318, 0.84262, 0.290115, 0.5691430000000001,
    0.33571100000000004, 0.737979, 0.470999, 0.918482, 0.0, 0.41239
  ],
  [
    0.9683740000000001, 0.663468, 0.850735, 0.80151, 0.758552, 1.095998,
    1.1338620000000001, 0.730382, 0.772164, 1.197504, 1.828308, 1.181317,
    0.938671, 1.166997, 1.166604, 1.647733, 2.253932, 0.878481,
    0.9269729999999999, 1.209366, 1.420645, 1.743084, 2.546491, 1.87479,
    0.766861, 1.5358040000000002, 0.869719, 1.82918, 2.35858, 1.175344,
    0.617813, 0.74236, 0.665609, 0.447083, 0.7112050000000001,
    0.6917129999999999, 0.846493, 0.866178, 0.41239, 0.0
  ]
]
