[
    [
        0.0,
        0.45744,
        3.193609,
        0.577172,
        3.206397,
        3.115612,
        3.219516,
        2.560487,
        3.4837089999999997,
        1.282927,
        0.889436,
        3.588854,
        3.198123,
        3.235632,
        3.657474,
        1.6220530000000002,
        3.789391,
        1.10784,
        3.444225,
        3.565885
    ],
    [
        0.45744,
        0.0,
        2.9433200000000004,
        0.21515299999999998,
        2.956109,
        2.8626729999999996,
        2.966577,
        2.5819050000000003,
        3.233419,
        0.954509,
        0.530551,
        3.335915,
        2.9451840000000002,
        3.224879,
        3.227397,
        1.834331,
        3.536452,
        0.766766,
        3.1939360000000003,
        3.3129459999999997
    ],
    [
        3.193609,
        2.9433200000000004,
        0.0,
        2.687681,
        0.074977,
        0.625163,
        0.7465579999999999,
        5.392607,
        0.419317,
        2.078126,
        2.4720500000000003,
        1.069292,
        0.725165,
        2.431466,
        4.995848,
        2.943596,
        0.789153,
        2.0979229999999998,
        0.41527,
        1.106885
    ],
    [
        0.577172,
        0.21515299999999998,
        2.687681,
        0.0,
        2.722194,
        2.628758,
        2.732662,
        2.7551010000000002,
        2.999505,
        0.787329,
        0.341551,
        3.102,
        2.7112689999999997,
        3.229067,
        3.293273,
        1.838519,
        3.3025369999999996,
        0.628721,
        2.9600210000000002,
        3.079031
    ],
    [
        3.206397,
        2.956109,
        0.074977,
        2.722194,
        0.0,
        0.5843160000000001,
        0.705711,
        5.405395,
        0.427332,
        2.090915,
        2.484309,
        1.084203,
        0.684318,
        2.37281,
        5.008636,
        2.8786329999999998,
        0.86413,
        2.110711,
        0.423285,
        1.049445
    ],
    [
        3.115612,
        2.8626729999999996,
        0.625163,
        2.628758,
        0.5843160000000001,
        0.0,
        0.127909,
        5.211121,
        1.0011079999999999,
        2.007051,
        2.400974,
        0.497291,
        0.13108799999999998,
        1.85309,
        5.153011,
        2.365219,
        0.8235929999999999,
        2.027377,
        0.9970610000000001,
        0.489315
    ],
    [
        3.219516,
        2.966577,
        0.7465579999999999,
        2.732662,
        0.705711,
        0.127909,
        0.0,
        5.300942,
        1.1225019999999999,
        2.126975,
        2.520899,
        0.391563,
        0.021337,
        1.874346,
        5.272937,
        2.455041,
        0.743481,
        2.1473020000000003,
        1.118455,
        0.383587
    ],
    [
        2.560487,
        2.5819050000000003,
        5.392607,
        2.7551010000000002,
        5.405395,
        5.211121,
        5.300942,
        0.0,
        5.762252999999999,
        3.501645,
        3.077687,
        5.864749,
        5.474018,
        5.033475999999999,
        5.107195,
        3.6814810000000002,
        6.065285,
        3.313902,
        5.722770000000001,
        5.84178
    ],
    [
        3.4837089999999997,
        3.233419,
        0.419317,
        2.999505,
        0.427332,
        1.0011079999999999,
        1.1225019999999999,
        5.762252999999999,
        0.0,
        2.367696,
        2.7616199999999997,
        1.463828,
        1.101109,
        2.796335,
        4.680878,
        3.306018,
        0.919858,
        2.388022,
        0.137608,
        1.4729700000000001
    ],
    [
        1.282927,
        0.954509,
        2.078126,
        0.787329,
        2.090915,
        2.007051,
        2.126975,
        3.501645,
        2.367696,
        0.0,
        0.576321,
        2.491276,
        2.1005439999999997,
        2.9668829999999997,
        3.5757890000000003,
        1.7032919999999998,
        2.691812,
        0.164469,
        2.3473249999999997,
        2.468306
    ],
    [
        0.889436,
        0.530551,
        2.4720500000000003,
        0.341551,
        2.484309,
        2.400974,
        2.520899,
        3.077687,
        2.7616199999999997,
        0.576321,
        0.0,
        2.904382,
        2.513651,
        3.125141,
        3.456005,
        1.742116,
        3.1049189999999998,
        0.304801,
        2.762404,
        2.8814130000000002
    ],
    [
        3.588854,
        3.335915,
        1.069292,
        3.102,
        1.084203,
        0.497291,
        0.391563,
        5.864749,
        1.463828,
        2.491276,
        2.904382,
        0.0,
        0.399829,
        1.833262,
        5.626252999999999,
        2.833534,
        0.653899,
        2.50559,
        1.4629729999999999,
        0.237104
    ],
    [
        3.198123,
        2.9451840000000002,
        0.725165,
        2.7112689999999997,
        0.684318,
        0.13108799999999998,
        0.021337,
        5.474018,
        1.101109,
        2.1005439999999997,
        2.513651,
        0.399829,
        0.0,
        1.8842370000000002,
        5.251543,
        2.433649,
        0.7517469999999999,
        2.127378,
        1.097062,
        0.391853
    ],
    [
        3.235632,
        3.224879,
        2.431466,
        3.229067,
        2.37281,
        1.85309,
        1.874346,
        5.033475999999999,
        2.796335,
        2.9668829999999997,
        3.125141,
        1.833262,
        1.8842370000000002,
        0.0,
        6.426793,
        2.00908,
        2.404985,
        2.906495,
        2.787694,
        1.689688
    ],
    [
        3.657474,
        3.227397,
        4.995848,
        3.293273,
        5.008636,
        5.153011,
        5.272937,
        5.107195,
        4.680878,
        3.5757890000000003,
        3.456005,
        5.626252999999999,
        5.251543,
        6.426793,
        0.0,
        5.040775,
        5.496491,
        3.6304980000000002,
        4.680894,
        5.635682
    ],
    [
        1.6220530000000002,
        1.834331,
        2.943596,
        1.838519,
        2.8786329999999998,
        2.365219,
        2.455041,
        3.6814810000000002,
        3.306018,
        1.7032919999999998,
        1.742116,
        2.833534,
        2.433649,
        2.00908,
        5.040775,
        0.0,
        3.2096649999999998,
        1.628261,
        3.326436,
        2.691604
    ],
    [
        3.789391,
        3.536452,
        0.789153,
        3.3025369999999996,
        0.86413,
        0.8235929999999999,
        0.743481,
        6.065285,
        0.919858,
        2.691812,
        3.1049189999999998,
        0.653899,
        0.7517469999999999,
        2.404985,
        5.496491,
        3.2096649999999998,
        0.0,
        2.728553,
        1.0498150000000002,
        0.788539
    ],
    [
        1.10784,
        0.766766,
        2.0979229999999998,
        0.628721,
        2.110711,
        2.027377,
        2.1473020000000003,
        3.313902,
        2.388022,
        0.164469,
        0.304801,
        2.50559,
        2.127378,
        2.906495,
        3.6304980000000002,
        1.628261,
        2.728553,
        0.0,
        2.367703,
        2.488684
    ],
    [
        3.444225,
        3.1939360000000003,
        0.41527,
        2.9600210000000002,
        0.423285,
        0.9970610000000001,
        1.118455,
        5.722770000000001,
        0.137608,
        2.3473249999999997,
        2.762404,
        1.4629729999999999,
        1.097062,
        2.787694,
        4.680894,
        3.326436,
        1.0498150000000002,
        2.367703,
        0.0,
        1.466434
    ],
    [
        3.565885,
        3.3129459999999997,
        1.106885,
        3.079031,
        1.049445,
        0.489315,
        0.383587,
        5.84178,
        1.4729700000000001,
        2.468306,
        2.8814130000000002,
        0.237104,
        0.391853,
        1.689688,
        5.635682,
        2.691604,
        0.788539,
        2.488684,
        1.466434,
        0.0
    ]
]