[
  [
    0.0, 0.33165100000000003, 0.323567, 0.959868, 0.864414, 1.507794, 1.112876,
    0.057116, 1.228454, 0.207768, 0.062291, 0.28570999999999996, 0.783869,
    0.596087, 0.023677, 0.5573429999999999, 0.30526600000000004, 1.227727,
    0.364209, 0.277522, 0.865466, 1.0933499999999998, 0.35802300000000004,
    0.780597, 0.079815, 0.502479, 0.396183, 0.158193, 0.689603, 0.501524,
    0.098831, 0.7058869999999999, 1.214062, 0.072542, 0.37558800000000003,
    0.36776, 0.047812, 0.257583
  ],
  [
    0.33165100000000003, 0.0, 0.649061, 0.9168719999999999, 0.812203, 1.594406,
    1.438369, 0.38261, 1.556897, 0.295956, 0.387784, 0.2335, 1.109363,
    0.9215800000000001, 0.30797399999999997, 0.8828360000000001,
    0.25305500000000003, 1.55617, 0.689703, 0.054128, 0.5482440000000001,
    0.7761269999999999, 0.683516, 1.10609, 0.40530900000000003, 0.736918,
    0.12914099999999998, 0.377875, 0.36165600000000003, 0.7359629999999999,
    0.34289600000000003, 0.6536770000000001, 1.157153, 0.316607, 0.701082,
    0.693254, 0.291877, 0.377701
  ],
  [
    0.323567, 0.649061, 0.0, 1.2797260000000001, 0.855919, 1.4018309999999998,
    1.023674, 0.258961, 1.1392529999999998, 0.429073, 0.283596, 0.605568,
    0.750272, 0.585602, 0.349691, 0.300091, 0.6251230000000001, 1.138525,
    0.277386, 0.59738, 1.1853230000000001, 1.413207, 0.065413, 0.770112,
    0.246199, 0.5533440000000001, 0.71604, 0.379498, 1.00946, 0.552389,
    0.42484500000000003, 0.876889, 1.1080999999999999, 0.398557, 0.269626,
    0.261798, 0.37382600000000005, 0.517137
  ],
  [
    0.959868, 0.9168719999999999, 1.2797260000000001, 0.0, 0.686458,
    1.5456159999999999, 2.13584, 0.989851, 2.251419, 0.6902039999999999,
    0.835681, 0.710973, 1.8624390000000002, 1.741455, 0.915215,
    1.4705519999999999, 0.730529, 2.2506909999999998, 1.2969439999999999,
    0.832553, 0.7314160000000001, 0.636429, 1.290758, 1.8799000000000001,
    1.01255, 1.4594939999999998, 0.848636, 0.772122, 0.554102, 1.458539,
    0.9501369999999999, 0.698499, 1.0314079999999999, 0.923848, 0.893029,
    1.291242, 0.8991180000000001, 1.100277
  ],
  [
    0.864414, 0.812203, 0.855919, 0.686458, 0.0, 0.859158, 1.644758, 0.904766,
    1.760337, 0.6157250000000001, 0.761202, 0.636495, 1.371356, 1.250373,
    0.840737, 0.9794700000000001, 0.6560499999999999, 1.759609, 1.114644,
    0.758075, 1.325449, 1.2304629999999999, 0.90267, 1.3888179999999999,
    0.938072, 1.268206, 0.979116, 0.697644, 1.140801, 1.267251, 0.875659,
    0.41998399999999997, 0.34495, 0.84937, 0.8072590000000001, 0.799431,
    0.82464, 1.03441
  ],
  [
    1.507794, 1.594406, 1.4018309999999998, 1.5456159999999999, 0.859158, 0.0,
    2.1282739999999998, 1.4506780000000001, 2.243853, 1.392887, 1.475313,
    1.413657, 1.854873, 1.7338900000000002, 1.531471, 1.462987, 1.433212,
    2.243126, 1.703941, 1.5352370000000002, 2.184607, 2.08962,
    1.4485830000000002, 1.8723340000000002, 1.506974, 1.8141189999999998,
    1.756278, 1.474806, 1.9999580000000001, 1.813164, 1.606625,
    1.1573900000000001, 0.8610359999999999, 1.580336, 1.353172, 1.345344,
    1.555606, 1.719725
  ],
  [
    1.112876, 1.438369, 1.023674, 2.13584, 1.644758, 2.1282739999999998, 0.0,
    1.2809059999999999, 0.111833, 1.451018, 1.30554, 1.6275119999999998,
    0.340707, 0.5497340000000001, 1.371635, 0.8139149999999999, 1.647068,
    0.111106, 0.7822859999999999, 1.619324, 1.898607, 2.126491, 1.03393,
    0.335949, 1.268144, 1.3174190000000001, 1.429324, 1.401443,
    1.7227439999999998, 1.3164639999999999, 1.44679, 1.6641780000000002,
    1.85101, 1.420501, 1.2915699999999999, 1.283742, 1.3957709999999999,
    1.277077
  ],
  [
    0.057116, 0.38261, 0.258961, 0.989851, 0.904766, 1.4506780000000001,
    1.2809059999999999, 0.0, 1.214129, 0.17011199999999999, 0.024635, 0.33667,
    0.769544, 0.5817619999999999, 0.080793, 0.54039, 0.356225, 1.213402,
    0.34988400000000003, 0.32848099999999997, 0.9164249999999999, 1.144309,
    0.305712, 0.7662720000000001, 0.06548999999999999, 0.491053, 0.447142,
    0.120537, 0.740562, 0.49009800000000003, 0.155947, 0.756846,
    1.1569459999999998, 0.129658, 0.318472, 0.31064400000000003, 0.104928,
    0.269048
  ],
  [
    1.228454, 1.556897, 1.1392529999999998, 2.251419, 1.760337, 2.243853,
    0.111833, 1.214129, 0.0, 1.5628510000000002, 1.417373, 1.739345, 0.45254,
    0.661567, 1.4834690000000001, 0.925748, 1.758901, 0.000727, 0.894119,
    1.561422, 1.8474359999999999, 2.07532, 1.1457629999999999,
    0.44778199999999996, 1.379977, 1.266248, 1.378153, 1.513276,
    1.6715730000000002, 1.265293, 1.3536389999999998, 1.776011,
    1.9628430000000001, 1.379927, 1.403404, 1.395576, 1.507604, 1.225905
  ],
  [
    0.207768, 0.295956, 0.429073, 0.6902039999999999, 0.6157250000000001,
    1.392887, 1.451018, 0.17011199999999999, 1.5628510000000002, 0.0, 0.145477,
    0.330352, 0.920196, 0.732413, 0.23144499999999998, 0.693669, 0.349908,
    1.364054, 0.5005350000000001, 0.322164, 0.9101079999999999, 1.137992,
    0.475824, 0.916923, 0.216142, 0.6417050000000001, 0.44082499999999997,
    0.08191899999999999, 0.734245, 0.64075, 0.306599, 0.563474, 1.327058,
    0.28031, 0.239881, 0.232053, 0.25558000000000003, 0.41969999999999996
  ],
  [
    0.062291, 0.387784, 0.283596, 0.835681, 0.761202, 1.475313, 1.30554,
    0.024635, 1.417373, 0.145477, 0.0, 0.341844, 0.774719, 0.586936, 0.085967,
    0.548192, 0.361399, 1.218577, 0.355058, 0.333656, 0.9216, 1.149483,
    0.330347, 0.7714460000000001, 0.070664, 0.496228, 0.452317, 0.095902,
    0.745737, 0.495273, 0.16112200000000002, 0.762021, 1.181581, 0.134833,
    0.23390799999999998, 0.22608, 0.11010299999999999, 0.27422199999999997
  ],
  [
    0.28570999999999996, 0.2335, 0.605568, 0.710973, 0.636495, 1.413657,
    1.6275119999999998, 0.33667, 1.739345, 0.330352, 0.341844, 0.0, 1.063423,
    0.87564, 0.262034, 0.836896, 0.043731, 1.5072809999999999, 0.643762,
    0.179372, 0.869696, 1.0975789999999999, 0.637576, 1.0601500000000001,
    0.359368, 0.782033, 0.400412, 0.16861199999999998, 0.6938329999999999,
    0.7810779999999999, 0.296956, 0.477968, 0.981445, 0.270667, 0.655142,
    0.647314, 0.24593600000000002, 0.455707
  ],
  [
    0.783869, 1.109363, 0.750272, 1.8624390000000002, 1.371356, 1.854873,
    0.340707, 0.769544, 0.45254, 0.920196, 0.774719, 1.063423, 0.0, 0.220728,
    0.8075460000000001, 0.520145, 1.082978, 0.455558, 0.45327999999999996,
    1.055235, 1.695164, 1.923048, 0.753115, 0.016342, 0.704054, 1.113976,
    1.225881, 0.870621, 1.519301, 1.113021, 0.8827, 1.392506, 1.579338,
    0.8564120000000001, 1.019898, 1.01207, 0.831681, 1.073633
  ],
  [
    0.596087, 0.9215800000000001, 0.585602, 1.741455, 1.250373,
    1.7338900000000002, 0.5497340000000001, 0.5817619999999999, 0.661567,
    0.732413, 0.586936, 0.87564, 0.220728, 0.0, 0.6197630000000001,
    0.33236200000000005, 0.895196, 0.664586, 0.26549700000000004, 0.867452,
    1.5439, 1.7717829999999999, 0.565332, 0.217455, 0.5162720000000001,
    0.962712, 1.074617, 0.6828390000000001, 1.368037, 0.961757, 0.694918,
    1.271522, 1.4583540000000002, 0.668629, 0.855228, 0.8473999999999999,
    0.643899, 0.922369
  ],
  [
    0.023677, 0.30797399999999997, 0.349691, 0.915215, 0.840737, 1.531471,
    1.371635, 0.080793, 1.4834690000000001, 0.23144499999999998, 0.085967,
    0.262034, 0.8075460000000001, 0.6197630000000001, 0.0, 0.58102, 0.281589,
    1.251404, 0.387886, 0.253845, 0.841789, 1.069673, 0.3817, 0.804274,
    0.103492, 0.526156, 0.37250599999999995, 0.18187, 0.665926, 0.525201,
    0.075154, 0.68221, 1.185687, 0.048865, 0.399265, 0.39143700000000003,
    0.024135, 0.233906
  ],
  [
    0.5573429999999999, 0.8828360000000001, 0.300091, 1.4705519999999999,
    0.9794700000000001, 1.462987, 0.8139149999999999, 0.54039, 0.925748,
    0.693669, 0.548192, 0.836896, 0.520145, 0.33236200000000005, 0.58102, 0.0,
    0.856452, 0.930495, 0.30253199999999997, 0.828708, 1.416652, 1.644536,
    0.234678, 0.516872, 0.477528, 0.7589239999999999, 0.947369, 0.644095,
    1.240789, 0.757969, 0.6561739999999999, 1.000619, 1.187451, 0.629885,
    0.551055, 0.543227, 0.605155, 0.722117
  ],
  [
    0.30526600000000004, 0.25305500000000003, 0.6251230000000001, 0.730529,
    0.6560499999999999, 1.433212, 1.647068, 0.356225, 1.758901, 0.349908,
    0.361399, 0.043731, 1.082978, 0.895196, 0.281589, 0.856452, 0.0, 1.526836,
    0.663318, 0.198927, 0.889251, 1.117135, 0.6571319999999999,
    1.0797059999999998, 0.378924, 0.801588, 0.419968, 0.124882, 0.713388,
    0.800633, 0.31651100000000004, 0.49752300000000005, 1.001, 0.290222,
    0.674697, 0.666869, 0.265492, 0.475262
  ],
  [
    1.227727, 1.55617, 1.138525, 2.2506909999999998, 1.759609, 2.243126,
    0.111106, 1.213402, 0.000727, 1.364054, 1.218577, 1.5072809999999999,
    0.455558, 0.664586, 1.251404, 0.930495, 1.526836, 0.0, 0.8933920000000001,
    1.560695, 1.8467090000000002, 2.0745929999999997, 1.1450360000000002,
    0.447055, 1.37925, 1.265521, 1.377426, 1.512549, 1.670846, 1.264566,
    1.352911, 1.775284, 1.962115, 1.3792, 1.402676, 1.3948479999999999,
    1.506877, 1.225178
  ],
  [
    0.364209, 0.689703, 0.277386, 1.2969439999999999, 1.114644, 1.703941,
    0.7822859999999999, 0.34988400000000003, 0.894119, 0.5005350000000001,
    0.355058, 0.643762, 0.45327999999999996, 0.26549700000000004, 0.387886,
    0.30253199999999997, 0.663318, 0.8933920000000001, 0.0, 0.635574, 1.223518,
    1.451402, 0.21197300000000002, 0.450007, 0.284394, 0.56579, 0.754235,
    0.450961, 1.047655, 0.5648350000000001, 0.46304, 1.063939, 1.366825,
    0.436751, 0.528351, 0.5205230000000001, 0.412021, 0.528984
  ],
  [
    0.277522, 0.054128, 0.59738, 0.832553, 0.758075, 1.5352370000000002,
    1.619324, 0.32848099999999997, 1.561422, 0.322164, 0.333656, 0.179372,
    1.055235, 0.867452, 0.253845, 0.828708, 0.198927, 1.560695, 0.635574, 0.0,
    0.6023719999999999, 0.830255, 0.6293880000000001, 1.051962, 0.35118,
    0.670856, 0.18326900000000002, 0.323747, 0.415785, 0.669901, 0.288767,
    0.599548, 1.1030250000000001, 0.26247899999999996, 0.6469539999999999,
    0.639126, 0.237748, 0.379953
  ],
  [
    0.865466, 0.5482440000000001, 1.1853230000000001, 0.7314160000000001,
    1.325449, 2.184607, 1.898607, 0.9164249999999999, 1.8474359999999999,
    0.9101079999999999, 0.9216, 0.869696, 1.695164, 1.5439, 0.841789, 1.416652,
    0.889251, 1.8467090000000002, 1.223518, 0.6023719999999999, 0.0,
    0.22788399999999998, 1.276567, 1.699141, 0.998359, 1.136295, 0.480008,
    0.929227, 0.533614, 1.13534, 0.845551, 1.349107, 1.672814,
    0.8718400000000001, 1.294132, 1.2863040000000001, 0.884927, 0.777079
  ],
  [
    1.0933499999999998, 0.7761269999999999, 1.413207, 0.636429,
    1.2304629999999999, 2.08962, 2.126491, 1.144309, 2.07532, 1.137992,
    1.149483, 1.0975789999999999, 1.923048, 1.7717829999999999, 1.069673,
    1.644536, 1.117135, 2.0745929999999997, 1.451402, 0.830255,
    0.22788399999999998, 0.0, 1.504698, 1.9272719999999999, 1.22649,
    1.3644269999999998, 0.773514, 1.157359, 0.761497, 1.363472, 1.073683,
    1.2425039999999998, 1.577827, 1.099971, 1.5222639999999998, 1.514436,
    1.113058, 1.00521
  ],
  [
    0.35802300000000004, 0.683516, 0.065413, 1.290758, 0.90267,
    1.4485830000000002, 1.03393, 0.305712, 1.1457629999999999, 0.475824,
    0.330347, 0.637576, 0.753115, 0.565332, 0.3817, 0.234678,
    0.6571319999999999, 1.1450360000000002, 0.21197300000000002,
    0.6293880000000001, 1.276567, 1.504698, 0.0, 0.602982, 0.29295, 0.559604,
    0.7627910000000001, 0.42625, 1.056212, 0.558649, 0.471596,
    0.9236409999999999, 1.154851, 0.445308, 0.316377, 0.30854899999999996,
    0.420577, 0.5638880000000001
  ],
  [
    0.780597, 1.10609, 0.770112, 1.8799000000000001, 1.3888179999999999,
    1.8723340000000002, 0.335949, 0.7662720000000001, 0.44778199999999996,
    0.916923, 0.7714460000000001, 1.0601500000000001, 0.016342, 0.217455,
    0.804274, 0.516872, 1.0797059999999998, 0.447055, 0.450007, 1.051962,
    1.699141, 1.9272719999999999, 0.602982, 0.0, 0.700782, 1.097635, 1.209539,
    0.867349, 1.5029590000000002, 1.09668, 0.879428, 1.4099670000000002,
    1.596799, 0.853139, 1.037359, 1.029531, 0.828409, 1.057292
  ],
  [
    0.079815, 0.40530900000000003, 0.246199, 1.01255, 0.938072, 1.506974,
    1.268144, 0.06548999999999999, 1.379977, 0.216142, 0.070664, 0.359368,
    0.704054, 0.5162720000000001, 0.103492, 0.477528, 0.378924, 1.37925,
    0.284394, 0.35118, 0.998359, 1.22649, 0.29295, 0.700782, 0.0, 0.416467,
    0.469841, 0.16656700000000002, 0.763261, 0.415512, 0.178646,
    0.7795449999999999, 1.2224359999999999, 0.152357, 0.38396199999999997,
    0.376134, 0.127627, 0.270938
  ],
  [
    0.502479, 0.736918, 0.5533440000000001, 1.4594939999999998, 1.268206,
    1.8141189999999998, 1.3174190000000001, 0.491053, 1.266248,
    0.6417050000000001, 0.496228, 0.782033, 1.113976, 0.962712, 0.526156,
    0.7589239999999999, 0.801588, 1.265521, 0.56579, 0.670856, 1.136295,
    1.3644269999999998, 0.559604, 1.097635, 0.416467, 0.0, 0.556626,
    0.5830339999999999, 0.8500460000000001, 0.000954, 0.449654,
    1.1960119999999999, 1.515784, 0.475943, 0.67731, 0.669482, 0.500673,
    0.40437900000000004
  ],
  [
    0.396183, 0.12914099999999998, 0.71604, 0.848636, 0.979116, 1.756278,
    1.429324, 0.447142, 1.378153, 0.44082499999999997, 0.452317, 0.400412,
    1.225881, 1.074617, 0.37250599999999995, 0.947369, 0.419968, 1.377426,
    0.754235, 0.18326900000000002, 0.480008, 0.773514, 0.7627910000000001,
    1.209539, 0.469841, 0.556626, 0.0, 0.400709, 0.29342, 0.606822, 0.317033,
    0.820589, 1.324065, 0.343322, 0.765614, 0.757786, 0.356409, 0.248561
  ],
  [
    0.158193, 0.377875, 0.379498, 0.772122, 0.697644, 1.474806, 1.401443,
    0.120537, 1.513276, 0.08191899999999999, 0.095902, 0.16861199999999998,
    0.870621, 0.6828390000000001, 0.18187, 0.644095, 0.124882, 1.512549,
    0.450961, 0.323747, 0.929227, 1.157359, 0.42625, 0.867349,
    0.16656700000000002, 0.5830339999999999, 0.400709, 0.0, 0.69413, 0.591175,
    0.257024, 0.5139, 1.2774839999999998, 0.23073500000000002, 0.190306,
    0.182478, 0.206005, 0.370125
  ],
  [
    0.689603, 0.36165600000000003, 1.00946, 0.554102, 1.140801,
    1.9999580000000001, 1.7227439999999998, 0.740562, 1.6715730000000002,
    0.734245, 0.745737, 0.6938329999999999, 1.519301, 1.368037, 0.665926,
    1.240789, 0.713388, 1.670846, 1.047655, 0.415785, 0.533614, 0.761497,
    1.056212, 1.5029590000000002, 0.763261, 0.8500460000000001, 0.29342,
    0.69413, 0.0, 0.900242, 0.610453, 1.114009, 1.485751, 0.6367419999999999,
    1.0590350000000002, 1.051207, 0.649829, 0.541981
  ],
  [
    0.501524, 0.7359629999999999, 0.552389, 1.458539, 1.267251, 1.813164,
    1.3164639999999999, 0.49009800000000003, 1.265293, 0.64075, 0.495273,
    0.7810779999999999, 1.113021, 0.961757, 0.525201, 0.757969, 0.800633,
    1.264566, 0.5648350000000001, 0.669901, 1.13534, 1.363472, 0.558649,
    1.09668, 0.415512, 0.000954, 0.606822, 0.591175, 0.900242, 0.0, 0.448699,
    1.195057, 1.514828, 0.47498700000000005, 0.676354, 0.668526, 0.499718,
    0.403424
  ],
  [
    0.098831, 0.34289600000000003, 0.42484500000000003, 0.9501369999999999,
    0.875659, 1.606625, 1.44679, 0.155947, 1.3536389999999998, 0.306599,
    0.16112200000000002, 0.296956, 0.8827, 0.694918, 0.075154,
    0.6561739999999999, 0.31651100000000004, 1.352911, 0.46304, 0.288767,
    0.845551, 1.073683, 0.471596, 0.879428, 0.178646, 0.449654, 0.317033,
    0.257024, 0.610453, 0.448699, 0.0, 0.717132, 1.2206089999999998, 0.026289,
    0.47442, 0.46659100000000003, 0.051018999999999995, 0.158751
  ],
  [
    0.7058869999999999, 0.6536770000000001, 0.876889, 0.698499,
    0.41998399999999997, 1.1573900000000001, 1.6641780000000002, 0.756846,
    1.776011, 0.563474, 0.762021, 0.477968, 1.392506, 1.271522, 0.68221,
    1.000619, 0.49752300000000005, 1.775284, 1.063939, 0.599548, 1.349107,
    1.2425039999999998, 0.9236409999999999, 1.4099670000000002,
    0.7795449999999999, 1.1960119999999999, 0.820589, 0.5139, 1.114009,
    1.195057, 0.717132, 0.0, 0.764934, 0.690843, 0.344217, 0.35204599999999997,
    0.6661130000000001, 0.8758830000000001
  ],
  [
    1.214062, 1.157153, 1.1080999999999999, 1.0314079999999999, 0.34495,
    0.8610359999999999, 1.85101, 1.1569459999999998, 1.9628430000000001,
    1.327058, 1.181581, 0.981445, 1.579338, 1.4583540000000002, 1.185687,
    1.187451, 1.001, 1.962115, 1.366825, 1.1030250000000001, 1.672814, 1.577827,
    1.154851, 1.596799, 1.2224359999999999, 1.515784, 1.324065,
    1.2774839999999998, 1.485751, 1.514828, 1.2206089999999998, 0.764934, 0.0,
    1.1943199999999998, 1.0594400000000002, 1.051612, 1.169589, 1.37936
  ],
  [
    0.072542, 0.316607, 0.398557, 0.923848, 0.84937, 1.580336, 1.420501,
    0.129658, 1.379927, 0.28031, 0.134833, 0.270667, 0.8564120000000001,
    0.668629, 0.048865, 0.629885, 0.290222, 1.3792, 0.436751,
    0.26247899999999996, 0.8718400000000001, 1.099971, 0.445308, 0.853139,
    0.152357, 0.475943, 0.343322, 0.23073500000000002, 0.6367419999999999,
    0.47498700000000005, 0.026289, 0.690843, 1.1943199999999998, 0.0,
    0.44813099999999995, 0.440303, 0.024730000000000002, 0.18503999999999998
  ],
  [
    0.37558800000000003, 0.701082, 0.269626, 0.893029, 0.8072590000000001,
    1.353172, 1.2915699999999999, 0.318472, 1.403404, 0.239881,
    0.23390799999999998, 0.655142, 1.019898, 0.855228, 0.399265, 0.551055,
    0.674697, 1.402676, 0.528351, 0.6469539999999999, 1.294132,
    1.5222639999999998, 0.316377, 1.037359, 0.38396199999999997, 0.67731,
    0.765614, 0.190306, 1.0590350000000002, 0.676354, 0.47442, 0.344217,
    1.0594400000000002, 0.44813099999999995, 0.0, 0.007828, 0.4234,
    0.5875199999999999
  ],
  [
    0.36776, 0.693254, 0.261798, 1.291242, 0.799431, 1.345344, 1.283742,
    0.31064400000000003, 1.395576, 0.232053, 0.22608, 0.647314, 1.01207,
    0.8473999999999999, 0.39143700000000003, 0.543227, 0.666869,
    1.3948479999999999, 0.5205230000000001, 0.639126, 1.2863040000000001,
    1.514436, 0.30854899999999996, 1.029531, 0.376134, 0.669482, 0.757786,
    0.182478, 1.051207, 0.668526, 0.46659100000000003, 0.35204599999999997,
    1.051612, 0.440303, 0.007828, 0.0, 0.415572, 0.579692
  ],
  [
    0.047812, 0.291877, 0.37382600000000005, 0.8991180000000001, 0.82464,
    1.555606, 1.3957709999999999, 0.104928, 1.507604, 0.25558000000000003,
    0.11010299999999999, 0.24593600000000002, 0.831681, 0.643899, 0.024135,
    0.605155, 0.265492, 1.506877, 0.412021, 0.237748, 0.884927, 1.113058,
    0.420577, 0.828409, 0.127627, 0.500673, 0.356409, 0.206005, 0.649829,
    0.499718, 0.051018999999999995, 0.6661130000000001, 1.169589,
    0.024730000000000002, 0.4234, 0.415572, 0.0, 0.20977099999999999
  ],
  [
    0.257583, 0.377701, 0.517137, 1.100277, 1.03441, 1.719725, 1.277077,
    0.269048, 1.225905, 0.41969999999999996, 0.27422199999999997, 0.455707,
    1.073633, 0.922369, 0.233906, 0.722117, 0.475262, 1.225178, 0.528984,
    0.379953, 0.777079, 1.00521, 0.5638880000000001, 1.057292, 0.270938,
    0.40437900000000004, 0.248561, 0.370125, 0.541981, 0.403424, 0.158751,
    0.8758830000000001, 1.37936, 0.18503999999999998, 0.5875199999999999,
    0.579692, 0.20977099999999999, 0.0
  ]
]
