[
    [
        0.0,
        0.5146280000000001,
        1.674498,
        1.934986,
        2.860126,
        0.431939,
        1.768323,
        3.650402,
        1.769451,
        1.586376,
        1.3119390000000002,
        1.412318,
        2.343125,
        1.928215,
        1.335471,
        1.4510239999999999,
        1.78446,
        0.906875,
        0.707827,
        2.654279
    ],
    [
        0.5146280000000001,
        0.0,
        1.1515920000000002,
        1.6208699999999998,
        2.405437,
        0.871948,
        2.208332,
        3.195713,
        1.212672,
        1.470747,
        0.839638,
        1.3261120000000002,
        1.958976,
        2.18596,
        0.951321,
        1.276154,
        1.329772,
        0.820152,
        1.034742,
        2.19959
    ],
    [
        1.674498,
        1.1515920000000002,
        0.0,
        1.27032,
        1.923182,
        2.02354,
        3.030461,
        2.778426,
        1.5497049999999999,
        1.735186,
        0.362559,
        1.779499,
        1.304443,
        3.227953,
        0.588488,
        1.117112,
        0.6304460000000001,
        1.753787,
        2.104866,
        1.887108
    ],
    [
        1.934986,
        1.6208699999999998,
        1.27032,
        0.0,
        3.0033090000000002,
        2.260974,
        3.5973580000000003,
        3.987318,
        2.460412,
        0.562924,
        1.152611,
        0.638535,
        0.660755,
        2.495595,
        0.993662,
        0.47826799999999997,
        1.834351,
        1.375726,
        1.710232,
        3.091013
    ],
    [
        2.860126,
        2.405437,
        1.923182,
        3.0033090000000002,
        0.0,
        2.67483,
        2.277942,
        0.952587,
        1.3370090000000001,
        3.4238809999999997,
        2.174156,
        3.468195,
        3.4055590000000002,
        4.586664,
        2.412696,
        2.820033,
        1.326455,
        3.220855,
        3.4354459999999998,
        0.422696
    ],
    [
        0.431939,
        0.871948,
        2.02354,
        2.260974,
        2.67483,
        0.0,
        1.336384,
        3.1545419999999997,
        1.38607,
        1.9056300000000002,
        1.6540730000000001,
        1.735874,
        2.69094,
        2.1479749999999997,
        1.683286,
        1.7745799999999998,
        2.159073,
        1.230431,
        0.927586,
        2.525229
    ],
    [
        1.768323,
        2.208332,
        3.030461,
        3.5973580000000003,
        2.277942,
        1.336384,
        0.0,
        2.614596,
        1.801022,
        3.246315,
        2.9961379999999997,
        3.0722579999999997,
        4.027324,
        3.3728569999999998,
        3.01967,
        3.110964,
        2.5740250000000002,
        2.566814,
        2.2639699999999996,
        1.902932
    ],
    [
        3.650402,
        3.195713,
        2.778426,
        3.987318,
        0.952587,
        3.1545419999999997,
        2.614596,
        0.0,
        2.136978,
        4.232144,
        3.0515689999999998,
        4.276457000000001,
        3.856199,
        5.386552,
        3.275599,
        3.628295,
        2.273107,
        4.020824,
        4.235415,
        1.20744
    ],
    [
        1.769451,
        1.212672,
        1.5497049999999999,
        2.460412,
        1.3370090000000001,
        1.38607,
        1.801022,
        2.136978,
        0.0,
        2.563942,
        1.427462,
        2.608256,
        2.766801,
        3.394875,
        1.768058,
        2.084094,
        1.093269,
        2.029066,
        2.2436570000000002,
        1.1321379999999999
    ],
    [
        1.586376,
        1.470747,
        1.735186,
        0.562924,
        3.4238809999999997,
        1.9056300000000002,
        3.246315,
        4.232144,
        2.563942,
        0.0,
        1.401453,
        0.172874,
        1.2113669999999999,
        2.029934,
        1.20089,
        0.7253630000000001,
        2.3131950000000003,
        0.910065,
        1.24457,
        3.465773
    ],
    [
        1.3119390000000002,
        0.839638,
        0.362559,
        1.152611,
        2.174156,
        1.6540730000000001,
        2.9961379999999997,
        3.0515689999999998,
        1.427462,
        1.401453,
        0.0,
        1.446866,
        1.354482,
        2.8653939999999998,
        0.49516699999999997,
        0.798704,
        0.909851,
        1.3912280000000001,
        1.742307,
        2.203072
    ],
    [
        1.412318,
        1.3261120000000002,
        1.779499,
        0.638535,
        3.468195,
        1.735874,
        3.0722579999999997,
        4.276457000000001,
        2.608256,
        0.172874,
        1.446866,
        0.0,
        1.2961120000000002,
        1.857059,
        1.245204,
        0.7696770000000001,
        2.3575079999999997,
        0.73719,
        1.071696,
        3.509329
    ],
    [
        2.343125,
        1.958976,
        1.304443,
        0.660755,
        3.4055590000000002,
        2.69094,
        4.027324,
        3.856199,
        2.766801,
        1.2113669999999999,
        1.354482,
        1.2961120000000002,
        0.0,
        3.1623229999999998,
        1.051021,
        1.13666,
        1.883435,
        2.034117,
        2.368623,
        3.140096
    ],
    [
        1.928215,
        2.18596,
        3.227953,
        2.495595,
        4.586664,
        2.1479749999999997,
        3.3728569999999998,
        5.386552,
        3.394875,
        2.029934,
        2.8653939999999998,
        1.857059,
        3.1623229999999998,
        0.0,
        2.6494560000000003,
        2.313207,
        3.6906660000000002,
        1.449777,
        1.2144469999999998,
        4.337559000000001
    ],
    [
        1.335471,
        0.951321,
        0.588488,
        0.993662,
        2.412696,
        1.683286,
        3.01967,
        3.275599,
        1.768058,
        1.20089,
        0.49516699999999997,
        1.245204,
        1.051021,
        2.6494560000000003,
        0.0,
        0.597666,
        1.1431369999999998,
        1.222702,
        1.5744770000000001,
        2.400556
    ],
    [
        1.4510239999999999,
        1.276154,
        1.117112,
        0.47826799999999997,
        2.820033,
        1.7745799999999998,
        3.110964,
        3.628295,
        2.084094,
        0.7253630000000001,
        0.798704,
        0.7696770000000001,
        1.13666,
        2.313207,
        0.597666,
        0.0,
        1.709971,
        0.88851,
        1.223016,
        2.8676500000000003
    ],
    [
        1.78446,
        1.329772,
        0.6304460000000001,
        1.834351,
        1.326455,
        2.159073,
        2.5740250000000002,
        2.273107,
        1.093269,
        2.3131950000000003,
        0.909851,
        2.3575079999999997,
        1.883435,
        3.6906660000000002,
        1.1431369999999998,
        1.709971,
        0.0,
        2.257321,
        2.457852,
        1.401183
    ],
    [
        0.906875,
        0.820152,
        1.753787,
        1.375726,
        3.220855,
        1.230431,
        2.566814,
        4.020824,
        2.029066,
        0.910065,
        1.3912280000000001,
        0.73719,
        2.034117,
        1.449777,
        1.222702,
        0.88851,
        2.257321,
        0.0,
        0.35107900000000003,
        3.0197420000000004
    ],
    [
        0.707827,
        1.034742,
        2.104866,
        1.710232,
        3.4354459999999998,
        0.927586,
        2.2639699999999996,
        4.235415,
        2.2436570000000002,
        1.24457,
        1.742307,
        1.071696,
        2.368623,
        1.2144469999999998,
        1.5744770000000001,
        1.223016,
        2.457852,
        0.35107900000000003,
        0.0,
        3.2422269999999997
    ],
    [
        2.654279,
        2.19959,
        1.887108,
        3.091013,
        0.422696,
        2.525229,
        1.902932,
        1.20744,
        1.1321379999999999,
        3.465773,
        2.203072,
        3.509329,
        3.140096,
        4.337559000000001,
        2.400556,
        2.8676500000000003,
        1.401183,
        3.0197420000000004,
        3.2422269999999997,
        0.0
    ]
]