[
    [
        0.0,
        1.171383,
        0.704083,
        2.220047,
        2.3102460000000002,
        0.6661670000000001,
        2.139977,
        0.6778930000000001,
        1.73657,
        2.11633,
        0.54787,
        1.650605,
        0.553844,
        1.651668,
        0.842881,
        1.0981189999999998,
        1.599402,
        1.487284,
        1.767075,
        1.278383,
        0.692987,
        1.172397,
        0.128052,
        2.150605,
        1.45276,
        0.560303,
        0.948704,
        0.249242,
        0.633189,
        0.949025,
        0.585519,
        1.604552,
        0.810138,
        0.572017,
        1.058972,
        1.515399,
        1.540705,
        1.089519,
        3.50301,
        1.0445360000000001,
        1.3973140000000002,
        1.264432,
        1.7234500000000001,
        0.9419930000000001,
        0.749666,
        1.5482049999999998,
        2.109024,
        1.0432329999999999,
        0.321591,
        0.948889,
        1.689692,
        1.473807,
        1.283918,
        2.2671419999999998,
        0.989242,
        0.5938289999999999,
        0.728731,
        1.341629,
        0.586433,
        2.1181509999999997
    ],
    [
        1.171383,
        0.0,
        0.7836000000000001,
        2.5904879999999997,
        1.8727880000000001,
        1.287129,
        2.7806509999999998,
        1.358143,
        2.358067,
        2.48677,
        1.301662,
        2.272102,
        1.2956880000000002,
        2.568475,
        1.2869490000000001,
        0.9986130000000001,
        2.018333,
        2.4666799999999998,
        2.141493,
        1.662875,
        1.088719,
        2.0922080000000003,
        1.152399,
        2.521045,
        2.432156,
        0.921643,
        1.0588030000000002,
        1.228637,
        1.2161300000000002,
        0.850514,
        0.878684,
        1.9749919999999999,
        1.254207,
        0.892297,
        1.4294120000000001,
        2.136896,
        2.162202,
        1.474011,
        3.873451,
        1.052195,
        1.7677550000000002,
        0.8869940000000001,
        2.34489,
        1.329498,
        0.73962,
        1.9186459999999999,
        1.671567,
        1.139988,
        0.8497910000000001,
        1.928285,
        2.060132,
        1.844247,
        0.906479,
        3.0394259999999997,
        1.909052,
        0.912467,
        1.286607,
        2.321024,
        0.92352,
        2.488591
    ],
    [
        0.704083,
        0.7836000000000001,
        0.0,
        2.345181,
        1.62824,
        0.703634,
        2.5353440000000003,
        0.7948310000000001,
        1.774359,
        2.241463,
        0.664808,
        1.688394,
        0.670782,
        1.843267,
        0.703241,
        0.484142,
        1.434625,
        1.893308,
        1.616916,
        1.417568,
        0.326983,
        1.330471,
        0.6308400000000001,
        2.275739,
        1.839801,
        0.160119,
        0.475308,
        0.6869109999999999,
        0.632635,
        0.267019,
        0.143485,
        1.729685,
        0.6704990000000001,
        0.15709700000000001,
        1.184105,
        1.553188,
        1.578495,
        1.228704,
        3.628144,
        0.482409,
        1.522448,
        0.582427,
        1.761182,
        0.7460030000000001,
        0.06766,
        1.673339,
        1.427019,
        0.556493,
        0.397906,
        1.2183789999999999,
        1.8148250000000001,
        1.59894,
        0.601912,
        2.461812,
        1.147316,
        0.150944,
        0.703111,
        1.728669,
        0.161996,
        2.243284
    ],
    [
        2.220047,
        2.5904879999999997,
        2.345181,
        0.0,
        2.20879,
        2.704692,
        2.127521,
        2.716418,
        3.775152,
        0.31399,
        2.586395,
        3.689187,
        2.592369,
        3.722085,
        2.881406,
        2.807246,
        3.6233090000000003,
        3.5577020000000004,
        3.8056,
        1.0778230000000002,
        2.392518,
        3.2428139999999996,
        2.2434209999999997,
        0.40108699999999997,
        3.5231779999999997,
        2.2014009999999997,
        2.798412,
        2.319659,
        2.671714,
        2.590123,
        2.226617,
        0.619717,
        2.8486640000000003,
        2.218181,
        1.165381,
        3.5539810000000003,
        3.579287,
        1.225306,
        1.621902,
        2.805513,
        0.852303,
        2.765355,
        3.761975,
        2.9805189999999997,
        2.3907640000000003,
        0.6875800000000001,
        2.4327170000000002,
        2.8795970000000004,
        1.947274,
        3.019306,
        0.6298279999999999,
        0.842077,
        2.785054,
        4.337560000000001,
        3.059659,
        2.2349270000000003,
        2.7672559999999997,
        3.4120459999999997,
        2.227531,
        0.433543
    ],
    [
        2.3102460000000002,
        1.8727880000000001,
        1.62824,
        2.20879,
        0.0,
        2.131769,
        3.989212,
        2.20257,
        3.202494,
        1.8979059999999999,
        2.146089,
        3.116529,
        2.1401149999999998,
        3.412902,
        2.1313760000000004,
        1.843252,
        2.586837,
        3.499471,
        2.313919,
        2.913554,
        1.933146,
        2.936634,
        2.237003,
        2.586557,
        3.445964,
        1.766282,
        1.903443,
        2.2930740000000003,
        2.0607699999999998,
        1.695154,
        1.723324,
        2.559505,
        2.098634,
        1.7369359999999998,
        2.590287,
        2.9813229999999997,
        3.0066289999999998,
        2.634673,
        2.366896,
        1.8968340000000001,
        2.7112640000000003,
        1.632746,
        3.189317,
        2.174138,
        1.584047,
        2.627367,
        0.223927,
        1.9846279999999998,
        2.004069,
        2.824542,
        2.5875700000000004,
        2.418821,
        1.652231,
        3.883853,
        2.753478,
        1.757107,
        2.131246,
        3.334832,
        1.768159,
        2.619012
    ],
    [
        0.6661670000000001,
        1.287129,
        0.703634,
        2.704692,
        2.131769,
        0.0,
        2.4828870000000003,
        0.08719,
        1.105663,
        2.6009740000000003,
        0.181384,
        1.019698,
        0.17541,
        1.316071,
        0.28069099999999997,
        0.535929,
        1.025192,
        1.451177,
        1.204273,
        1.7771489999999999,
        0.404598,
        0.8883390000000001,
        0.527237,
        2.63525,
        1.402941,
        0.639325,
        0.38582900000000003,
        0.416925,
        0.096065,
        0.436607,
        0.664541,
        2.089196,
        0.247948,
        0.651039,
        1.5436159999999999,
        0.884492,
        0.909798,
        1.5882850000000002,
        3.987655,
        0.482346,
        1.8819590000000002,
        0.742891,
        1.092485,
        0.377317,
        0.659441,
        2.03285,
        1.930548,
        0.478557,
        0.757417,
        0.781519,
        2.174336,
        1.958451,
        0.731139,
        1.7870219999999999,
        0.7051839999999999,
        0.672851,
        0.166541,
        1.291809,
        0.665455,
        2.602795
    ],
    [
        2.139977,
        2.7806509999999998,
        2.5353440000000003,
        2.127521,
        3.989212,
        2.4828870000000003,
        0.0,
        2.403997,
        2.905161,
        2.308751,
        2.37695,
        2.9114430000000002,
        2.382923,
        2.806209,
        2.6719609999999996,
        2.9271979999999997,
        3.385836,
        2.440361,
        3.568127,
        1.131231,
        2.522067,
        2.333725,
        2.000861,
        2.006494,
        2.405837,
        2.391634,
        2.777784,
        2.078322,
        2.4622689999999996,
        2.7803560000000003,
        2.4168499999999997,
        1.5078040000000001,
        2.639218,
        2.408414,
        1.438968,
        2.670157,
        2.695463,
        1.343318,
        3.695432,
        2.873616,
        1.3694570000000001,
        2.955588,
        2.87815,
        2.771073,
        2.580997,
        1.443276,
        3.7401619999999998,
        2.872313,
        2.1375070000000003,
        2.110217,
        1.5455809999999999,
        1.570392,
        2.975073,
        3.2783939999999996,
        2.150569,
        2.42516,
        2.557811,
        2.49617,
        2.417764,
        1.9740389999999999
    ],
    [
        0.6778930000000001,
        1.358143,
        0.7948310000000001,
        2.716418,
        2.20257,
        0.08719,
        2.403997,
        0.0,
        1.083716,
        2.612701,
        0.239904,
        0.9977509999999999,
        0.24587799999999999,
        1.294124,
        0.351492,
        0.6067290000000001,
        1.049212,
        1.3741869999999998,
        1.2315019999999999,
        1.788876,
        0.416324,
        0.81135,
        0.538963,
        2.646976,
        1.325952,
        0.6510520000000001,
        0.431897,
        0.428652,
        0.16686600000000001,
        0.5074069999999999,
        0.676268,
        2.100923,
        0.318749,
        0.662766,
        1.5553430000000001,
        0.862545,
        0.887851,
        1.600012,
        3.999382,
        0.553147,
        1.8936849999999998,
        0.813692,
        1.070539,
        0.403331,
        0.730242,
        2.044576,
        2.001349,
        0.504572,
        0.769143,
        0.70453,
        2.1860630000000003,
        1.9701780000000002,
        0.8019400000000001,
        1.765075,
        0.6281950000000001,
        0.684577,
        0.224811,
        1.21482,
        0.6771820000000001,
        2.614522
    ],
    [
        1.73657,
        2.358067,
        1.774359,
        3.775152,
        3.202494,
        1.105663,
        2.905161,
        1.083716,
        0.0,
        3.666404,
        1.252109,
        0.507452,
        1.246135,
        0.21040799999999998,
        1.351416,
        1.490993,
        1.577135,
        0.653385,
        1.78897,
        2.842579,
        1.485995,
        0.599288,
        1.5926669999999998,
        3.7006799999999997,
        0.687908,
        1.704755,
        1.3128279999999999,
        1.482355,
        1.16679,
        1.5073320000000001,
        1.729971,
        3.1546260000000004,
        1.318673,
        1.716469,
        2.6090459999999998,
        0.22117099999999998,
        0.206926,
        2.653715,
        5.053085,
        1.437411,
        2.9473890000000003,
        1.6979559999999998,
        0.294045,
        1.153071,
        1.730167,
        3.0982800000000004,
        3.0012730000000003,
        1.258668,
        1.8228469999999999,
        0.78462,
        3.239766,
        3.023881,
        1.686204,
        0.681359,
        0.7652859999999999,
        1.738281,
        1.105742,
        0.71684,
        1.730885,
        3.668225
    ],
    [
        2.11633,
        2.48677,
        2.241463,
        0.31399,
        1.8979059999999999,
        2.6009740000000003,
        2.308751,
        2.612701,
        3.666404,
        0.0,
        2.4826770000000002,
        3.5854690000000002,
        2.488651,
        3.618368,
        2.777688,
        2.703528,
        3.5195909999999997,
        3.4539839999999997,
        3.701882,
        1.233093,
        2.2888,
        3.139097,
        2.139704,
        0.6886509999999999,
        3.41946,
        2.097683,
        2.694694,
        2.215941,
        2.567996,
        2.4864050000000004,
        2.122899,
        0.879043,
        2.744946,
        2.114464,
        1.124696,
        3.450263,
        3.4755700000000003,
        1.2222,
        1.386681,
        2.701795,
        1.030802,
        2.66185,
        3.658257,
        2.876801,
        2.2870459999999997,
        0.9469059999999999,
        2.118727,
        2.7758789999999998,
        1.843556,
        2.9155889999999998,
        0.907109,
        0.738359,
        2.681336,
        4.233841,
        2.9559409999999997,
        2.1312089999999997,
        2.663539,
        3.308329,
        2.123813,
        0.721106
    ],
    [
        0.54787,
        1.301662,
        0.664808,
        2.586395,
        2.146089,
        0.181384,
        2.37695,
        0.239904,
        1.252109,
        2.4826770000000002,
        0.0,
        1.166144,
        0.005974,
        1.3474659999999998,
        0.295011,
        0.5502480000000001,
        1.050593,
        1.397507,
        1.232884,
        1.658852,
        0.276627,
        0.8346699999999999,
        0.40893999999999997,
        2.516953,
        1.3492709999999999,
        0.521028,
        0.400834,
        0.298628,
        0.085319,
        0.450927,
        0.5462440000000001,
        1.970899,
        0.26226799999999995,
        0.5327419999999999,
        1.42532,
        1.0309380000000001,
        1.056244,
        1.469989,
        3.869358,
        0.496666,
        1.763662,
        0.757211,
        1.238932,
        0.394123,
        0.6737609999999999,
        1.9145530000000002,
        1.944868,
        0.495363,
        0.63912,
        0.72785,
        2.05604,
        1.840154,
        0.745459,
        1.933468,
        0.651514,
        0.554554,
        0.180861,
        1.23814,
        0.547159,
        2.484498
    ],
    [
        1.650605,
        2.272102,
        1.688394,
        3.689187,
        3.116529,
        1.019698,
        2.9114430000000002,
        0.9977509999999999,
        0.507452,
        3.5854690000000002,
        1.166144,
        0.0,
        1.164523,
        0.71786,
        1.269803,
        1.409381,
        1.283898,
        1.160837,
        1.495733,
        2.760967,
        1.404383,
        0.711477,
        1.5110540000000001,
        3.619067,
        1.19536,
        1.623142,
        1.2312159999999999,
        1.4007429999999998,
        1.0851769999999998,
        1.425719,
        1.648359,
        3.073014,
        1.237061,
        1.634856,
        2.5274340000000004,
        0.33335899999999996,
        0.308053,
        2.5721030000000003,
        4.971473,
        1.355798,
        2.865776,
        1.616343,
        0.22198400000000001,
        1.071458,
        1.648554,
        3.016667,
        2.91966,
        1.177055,
        1.741234,
        0.8968079999999999,
        3.158154,
        2.9422689999999996,
        1.6045909999999999,
        1.1888109999999998,
        0.792507,
        1.6566679999999998,
        1.0241289999999998,
        1.1788800000000001,
        1.649273,
        3.586613
    ],
    [
        0.553844,
        1.2956880000000002,
        0.670782,
        2.592369,
        2.1401149999999998,
        0.17541,
        2.382923,
        0.24587799999999999,
        1.246135,
        2.488651,
        0.005974,
        1.164523,
        0.0,
        1.353439,
        0.289037,
        0.544275,
        1.0446199999999999,
        1.403481,
        1.226911,
        1.664826,
        0.2826,
        0.840643,
        0.41491300000000003,
        2.522927,
        1.3552449999999998,
        0.527002,
        0.394861,
        0.304602,
        0.079345,
        0.444953,
        0.552218,
        1.976873,
        0.256295,
        0.538716,
        1.431293,
        1.024964,
        1.050271,
        1.475962,
        3.8753319999999998,
        0.490693,
        1.769636,
        0.7512369999999999,
        1.232958,
        0.38815,
        0.667788,
        1.920527,
        1.938894,
        0.48939,
        0.6450940000000001,
        0.733823,
        2.062013,
        1.846128,
        0.7394850000000001,
        1.927495,
        0.6574880000000001,
        0.560528,
        0.17488800000000002,
        1.244113,
        0.553132,
        2.490472
    ],
    [
        1.651668,
        2.568475,
        1.843267,
        3.722085,
        3.412902,
        1.316071,
        2.806209,
        1.294124,
        0.21040799999999998,
        3.618368,
        1.3474659999999998,
        0.71786,
        1.353439,
        0.0,
        1.561824,
        1.7014010000000002,
        1.8439079999999999,
        0.449876,
        2.055743,
        2.784983,
        1.5078610000000001,
        0.512796,
        1.520673,
        3.660352,
        0.484399,
        1.699487,
        1.523236,
        1.477087,
        1.3771980000000001,
        1.71774,
        1.7247029999999999,
        3.114298,
        1.529082,
        1.711201,
        2.568718,
        0.431579,
        0.417334,
        2.5961190000000003,
        5.012757,
        1.647819,
        2.907061,
        1.908364,
        0.5044529999999999,
        1.363479,
        1.88885,
        3.0579520000000002,
        3.211681,
        1.469076,
        1.785833,
        0.6981269999999999,
        3.1994380000000002,
        2.9835529999999997,
        1.8966120000000002,
        0.7379220000000001,
        0.695952,
        1.733013,
        1.3161500000000002,
        0.617888,
        1.7256179999999999,
        3.627897
    ],
    [
        0.842881,
        1.2869490000000001,
        0.703241,
        2.881406,
        2.1313760000000004,
        0.28069099999999997,
        2.6719609999999996,
        0.351492,
        1.351416,
        2.777688,
        0.295011,
        1.269803,
        0.289037,
        1.561824,
        0.0,
        0.5355359999999999,
        1.1499000000000001,
        1.692518,
        1.3321910000000001,
        1.9538630000000001,
        0.179844,
        1.129681,
        0.7039500000000001,
        2.811964,
        1.644282,
        0.816039,
        0.428057,
        0.593639,
        0.20969200000000002,
        0.436214,
        0.7983250000000001,
        2.26591,
        0.032740000000000005,
        0.8119379999999999,
        1.72033,
        1.130245,
        1.155551,
        1.7649290000000002,
        4.164369,
        0.48195299999999996,
        2.0586729999999998,
        0.7424980000000001,
        1.338239,
        0.49343,
        0.659049,
        2.209564,
        1.930155,
        0.509242,
        0.9341309999999999,
        1.02286,
        2.3510500000000003,
        2.1351649999999998,
        0.730746,
        2.032775,
        0.946525,
        0.832108,
        0.28016800000000003,
        1.5331510000000002,
        0.842169,
        2.779509
    ],
    [
        1.0981189999999998,
        0.9986130000000001,
        0.484142,
        2.807246,
        1.843252,
        0.535929,
        2.9271979999999997,
        0.6067290000000001,
        1.490993,
        2.703528,
        0.5502480000000001,
        1.409381,
        0.544275,
        1.7014010000000002,
        0.5355359999999999,
        0.0,
        1.105151,
        1.9477550000000001,
        1.287442,
        1.879633,
        0.715379,
        1.3849179999999999,
        0.959188,
        2.737887,
        1.8995199999999999,
        0.622184,
        0.17728,
        0.848877,
        0.46493,
        0.217114,
        0.579226,
        2.19175,
        0.502793,
        0.592838,
        1.6461700000000001,
        1.2698219999999998,
        1.2951279999999998,
        1.690769,
        3.854308,
        0.053582,
        1.984512,
        0.20696199999999998,
        1.477816,
        0.43413,
        0.43994900000000003,
        2.1354029999999997,
        1.642031,
        0.239823,
        0.859971,
        1.278098,
        2.276974,
        2.061005,
        0.19521100000000002,
        2.172352,
        1.201763,
        0.613009,
        0.39725299999999997,
        1.7883879999999999,
        0.6240610000000001,
        2.705433
    ],
    [
        1.599402,
        2.018333,
        1.434625,
        3.6233090000000003,
        2.586837,
        1.025192,
        3.385836,
        1.049212,
        1.577135,
        3.5195909999999997,
        1.050593,
        1.283898,
        1.0446199999999999,
        1.8439079999999999,
        1.1499000000000001,
        1.105151,
        0.0,
        2.17162,
        0.272918,
        2.708542,
        1.326387,
        1.677351,
        1.460471,
        3.566713,
        2.2061439999999997,
        1.570788,
        0.9836459999999999,
        1.3483889999999998,
        0.964441,
        1.1723109999999999,
        1.534422,
        3.022515,
        1.116325,
        1.5480340000000001,
        2.476851,
        1.55876,
        1.5840670000000001,
        2.519679,
        4.70944,
        1.054222,
        2.813422,
        1.23885,
        1.375613,
        0.693335,
        1.395146,
        2.964313,
        2.3856149999999996,
        0.871097,
        1.6888800000000002,
        1.6251849999999999,
        3.1058000000000003,
        2.889915,
        1.219366,
        2.115894,
        1.4941959999999999,
        1.5682049999999998,
        0.868899,
        2.135475,
        1.579258,
        3.534259
    ],
    [
        1.487284,
        2.4666799999999998,
        1.893308,
        3.5577020000000004,
        3.499471,
        1.451177,
        2.440361,
        1.3741869999999998,
        0.653385,
        3.4539839999999997,
        1.397507,
        1.160837,
        1.403481,
        0.449876,
        1.692518,
        1.9477550000000001,
        2.17162,
        0.0,
        2.3834560000000002,
        2.6133490000000004,
        1.562451,
        0.567386,
        1.345665,
        3.4887170000000003,
        0.034524,
        1.754077,
        1.80289,
        1.421903,
        1.487375,
        1.852982,
        1.7792929999999998,
        2.942664,
        1.6643240000000001,
        1.7657909999999999,
        2.397084,
        0.8685620000000001,
        0.8603099999999999,
        2.4244850000000002,
        4.841123,
        1.898722,
        2.735427,
        2.159266,
        0.94743,
        1.617877,
        1.94344,
        2.886317,
        3.302799,
        1.723473,
        1.6141990000000002,
        0.688065,
        3.027804,
        2.811919,
        2.147515,
        0.8858339999999999,
        0.750542,
        1.787603,
        1.582917,
        0.145655,
        1.780208,
        3.456263
    ],
    [
        1.767075,
        2.141493,
        1.616916,
        3.8056,
        2.313919,
        1.204273,
        3.568127,
        1.2315019999999999,
        1.78897,
        3.701882,
        1.232884,
        1.495733,
        1.226911,
        2.055743,
        1.3321910000000001,
        1.287442,
        0.272918,
        2.3834560000000002,
        0.0,
        2.890833,
        1.5086780000000002,
        1.859642,
        1.6427619999999998,
        3.749004,
        2.430407,
        1.753079,
        1.165937,
        1.5306790000000001,
        1.1467319999999999,
        1.354602,
        1.716713,
        3.202951,
        1.298616,
        1.7303250000000001,
        2.6591419999999997,
        1.741051,
        1.7663579999999999,
        2.7019699999999998,
        4.538103,
        1.2365119999999998,
        2.9957130000000003,
        1.4377929999999999,
        1.599877,
        0.875626,
        1.5774359999999998,
        3.146604,
        2.112698,
        1.0533869999999999,
        1.8711710000000001,
        1.807476,
        3.288091,
        3.072206,
        1.401657,
        2.340157,
        1.6764860000000001,
        1.750496,
        1.05119,
        2.317766,
        1.761548,
        3.716549
    ],
    [
        1.278383,
        1.662875,
        1.417568,
        1.0778230000000002,
        2.913554,
        1.7771489999999999,
        1.131231,
        1.788876,
        2.842579,
        1.233093,
        1.658852,
        2.760967,
        1.664826,
        2.784983,
        1.9538630000000001,
        1.879633,
        2.708542,
        2.6133490000000004,
        2.890833,
        0.0,
        1.464975,
        2.3011500000000003,
        1.301757,
        1.004076,
        2.5815129999999997,
        1.273858,
        1.870869,
        1.3779949999999999,
        1.7441710000000001,
        1.66258,
        1.299074,
        0.458022,
        1.921121,
        1.2906389999999999,
        0.32119200000000003,
        2.6264380000000003,
        2.651745,
        0.225542,
        2.619774,
        1.87797,
        0.238675,
        1.838025,
        2.8344319999999996,
        2.052976,
        1.463221,
        0.391358,
        2.622599,
        1.9520540000000002,
        1.019731,
        2.077642,
        0.543162,
        0.5157430000000001,
        1.857511,
        3.395895,
        2.117995,
        1.307384,
        1.8397139999999998,
        2.470382,
        1.299989,
        0.971621
    ],
    [
        0.692987,
        1.088719,
        0.326983,
        2.392518,
        1.933146,
        0.404598,
        2.522067,
        0.416324,
        1.485995,
        2.2888,
        0.276627,
        1.404383,
        0.2826,
        1.5078610000000001,
        0.179844,
        0.715379,
        1.326387,
        1.562451,
        1.5086780000000002,
        1.464975,
        0.0,
        0.9950650000000001,
        0.554056,
        2.323076,
        1.509666,
        0.207456,
        0.677461,
        0.463918,
        0.361945,
        0.5719249999999999,
        0.27158,
        1.7770219999999999,
        0.212584,
        0.325755,
        1.231442,
        1.269854,
        1.295161,
        1.276041,
        3.6754810000000004,
        0.6617970000000001,
        1.569785,
        0.8873329999999999,
        1.477848,
        0.67075,
        0.37256599999999995,
        1.7206759999999999,
        1.731925,
        0.6890850000000001,
        0.445243,
        0.888245,
        1.862162,
        1.646277,
        0.906818,
        2.126406,
        0.811909,
        0.216729,
        0.457488,
        1.398535,
        0.164715,
        2.2906210000000002
    ],
    [
        1.172397,
        2.0922080000000003,
        1.330471,
        3.2428139999999996,
        2.936634,
        0.8883390000000001,
        2.333725,
        0.81135,
        0.599288,
        3.139097,
        0.8346699999999999,
        0.711477,
        0.840643,
        0.512796,
        1.129681,
        1.3849179999999999,
        1.677351,
        0.567386,
        1.859642,
        2.3011500000000003,
        0.9950650000000001,
        0.0,
        1.0334670000000001,
        3.176519,
        0.597361,
        1.186691,
        1.235504,
        0.964291,
        0.9199890000000001,
        1.285596,
        1.2119069999999998,
        2.630465,
        1.0969380000000002,
        1.198405,
        2.0848850000000003,
        0.37811700000000004,
        0.403424,
        2.112287,
        4.528924,
        1.331336,
        2.423228,
        1.591881,
        0.5861109999999999,
        1.050491,
        1.376054,
        2.574119,
        2.735413,
        1.156088,
        1.3047829999999998,
        0.185332,
        2.715605,
        2.49972,
        1.580129,
        1.13134,
        0.183156,
        1.220217,
        1.015531,
        0.544344,
        1.2128219999999998,
        3.1440639999999997
    ],
    [
        0.128052,
        1.152399,
        0.6308400000000001,
        2.2434209999999997,
        2.237003,
        0.527237,
        2.000861,
        0.538963,
        1.5926669999999998,
        2.139704,
        0.40893999999999997,
        1.5110540000000001,
        0.41491300000000003,
        1.520673,
        0.7039500000000001,
        0.959188,
        1.460471,
        1.345665,
        1.6427619999999998,
        1.301757,
        0.554056,
        1.0334670000000001,
        0.0,
        2.1771260000000003,
        1.3138299999999998,
        0.48706,
        0.809774,
        0.110311,
        0.494259,
        0.8757820000000001,
        0.512276,
        1.6310719999999999,
        0.6712079999999999,
        0.498774,
        1.085492,
        1.376469,
        1.401775,
        1.1128930000000001,
        3.529531,
        0.905606,
        1.423835,
        1.191189,
        1.584519,
        0.803063,
        0.676423,
        1.574726,
        2.035781,
        0.904303,
        0.302607,
        0.809959,
        1.716212,
        1.500327,
        1.154399,
        2.128212,
        0.850311,
        0.520586,
        0.589801,
        1.202699,
        0.51319,
        2.1446709999999998
    ],
    [
        2.150605,
        2.521045,
        2.275739,
        0.40108699999999997,
        2.586557,
        2.63525,
        2.006494,
        2.646976,
        3.7006799999999997,
        0.6886509999999999,
        2.516953,
        3.619067,
        2.522927,
        3.660352,
        2.811964,
        2.737887,
        3.566713,
        3.4887170000000003,
        3.749004,
        1.004076,
        2.323076,
        3.176519,
        2.1771260000000003,
        0.0,
        3.4538200000000003,
        2.1319589999999997,
        2.72897,
        2.250301,
        2.6023560000000003,
        2.520765,
        2.157259,
        0.645479,
        2.779305,
        2.1488229999999997,
        1.091718,
        3.484623,
        3.509929,
        1.151642,
        1.565539,
        2.736071,
        0.778639,
        2.695913,
        3.6926170000000003,
        2.911076,
        2.3213220000000003,
        0.613673,
        2.8073780000000004,
        2.810239,
        1.877915,
        2.949948,
        0.460913,
        0.916184,
        2.715695,
        4.268201,
        2.990301,
        2.1654850000000003,
        2.6978980000000004,
        3.342688,
        2.1581729999999997,
        0.032455
    ],
    [
        1.45276,
        2.432156,
        1.839801,
        3.5231779999999997,
        3.445964,
        1.402941,
        2.405837,
        1.325952,
        0.687908,
        3.41946,
        1.3492709999999999,
        1.19536,
        1.3552449999999998,
        0.484399,
        1.644282,
        1.8995199999999999,
        2.2061439999999997,
        0.034524,
        2.430407,
        2.5815129999999997,
        1.509666,
        0.597361,
        1.3138299999999998,
        3.4538200000000003,
        0.0,
        1.764128,
        1.750106,
        1.38738,
        1.4345899999999998,
        1.8001980000000002,
        1.789344,
        2.90814,
        1.611539,
        1.7758420000000001,
        2.3625610000000004,
        0.903086,
        0.8948339999999999,
        2.389961,
        4.806599,
        1.845938,
        2.700903,
        2.106482,
        0.981953,
        1.6524,
        1.953491,
        2.851794,
        3.31285,
        1.757997,
        1.579675,
        0.6535420000000001,
        2.993281,
        2.777395,
        2.09473,
        0.9203579999999999,
        0.785065,
        1.797654,
        1.530132,
        0.11113200000000001,
        1.7902580000000001,
        3.421739
    ],
    [
        0.560303,
        0.921643,
        0.160119,
        2.2014009999999997,
        1.766282,
        0.639325,
        2.391634,
        0.6510520000000001,
        1.704755,
        2.097683,
        0.521028,
        1.623142,
        0.527002,
        1.699487,
        0.816039,
        0.622184,
        1.570788,
        1.754077,
        1.753079,
        1.273858,
        0.207456,
        1.186691,
        0.48706,
        2.1319589999999997,
        1.764128,
        0.0,
        0.613351,
        0.5431309999999999,
        0.606347,
        0.405061,
        0.08046299999999999,
        1.585905,
        0.7832960000000001,
        0.134638,
        1.040325,
        1.488614,
        1.5139200000000002,
        1.084924,
        3.4843640000000002,
        0.620451,
        1.3786679999999998,
        0.720469,
        1.696608,
        0.884045,
        0.205702,
        1.529559,
        1.5650609999999998,
        0.694535,
        0.254126,
        1.0745989999999999,
        1.6710450000000001,
        1.45516,
        0.739954,
        2.318032,
        1.003536,
        0.049865,
        0.701889,
        1.583544,
        0.04247,
        2.099504
    ],
    [
        0.948704,
        1.0588030000000002,
        0.475308,
        2.798412,
        1.903443,
        0.38582900000000003,
        2.777784,
        0.431897,
        1.3128279999999999,
        2.694694,
        0.400834,
        1.2312159999999999,
        0.394861,
        1.523236,
        0.428057,
        0.17728,
        0.9836459999999999,
        1.80289,
        1.165937,
        1.870869,
        0.677461,
        1.235504,
        0.809774,
        2.72897,
        1.750106,
        0.613351,
        0.0,
        0.699463,
        0.315516,
        0.208281,
        0.570392,
        2.1829169999999998,
        0.39531499999999997,
        0.584005,
        1.637337,
        1.0916569999999999,
        1.116963,
        1.681935,
        3.9144989999999997,
        0.12369799999999999,
        1.9756790000000002,
        0.38424200000000003,
        1.2996510000000001,
        0.290311,
        0.431116,
        2.12657,
        1.702222,
        0.140254,
        0.8511369999999999,
        1.128684,
        2.2680569999999998,
        2.052171,
        0.37249,
        1.994187,
        1.052349,
        0.6041749999999999,
        0.219973,
        1.638974,
        0.615228,
        2.6965149999999998
    ],
    [
        0.249242,
        1.228637,
        0.6869109999999999,
        2.319659,
        2.2930740000000003,
        0.416925,
        2.078322,
        0.428652,
        1.482355,
        2.215941,
        0.298628,
        1.4007429999999998,
        0.304602,
        1.477087,
        0.593639,
        0.848877,
        1.3483889999999998,
        1.421903,
        1.5306790000000001,
        1.3779949999999999,
        0.463918,
        0.964291,
        0.110311,
        2.250301,
        1.38738,
        0.5431309999999999,
        0.699463,
        0.0,
        0.383947,
        0.749555,
        0.5683469999999999,
        1.7073099999999999,
        0.5608970000000001,
        0.554845,
        1.16173,
        1.266157,
        1.291464,
        1.1891310000000002,
        3.6057689999999996,
        0.795295,
        1.5000719999999998,
        1.055839,
        1.4742080000000002,
        0.6927519999999999,
        0.732494,
        1.650963,
        2.091853,
        0.7939919999999999,
        0.37884500000000004,
        0.8521989999999999,
        1.79245,
        1.576565,
        1.044087,
        2.095632,
        0.7811359999999999,
        0.5766570000000001,
        0.479489,
        1.2789359999999999,
        0.5692619999999999,
        2.2209090000000002
    ],
    [
        0.633189,
        1.2161300000000002,
        0.632635,
        2.671714,
        2.0607699999999998,
        0.096065,
        2.4622689999999996,
        0.16686600000000001,
        1.16679,
        2.567996,
        0.085319,
        1.0851769999999998,
        0.079345,
        1.3771980000000001,
        0.20969200000000002,
        0.46493,
        0.964441,
        1.487375,
        1.1467319999999999,
        1.7441710000000001,
        0.361945,
        0.9199890000000001,
        0.494259,
        2.6023560000000003,
        1.4345899999999998,
        0.606347,
        0.315516,
        0.383947,
        0.0,
        0.365608,
        0.631563,
        2.056219,
        0.17694900000000002,
        0.6180610000000001,
        1.5106389999999998,
        0.945619,
        0.9709249999999999,
        1.5552380000000001,
        3.954677,
        0.41134699999999996,
        1.848981,
        0.671892,
        1.153613,
        0.30880399999999997,
        0.5884429999999999,
        1.999872,
        1.859549,
        0.41004399999999996,
        0.7244389999999999,
        0.813169,
        2.141359,
        1.925473,
        0.66014,
        1.8481489999999998,
        0.736833,
        0.639873,
        0.095542,
        1.3234590000000002,
        0.632478,
        2.569817
    ],
    [
        0.949025,
        0.850514,
        0.267019,
        2.590123,
        1.695154,
        0.436607,
        2.7803560000000003,
        0.5074069999999999,
        1.5073320000000001,
        2.4864050000000004,
        0.450927,
        1.425719,
        0.444953,
        1.71774,
        0.436214,
        0.217114,
        1.1723109999999999,
        1.852982,
        1.354602,
        1.66258,
        0.5719249999999999,
        1.285596,
        0.8757820000000001,
        2.520765,
        1.8001980000000002,
        0.405061,
        0.208281,
        0.749555,
        0.365608,
        0.0,
        0.362103,
        1.974627,
        0.403471,
        0.37571499999999997,
        1.429047,
        1.286161,
        1.3114670000000002,
        1.473646,
        3.706209,
        0.21538200000000002,
        1.76739,
        0.305172,
        1.494154,
        0.47897500000000004,
        0.222826,
        1.918281,
        1.493932,
        0.289465,
        0.642848,
        1.178776,
        2.059851,
        1.843882,
        0.324657,
        2.188691,
        1.102441,
        0.395886,
        0.436084,
        1.689066,
        0.40693799999999997,
        2.48831
    ],
    [
        0.585519,
        0.878684,
        0.143485,
        2.226617,
        1.723324,
        0.664541,
        2.4168499999999997,
        0.676268,
        1.729971,
        2.122899,
        0.5462440000000001,
        1.648359,
        0.552218,
        1.7247029999999999,
        0.7983250000000001,
        0.579226,
        1.534422,
        1.7792929999999998,
        1.716713,
        1.299074,
        0.27158,
        1.2119069999999998,
        0.512276,
        2.157259,
        1.789344,
        0.08046299999999999,
        0.570392,
        0.5683469999999999,
        0.631563,
        0.362103,
        0.0,
        1.611121,
        0.765583,
        0.09042499999999999,
        1.0655409999999998,
        1.51383,
        1.539136,
        1.1101400000000001,
        3.50958,
        0.577493,
        1.403884,
        0.677511,
        1.721824,
        0.841087,
        0.162744,
        1.554775,
        1.522103,
        0.651577,
        0.279342,
        1.099815,
        1.696261,
        1.480376,
        0.696996,
        2.343248,
        1.0287519999999999,
        0.11398900000000001,
        0.727105,
        1.6101050000000001,
        0.10659300000000001,
        2.12472
    ],
    [
        1.604552,
        1.9749919999999999,
        1.729685,
        0.619717,
        2.559505,
        2.089196,
        1.5078040000000001,
        2.100923,
        3.1546260000000004,
        0.879043,
        1.970899,
        3.073014,
        1.976873,
        3.114298,
        2.26591,
        2.19175,
        3.022515,
        2.942664,
        3.202951,
        0.458022,
        1.7770219999999999,
        2.630465,
        1.6310719999999999,
        0.645479,
        2.90814,
        1.585905,
        2.1829169999999998,
        1.7073099999999999,
        2.056219,
        1.974627,
        1.611121,
        0.0,
        2.233252,
        1.60277,
        0.545664,
        2.9385700000000003,
        2.963875,
        0.605588,
        2.2416199999999997,
        2.1900169999999997,
        0.23258600000000001,
        2.1498589999999997,
        3.146563,
        2.3650230000000003,
        1.775268,
        0.06786299999999999,
        2.783432,
        2.264185,
        1.331862,
        2.403895,
        0.184566,
        0.362649,
        2.169558,
        3.722147,
        2.444247,
        1.619515,
        2.151845,
        2.796635,
        1.612036,
        0.613024
    ],
    [
        0.810138,
        1.254207,
        0.6704990000000001,
        2.8486640000000003,
        2.098634,
        0.247948,
        2.639218,
        0.318749,
