[
  [
    0.0, 0.283687, 0.357134, 0.514455, 0.910509, 0.41379000000000005, 0.651153,
    1.472556, 0.710389, 0.554877, 0.492582, 1.5675029999999999,
    0.8710359999999999, 0.937016, 0.515952, 1.226619, 0.41636700000000004,
    0.944899, 0.382764, 0.420478, 1.087415, 0.603482, 0.386678, 0.457278,
    1.531604, 0.35565199999999997, 1.155875, 1.2730380000000001, 1.030402,
    0.6441330000000001
  ],
  [
    0.283687, 0.0, 0.48336399999999996, 0.753994, 1.1995129999999998,
    0.48395499999999997, 0.67267, 1.720734, 0.83125, 0.815861, 0.508511,
    1.8565070000000001, 1.1600409999999999, 1.2260199999999999, 0.752497,
    1.515623, 0.437884, 1.233903, 0.671768, 0.490643, 1.376418, 0.887207,
    0.675682, 0.6549400000000001, 1.345192, 0.626143, 0.940312, 1.556683,
    1.180407, 0.594445
  ],
  [
    0.357134, 0.48336399999999996, 0.0, 0.607403, 1.0034560000000001, 0.746096,
    0.39407400000000004, 1.5655029999999999, 0.552654, 0.537265, 0.696144,
    1.5614190000000001, 0.9639840000000001, 1.029963, 0.6089, 1.319566,
    0.159288, 1.037847, 0.47571199999999997, 0.752784, 1.1803620000000001,
    0.636438, 0.479625, 0.5502250000000001, 1.8639100000000002,
    0.44859899999999997, 1.423676, 1.365985, 1.1233499999999998, 0.782079
  ],
  [
    0.514455, 0.753994, 0.607403, 0.0, 0.506243, 0.47239299999999995, 0.797263,
    1.06829, 0.703336, 0.630813, 0.330719, 1.195425, 0.498959, 0.53275,
    0.001497, 0.822353, 0.666635, 0.5406340000000001, 0.131691,
    0.41218299999999997, 0.715337, 0.5223519999999999, 0.127777, 0.111247,
    1.589694, 0.27415300000000004, 1.194277, 0.8687720000000001,
    0.5929260000000001, 0.40708
  ],
  [
    0.910509, 1.1995129999999998, 1.0034560000000001, 0.506243, 0.0,
    0.9461029999999999, 0.873134, 0.562046, 0.779207, 0.706684, 0.804429,
    0.933582, 0.283372, 0.045033000000000004, 0.50774, 0.31611, 1.062331,
    0.034390000000000004, 0.5273869999999999, 0.885893, 0.324808, 0.495868,
    0.523473, 0.61749, 1.699067, 0.751476, 1.456686, 0.362529, 0.119893,
    0.778625
  ],
  [
    0.41379000000000005, 0.48395499999999997, 0.746096, 0.47239299999999995,
    0.9461029999999999, 0.0, 1.040115, 1.419513, 1.0231109999999999, 0.867599,
    0.141674, 1.6694149999999999, 0.9729479999999999, 0.906745, 0.472493,
    1.246599, 0.805329, 0.96469, 0.60568, 0.094236, 1.189326, 0.908665,
    0.601767, 0.374936, 1.127904, 0.5445019999999999, 0.7521749999999999,
    1.255463, 0.879187, 0.293225
  ],
  [
    0.651153, 0.67267, 0.39407400000000004, 0.797263, 0.873134, 1.040115, 0.0,
    1.4351800000000001, 0.184812, 0.16645, 0.9901639999999999, 1.308889,
    0.776117, 0.8996409999999999, 0.79876, 1.1892429999999998, 0.321426,
    0.907524, 0.650544, 1.0468030000000002, 0.992495, 0.38695999999999997,
    0.654458, 0.844244, 2.017862, 0.742618, 1.612982, 1.235662, 0.993027,
    1.076098
  ],
  [
    1.472556, 1.720734, 1.5655029999999999, 1.06829, 0.562046, 1.419513,
    1.4351800000000001, 0.0, 1.341253, 1.26873, 1.271729, 1.1497380000000001,
    0.779698, 0.6070789999999999, 1.0697860000000001, 0.24593700000000002,
    1.6243779999999999, 0.532907, 1.089433, 1.353193, 0.623899, 1.057915,
    1.085519, 1.124253, 2.166367, 1.2958230000000002, 1.9239860000000002,
    0.199518, 0.6007469999999999, 1.2459259999999999
  ],
  [
    0.710389, 0.83125, 0.552654, 0.703336, 0.779207, 1.0231109999999999,
    0.184812, 1.341253, 0.0, 0.150742, 0.973159, 1.181906, 0.682191, 0.805714,
    0.7048329999999999, 1.095317, 0.480005, 0.813597, 0.639606, 1.029799,
    0.898569, 0.293033, 0.64352, 0.814583, 2.140925, 0.725614,
    1.7715619999999999, 1.141735, 0.8991, 1.059093
  ],
  [
    0.554877, 0.815861, 0.537265, 0.630813, 0.706684, 0.867599, 0.16645,
    1.26873, 0.150742, 0.0, 0.817647, 1.142439, 0.6096670000000001, 0.73319,
    0.6323099999999999, 1.022793, 0.464616, 0.741074, 0.48409399999999997,
    0.874287, 0.8260460000000001, 0.22050999999999998, 0.488008, 0.657798,
    1.985412, 0.570102, 1.609683, 1.069212, 0.826577, 0.903581
  ],
  [
    0.492582, 0.508511, 0.696144, 0.330719, 0.804429, 0.141674,
    0.9901639999999999, 1.271729, 0.973159, 0.817647, 0.0, 1.52774, 0.831274,
    0.7650710000000001, 0.330818, 1.104925, 0.755377, 0.8230149999999999,
    0.464006, 0.081464, 1.047652, 0.8168730000000001, 0.460092, 0.233262,
    1.2395180000000001, 0.40282799999999996, 0.863789, 1.113788, 0.737512,
    0.15155000000000002
  ],
  [
    1.5675029999999999, 1.8565070000000001, 1.5614190000000001, 1.195425,
    0.933582, 1.6694149999999999, 1.308889, 1.1497380000000001, 1.181906,
    1.142439, 1.52774, 0.0, 0.7795839999999999, 0.9600890000000001, 1.206923,
    0.903802, 1.5903669999999999, 0.967973, 1.19474, 1.6176089999999999,
    0.608774, 0.977731, 1.190826, 1.316673, 2.614123, 1.418829,
    2.3717420000000002, 0.9502200000000001, 1.0574290000000002, 1.612506
  ],
  [
    0.8710359999999999, 1.1600409999999999, 0.9639840000000001, 0.498959,
    0.283372, 0.9729479999999999, 0.776117, 0.779698, 0.682191,
    0.6096670000000001, 0.831274, 0.7795839999999999, 0.0, 0.309879, 0.500456,
    0.537124, 1.023217, 0.31776299999999996, 0.488272, 0.911142, 0.216378,
    0.389158, 0.484358, 0.610206, 1.963913, 0.7123619999999999,
    1.7215319999999998, 0.583543, 0.403266, 0.906038
  ],
  [
    0.937016, 1.2260199999999999, 1.029963, 0.53275, 0.045033000000000004,
    0.906745, 0.8996409999999999, 0.6070789999999999, 0.805714, 0.73319,
    0.7650710000000001, 0.9600890000000001, 0.309879, 0.0, 0.5342469999999999,
    0.361142, 1.088838, 0.07942300000000001, 0.5538930000000001,
    0.8465349999999999, 0.351315, 0.522375, 0.54998, 0.6175940000000001,
    1.6597080000000002, 0.777983, 1.417328, 0.40756099999999995,
    0.16024100000000002, 0.739267
  ],
  [
    0.515952, 0.752497, 0.6089, 0.001497, 0.50774, 0.472493, 0.79876,
    1.0697860000000001, 0.7048329999999999, 0.6323099999999999, 0.330818,
    1.206923, 0.500456, 0.5342469999999999, 0.0, 0.82385, 0.668132,
    0.5421309999999999, 0.133188, 0.410686, 0.716834, 0.523849, 0.129274,
    0.10975, 1.5881969999999999, 0.272656, 1.19278, 0.870269, 0.591429, 0.405583
  ],
  [
    1.226619, 1.515623, 1.319566, 0.822353, 0.31611, 1.246599,
    1.1892429999999998, 0.24593700000000002, 1.095317, 1.022793, 1.104925,
    0.903802, 0.537124, 0.361142, 0.82385, 0.0, 1.378441, 0.28697, 0.843496,
    1.18526, 0.37796199999999996, 0.811978, 0.839583, 0.9563189999999999,
    1.998434, 1.067586, 1.756053, 0.046418999999999995, 0.35481, 1.077992
  ],
  [
    0.41636700000000004, 0.437884, 0.159288, 0.666635, 1.062331, 0.805329,
    0.321426, 1.6243779999999999, 0.480005, 0.464616, 0.755377,
    1.5903669999999999, 1.023217, 1.088838, 0.668132, 1.378441, 0.0,
    1.0970799999999998, 0.534945, 0.8120170000000001, 1.239595, 0.695671,
    0.538858, 0.6094579999999999, 1.783076, 0.507832, 1.378196, 1.425218,
    1.1825830000000002, 0.8413120000000001
  ],
  [
    0.944899, 1.233903, 1.037847, 0.5406340000000001, 0.034390000000000004,
    0.96469, 0.907524, 0.532907, 0.813597, 0.741074, 0.8230149999999999,
    0.967973, 0.31776299999999996, 0.07942300000000001, 0.5421309999999999,
    0.28697, 1.0970799999999998, 0.0, 0.5617770000000001, 0.904479, 0.382038,
    0.530259, 0.5578630000000001, 0.65188, 1.717653, 0.785866, 1.475272,
    0.33566, 0.085503, 0.797212
  ],
  [
    0.382764, 0.671768, 0.47571199999999997, 0.131691, 0.5273869999999999,
    0.60568, 0.650544, 1.089433, 0.639606, 0.48409399999999997, 0.464006,
    1.19474, 0.488272, 0.5538930000000001, 0.133188, 0.843496, 0.534945,
    0.5617770000000001, 0.0, 0.543874, 0.70465, 0.43649099999999996, 0.003914,
    0.242938, 1.721385, 0.224089, 1.325968, 0.890273, 0.647638, 0.53877
  ],
  [
    0.420478, 0.490643, 0.752784, 0.41218299999999997, 0.885893, 0.094236,
    1.0468030000000002, 1.353193, 1.029799, 0.874287, 0.081464,
    1.6176089999999999, 0.911142, 0.8465349999999999, 0.410686, 1.18526,
    0.8120170000000001, 0.904479, 0.543874, 0.0, 1.129116, 0.8983369999999999,
    0.541556, 0.314726, 1.1920789999999999, 0.484292, 0.81635, 1.195252,
    0.818976, 0.233014
  ],
  [
    1.087415, 1.376418, 1.1803620000000001, 0.715337, 0.324808, 1.189326,
    0.992495, 0.623899, 0.898569, 0.8260460000000001, 1.047652, 0.608774,
    0.216378, 0.351315, 0.716834, 0.37796199999999996, 1.239595, 0.382038,
    0.70465, 1.129116, 0.0, 0.602173, 0.697374, 0.823221, 2.005349, 0.925377,
    1.762969, 0.42438099999999995, 0.44865499999999997, 1.084908
  ],
  [
    0.603482, 0.887207, 0.636438, 0.5223519999999999, 0.495868, 0.908665,
    0.38695999999999997, 1.057915, 0.293033, 0.22050999999999998,
    0.8168730000000001, 0.977731, 0.389158, 0.522375, 0.523849, 0.811978,
    0.695671, 0.530259, 0.43649099999999996, 0.8983369999999999, 0.602173, 0.0,
    0.487506, 0.6133529999999999, 2.026479, 0.569328, 1.65075,
    0.8583970000000001, 0.6157619999999999, 0.909186
  ],
  [
    0.386678, 0.675682, 0.479625, 0.127777, 0.523473, 0.601767, 0.654458,
    1.085519, 0.64352, 0.488008, 0.460092, 1.190826, 0.484358, 0.54998,
    0.129274, 0.839583, 0.538858, 0.5578630000000001, 0.003914, 0.541556,
    0.697374, 0.487506, 0.0, 0.23902400000000001, 1.717471, 0.22800299999999998,
    1.322054, 0.88636, 0.6437240000000001, 0.5348569999999999
  ],
  [
    0.457278, 0.6549400000000001, 0.5502250000000001, 0.111247, 0.61749,
    0.374936, 0.844244, 1.124253, 0.814583, 0.657798, 0.233262, 1.316673,
    0.610206, 0.6175940000000001, 0.10975, 0.9563189999999999,
    0.6094579999999999, 0.65188, 0.242938, 0.314726, 0.823221,
    0.6133529999999999, 0.23902400000000001, 0.0, 1.470952, 0.17036099999999998,
    1.095223, 0.9713869999999999, 0.595111, 0.308026
  ],
  [
    1.531604, 1.345192, 1.8639100000000002, 1.589694, 1.699067, 1.127904,
    2.017862, 2.166367, 2.140925, 1.985412, 1.2395180000000001, 2.614123,
    1.963913, 1.6597080000000002, 1.5881969999999999, 1.998434, 1.783076,
    1.717653, 1.721385, 1.1920789999999999, 2.005349, 2.026479, 1.717471,
    1.470952, 0.0, 1.648152, 0.592491, 2.014232, 1.637956, 1.32832
  ],
  [
    0.35565199999999997, 0.626143, 0.44859899999999997, 0.27415300000000004,
    0.751476, 0.5445019999999999, 0.742618, 1.2958230000000002, 0.725614,
    0.570102, 0.40282799999999996, 1.418829, 0.7123619999999999, 0.777983,
    0.272656, 1.067586, 0.507832, 0.785866, 0.224089, 0.484292, 0.925377,
    0.569328, 0.22800299999999998, 0.17036099999999998, 1.648152, 0.0,
    1.2666169999999999, 1.114363, 0.7433869999999999, 0.488762
  ],
  [
    1.155875, 0.940312, 1.423676, 1.194277, 1.456686, 0.7521749999999999,
    1.612982, 1.9239860000000002, 1.7715619999999999, 1.609683, 0.863789,
    2.3717420000000002, 1.7215319999999998, 1.417328, 1.19278, 1.756053,
    1.378196, 1.475272, 1.325968, 0.81635, 1.762969, 1.65075, 1.322054,
    1.095223, 0.592491, 1.2666169999999999, 0.0, 1.766045, 1.389769, 1.015339
  ],
  [
    1.2730380000000001, 1.556683, 1.365985, 0.8687720000000001, 0.362529,
    1.255463, 1.235662, 0.199518, 1.141735, 1.069212, 1.113788,
    0.9502200000000001, 0.583543, 0.40756099999999995, 0.870269,
    0.046418999999999995, 1.425218, 0.33566, 0.890273, 1.195252,
    0.42438099999999995, 0.8583970000000001, 0.88636, 0.9713869999999999,
    2.014232, 1.114363, 1.766045, 0.0, 0.401229, 1.124411
  ],
  [
    1.030402, 1.180407, 1.1233499999999998, 0.5929260000000001, 0.119893,
    0.879187, 0.993027, 0.6007469999999999, 0.8991, 0.826577, 0.737512,
    1.0574290000000002, 0.403266, 0.16024100000000002, 0.591429, 0.35481,
    1.1825830000000002, 0.085503, 0.647638, 0.818976, 0.44865499999999997,
    0.6157619999999999, 0.6437240000000001, 0.595111, 1.637956,
    0.7433869999999999, 1.389769, 0.401229, 0.0, 0.7117089999999999
  ],
  [
    0.6441330000000001, 0.594445, 0.782079, 0.40708, 0.778625, 0.293225,
    1.076098, 1.2459259999999999, 1.059093, 0.903581, 0.15155000000000002,
    1.612506, 0.906038, 0.739267, 0.405583, 1.077992, 0.8413120000000001,
    0.797212, 0.53877, 0.233014, 1.084908, 0.909186, 0.5348569999999999,
    0.308026, 1.32832, 0.488762, 1.015339, 1.124411, 0.7117089999999999, 0.0
  ]
]
