[
    [
        0.0,
        0.976726,
        0.085551,
        1.338908,
        1.774391,
        1.1590550000000002,
        1.74947,
        0.597807,
        0.678753,
        1.755,
        1.94714,
        1.9586389999999998,
        2.436974,
        1.227293,
        2.531615,
        1.144385,
        0.057765000000000004,
        0.486851,
        2.423636,
        1.926422,
        1.343341,
        2.4924850000000003,
        3.188963,
        4.035451,
        1.229357,
        1.281188,
        1.143292,
        0.187577,
        3.118782,
        3.029467,
        1.367435,
        1.3354949999999999,
        1.137461,
        1.092139,
        4.713178,
        1.062792,
        1.437284,
        0.704639,
        2.830452,
        1.267511,
        0.651248,
        2.518373,
        1.087397,
        3.0914119999999996,
        1.71744,
        1.088849,
        2.461471,
        1.641158,
        3.78886,
        2.638628,
        2.775495,
        2.795395,
        0.24438200000000002,
        2.977223,
        1.454877,
        3.280846,
        1.503508,
        3.1126729999999996,
        0.5444840000000001,
        0.627552
    ],
    [
        0.976726,
        0.0,
        0.886861,
        1.5772760000000001,
        1.548703,
        0.933367,
        1.523782,
        0.378919,
        0.316471,
        1.529312,
        1.573634,
        2.395977,
        3.108206,
        0.8502759999999999,
        3.235866,
        1.334707,
        0.914646,
        0.524636,
        3.034169,
        1.3700999999999999,
        1.581709,
        3.196737,
        3.860728,
        4.587688,
        1.467725,
        0.336065,
        1.3404719999999999,
        1.00176,
        3.804382,
        3.701233,
        1.558495,
        1.109807,
        0.514635,
        1.2893189999999999,
        5.347157,
        1.276621,
        1.6756520000000001,
        0.34012200000000004,
        3.53865,
        1.481339,
        1.3799649999999999,
        2.6627080000000003,
        0.110671,
        3.708812,
        1.776086,
        0.40494,
        3.165722,
        2.1496,
        4.17066,
        3.246319,
        3.378236,
        3.499647,
        1.058565,
        3.313705,
        1.786249,
        4.026198,
        2.01195,
        3.8169250000000003,
        1.273201,
        1.356268
    ],
    [
        0.085551,
        0.886861,
        0.0,
        1.253357,
        1.68884,
        1.073504,
        1.6639190000000001,
        0.559157,
        0.640102,
        1.669449,
        1.936625,
        1.979125,
        2.457461,
        1.141743,
        2.518243,
        1.058835,
        0.027786,
        0.448201,
        2.4441230000000003,
        1.915908,
        1.25779,
        2.479114,
        3.175591,
        4.055938,
        1.143806,
        1.195638,
        1.057742,
        0.114899,
        3.105411,
        3.016095,
        1.281884,
        1.249944,
        1.159894,
        1.006588,
        4.699806,
        0.977241,
        1.3517329999999999,
        0.619089,
        2.817081,
        1.1819600000000001,
        0.671735,
        2.507859,
        0.9975320000000001,
        3.0780410000000002,
        1.706926,
        1.0501980000000002,
        2.4480999999999997,
        1.661645,
        3.8093470000000003,
        2.659115,
        2.7959810000000003,
        2.782024,
        0.17170500000000002,
        2.997709,
        1.475363,
        3.267475,
        1.523995,
        3.0993020000000002,
        0.564971,
        0.648038
    ],
    [
        1.338908,
        1.5772760000000001,
        1.253357,
        0.0,
        1.56024,
        1.1410850000000001,
        1.535318,
        1.703718,
        1.636598,
        1.540848,
        2.8937600000000003,
        2.914415,
        3.027727,
        1.209324,
        2.815849,
        0.611063,
        1.2435440000000002,
        1.547101,
        2.941448,
        2.6902269999999997,
        0.156891,
        2.776719,
        3.4731970000000003,
        4.566647,
        0.09220099999999999,
        1.745166,
        0.611327,
        1.213774,
        3.4030169999999997,
        3.313701,
        0.554926,
        1.2714210000000001,
        1.834762,
        0.560174,
        4.997412000000001,
        0.459698,
        0.12409,
        1.2386389999999998,
        3.114687,
        0.466855,
        1.145707,
        3.521516,
        1.650348,
        3.375647,
        2.8263510000000003,
        1.725067,
        2.745706,
        2.596934,
        4.306672,
        3.0989079999999998,
        3.293307,
        3.0796300000000003,
        1.188717,
        3.837919,
        2.509229,
        3.565081,
        2.4592840000000002,
        3.396908,
        1.28626,
        1.180277
    ],
    [
        1.774391,
        1.548703,
        1.68884,
        1.56024,
        0.0,
        0.615337,
        0.041693,
        1.812441,
        1.7499939999999998,
        0.290996,
        3.007156,
        3.74175,
        4.123131,
        0.72122,
        3.9112530000000003,
        1.1856110000000002,
        1.716627,
        1.8458379999999999,
        4.036852,
        2.803623,
        1.602271,
        3.872124,
        4.568600999999999,
        5.662051,
        1.488288,
        1.3439480000000001,
        1.191376,
        1.80374,
        4.4984210000000004,
        4.409104999999999,
        1.4093989999999998,
        0.438896,
        1.9481579999999998,
        1.140222,
        6.092816,
        1.133675,
        1.696215,
        1.352035,
        4.210091,
        1.330557,
        2.241111,
        4.008482,
        1.508905,
        4.471051,
        3.209609,
        1.838463,
        3.84111,
        3.350485,
        5.402076,
        4.194312,
        4.388711,
        4.175033999999999,
        1.922874,
        4.659478,
        3.1320230000000002,
        4.6604849999999995,
        3.212835,
        4.492312,
        2.253812,
        2.275681
    ],
    [
        1.1590550000000002,
        0.933367,
        1.073504,
        1.1410850000000001,
        0.615337,
        0.0,
        0.5904149999999999,
        1.197105,
        1.134657,
        0.5959450000000001,
        2.39182,
        3.126414,
        3.514218,
        0.1032,
        3.30234,
        0.766456,
        1.1012899999999999,
        1.230502,
        3.424611,
        2.188286,
        1.183117,
        3.26321,
        3.9596880000000003,
        5.053138,
        1.0691330000000001,
        0.728611,
        0.772221,
        1.188403,
        3.8895079999999997,
        3.800192,
        0.990244,
        0.17643999999999999,
        1.3328209999999998,
        0.7210679999999999,
        5.483903000000001,
        0.7145199999999999,
        1.2770599999999999,
        0.736698,
        3.6011770000000003,
        0.9114030000000001,
        1.629503,
        3.390832,
        0.893568,
        3.862137,
        2.594272,
        1.223126,
        3.232197,
        2.735149,
        4.793163,
        3.585398,
        3.779798,
        3.566121,
        1.2701559999999998,
        4.044142,
        2.516687,
        4.051571,
        2.597499,
        3.883398,
        1.638475,
        1.6640730000000001
    ],
    [
        1.74947,
        1.523782,
        1.6639190000000001,
        1.535318,
        0.041693,
        0.5904149999999999,
        0.0,
        1.7988279999999999,
        1.73638,
        0.277383,
        2.9935430000000003,
        3.7281370000000003,
        4.1095180000000004,
        0.707607,
        3.8976390000000003,
        1.171998,
        1.7030129999999999,
        1.832225,
        4.023239,
        2.79001,
        1.588658,
        3.8585100000000003,
        4.554987,
        5.6484380000000005,
        1.474675,
        1.330335,
        1.177763,
        1.7901259999999999,
        4.484808,
        4.395492,
        1.395785,
        0.425282,
        1.9345450000000002,
        1.126609,
        6.079203000000001,
        1.120062,
        1.682601,
        1.338422,
        4.196477,
        1.316944,
        2.227498,
        3.994869,
        1.495291,
        4.457438,
        3.195995,
        1.824849,
        3.827496,
        3.336872,
        5.385135,
        4.1806980000000005,
        4.375096999999999,
        4.16142,
        1.90926,
        4.645865,
        3.11841,
        4.646872,
        3.1992220000000002,
        4.4786980000000005,
        2.240198,
        2.262068
    ],
    [
        0.597807,
        0.378919,
        0.559157,
        1.703718,
        1.812441,
        1.197105,
        1.7988279999999999,
        0.0,
        0.08094499999999999,
        1.79305,
        1.6272550000000001,
        2.1163719999999997,
        2.828603,
        1.229195,
        2.8814130000000002,
        1.536414,
        0.590508,
        0.145717,
        2.754564,
        1.456202,
        1.74575,
        2.842283,
        3.538761,
        4.308083,
        1.631766,
        0.7149840000000001,
        1.535321,
        0.641169,
        3.468581,
        3.3792649999999997,
        1.759463,
        1.373545,
        0.600737,
        1.484167,
        5.067553,
        1.454821,
        1.839693,
        0.49949099999999996,
        3.18025,
        1.659539,
        1.001046,
        2.383104,
        0.48958999999999997,
        3.429208,
        1.536868,
        0.491041,
        2.811269,
        1.869996,
        3.891056,
        2.966715,
        3.0986320000000003,
        3.1451930000000003,
        0.6979740000000001,
        3.034101,
        1.506645,
        3.630645,
        1.732347,
        3.462471,
        0.894283,
        0.97735
    ],
    [
        0.678753,
        0.316471,
        0.640102,
        1.636598,
        1.7499939999999998,
        1.134657,
        1.73638,
        0.08094499999999999,
        0.0,
        1.7306020000000002,
        1.5972870000000001,
        2.113737,
        2.825967,
        1.166747,
        2.962358,
        1.455135,
        0.671453,
        0.226662,
        2.751929,
        1.393754,
        1.67863,
        2.923228,
        3.5784890000000003,
        4.305448,
        1.564646,
        0.6525359999999999,
        1.4540419999999998,
        0.722114,
        3.5221430000000002,
        3.418993,
        1.655416,
        1.311097,
        0.538289,
        1.402888,
        5.064917,
        1.373541,
        1.7725730000000002,
        0.437043,
        3.25641,
        1.57826,
        1.081991,
        2.380469,
        0.427142,
        3.426573,
        1.534233,
        0.428593,
        2.892214,
        1.867361,
        3.8884209999999997,
        2.96408,
        3.095996,
        3.2261390000000003,
        0.778919,
        3.0314650000000003,
        1.50401,
        3.743959,
        1.729711,
        3.543417,
        0.975228,
        1.058295
    ],
    [
        1.755,
        1.529312,
        1.669449,
        1.540848,
        0.290996,
        0.5959450000000001,
        0.277383,
        1.79305,
        1.7306020000000002,
        0.0,
        2.987765,
        3.722359,
        4.103738999999999,
        0.7018289999999999,
        3.891861,
        1.1662190000000001,
        1.6972349999999998,
        1.826447,
        4.01746,
        2.784231,
        1.58288,
        3.852732,
        4.549208999999999,
        5.64266,
        1.468896,
        1.324557,
        1.171984,
        1.784348,
        4.47903,
        4.389714,
        1.390007,
        0.41950400000000004,
        1.928766,
        1.120831,
        6.073425,
        1.114283,
        1.6768230000000002,
        1.332643,
        4.1906989999999995,
        1.3111659999999998,
        2.221719,
        3.98909,
        1.4895129999999999,
        4.451658999999999,
        3.190217,
        1.8190709999999999,
        3.8217179999999997,
        3.331094,
        5.382684,
        4.174919,
        4.369319000000001,
        4.155641999999999,
        1.903482,
        4.640087,
        3.112632,
        4.641093,
        3.193444,
        4.47292,
        2.23442,
        2.25629
    ],
    [
        1.94714,
        1.573634,
        1.936625,
        2.8937600000000003,
        3.007156,
        2.39182,
        2.9935430000000003,
        1.6272550000000001,
        1.5972870000000001,
        2.987765,
        0.0,
        1.666917,
        2.467795,
        2.3376680000000003,
        3.5629920000000004,
        2.712297,
        1.938057,
        1.675971,
        2.3937579999999996,
        0.362254,
        2.9357919999999997,
        3.0413580000000002,
        3.220317,
        3.842892,
        2.821809,
        1.823457,
        2.711205,
        1.988717,
        3.163971,
        3.060822,
        2.912579,
        2.5682600000000004,
        1.076069,
        2.6600509999999997,
        4.602361,
        2.630704,
        3.0297359999999998,
        1.6942059999999999,
        2.8982390000000002,
        2.8354229999999996,
        2.183667,
        1.259246,
        1.52719,
        3.0684009999999997,
        0.32152800000000004,
        1.168694,
        3.1861439999999996,
        1.5091890000000001,
        3.265605,
        2.605908,
        2.7378240000000003,
        3.316153,
        2.0455229999999998,
        2.408649,
        1.05719,
        3.385788,
        1.371539,
        3.737892,
        2.037954,
        2.15997
    ],
    [
        1.9586389999999998,
        2.395977,
        1.979125,
        2.914415,
        3.74175,
        3.126414,
        3.7281370000000003,
        2.1163719999999997,
        2.113737,
        3.722359,
        1.666917,
        0.0,
        1.450127,
        3.16001,
        2.545324,
        2.9809870000000003,
        2.035593,
        2.05404,
        1.376089,
        1.646199,
        2.884265,
        2.02369,
        2.202649,
        2.4544360000000003,
        2.993719,
        2.645799,
        2.979894,
        2.0844099999999997,
        2.146303,
        2.043153,
        3.204036,
        3.277165,
        2.08312,
        2.92874,
        3.213905,
        2.8993939999999996,
        2.7903249999999997,
        2.516549,
        1.8805699999999999,
        3.104112,
        1.8006289999999998,
        1.260168,
        2.349533,
        1.844695,
        1.439,
        2.173664,
        2.168476,
        0.593401,
        1.918402,
        1.58824,
        1.315896,
        2.2984850000000003,
        2.141216,
        1.061446,
        0.692635,
        2.368119,
        0.45513099999999995,
        2.720223,
        1.61996,
        1.776932
    ],
    [
        2.436974,
        3.108206,
        2.457461,
        3.027727,
        4.123131,
        3.514218,
        4.1095180000000004,
        2.828603,
        2.825967,
        4.103738999999999,
        2.467795,
        1.450127,
        0.0,
        3.585596,
        1.1086980000000002,
        3.230067,
        2.431269,
        2.757923,
        0.192941,
        2.447078,
        2.996248,
        0.5870639999999999,
        0.766023,
        1.777654,
        3.1023400000000003,
        3.358029,
        3.228974,
        2.674324,
        0.709677,
        0.6065280000000001,
        3.453116,
        3.693797,
        2.79535,
        3.177821,
        2.361377,
        3.148474,
        2.902308,
        3.1107600000000004,
        0.443944,
        3.353193,
        1.804126,
        2.69272,
        3.061763,
        0.614107,
        2.2398789999999997,
        2.885894,
        0.73185,
        0.98097,
        1.856944,
        0.20072800000000002,
        0.534987,
        0.861859,
        2.649267,
        1.714566,
        1.410606,
        0.931493,
        1.125732,
        1.283598,
        1.966413,
        1.86043
    ],
    [
        1.227293,
        0.8502759999999999,
        1.141743,
        1.209324,
        0.72122,
        0.1032,
        0.707607,
        1.229195,
        1.166747,
        0.7018289999999999,
        2.3376680000000003,
        3.16001,
        3.585596,
        0.0,
        3.370579,
        0.8346950000000001,
        1.169529,
        1.298741,
        3.496178,
        2.134135,
        1.251356,
        3.331449,
        4.027927,
        5.121376000000001,
        1.137372,
        0.645521,
        0.84046,
        1.256642,
        3.957747,
        3.868431,
        1.0584829999999998,
        0.27964,
        1.27867,
        0.789307,
        5.552142,
        0.782759,
        1.345299,
        0.8185309999999999,
        3.6694169999999997,
        0.979641,
        1.6977419999999999,
        3.4267420000000004,
        0.8104779999999999,
        3.9303760000000003,
        2.54012,
        1.168974,
        3.3004360000000004,
        2.913635,
        4.861402,
        3.6536370000000002,
        3.8447080000000002,
        3.634359,
        1.338395,
        4.077739,
        2.550284,
        4.1198109999999994,
        2.775985,
        3.9516370000000003,
        1.7067139999999998,
        1.7323119999999999
    ],
    [
        2.531615,
        3.235866,
        2.518243,
        2.815849,
        3.9112530000000003,
        3.30234,
        3.8976390000000003,
        2.8814130000000002,
        2.962358,
        3.891861,
        3.5629920000000004,
        2.545324,
        1.1086980000000002,
        3.370579,
        0.0,
        3.01505,
        2.528823,
        2.7749650000000003,
        1.177969,
        3.432105,
        2.78123,
        0.435554,
        0.999281,
        2.061869,
        2.887323,
        3.472292,
        3.013957,
        2.459307,
        0.9238780000000001,
        0.942801,
        3.2380999999999998,
        3.47878,
        3.353612,
        2.962804,
        2.561269,
        2.9334569999999998,
        2.687291,
        2.895743,
        0.714544,
        3.138176,
        1.916795,
        3.6777480000000002,
        3.3465369999999997,
        0.975504,
        3.224907,
        3.376962,
        0.376848,
        1.9659980000000001,
        2.438768,
        1.003784,
        1.371116,
        0.554311,
        2.43425,
        2.6768020000000003,
        2.395634,
        1.1289369999999999,
        2.1107600000000004,
        0.865832,
        2.057348,
        1.951365
    ],
    [
        1.144385,
        1.334707,
        1.058835,
        0.611063,
        1.1856110000000002,
        0.766456,
        1.171998,
        1.536414,
        1.455135,
        1.1662190000000001,
        2.712297,
        2.9809870000000003,
        3.230067,
        0.8346950000000001,
        3.01505,
        0.0,
        1.086621,
        1.461559,
        3.1457710000000003,
        2.485258,
        0.6527179999999999,
        2.981043,
        3.677521,
        4.77097,
        0.5391119999999999,
        1.460107,
        0.035269,
        1.0568499999999998,
        3.607341,
        3.518025,
        0.223049,
        0.896792,
        1.629792,
        0.052246,
        5.2017359999999995,
        0.152722,
        0.7466609999999999,
        1.0336690000000002,
        3.31901,
        0.144208,
        1.350031,
        3.470361,
        1.445379,
        3.57997,
        2.669428,
        1.520097,
        2.950029,
        2.663506,
        4.5109960000000004,
        3.3032310000000003,
        3.49763,
        3.283953,
        1.031793,
        3.999571,
        2.5277789999999998,
        3.769404,
        2.525856,
        3.6012310000000003,
        1.4804059999999999,
        1.3846010000000002
    ],
    [
        0.057765000000000004,
        0.914646,
        0.027786,
        1.2435440000000002,
        1.716627,
        1.1012899999999999,
        1.7030129999999999,
        0.590508,
        0.671453,
        1.6972349999999998,
        1.938057,
        2.035593,
        2.431269,
        1.169529,
        2.528823,
        1.086621,
        0.0,
        0.47955200000000003,
        2.416337,
        1.919122,
        1.285576,
        2.5068989999999998,
        3.203377,
        4.028152,
        1.1715920000000002,
        1.223424,
        1.085528,
        0.129812,
        3.133197,
        3.043881,
        1.3096700000000001,
        1.27773,
        1.130162,
        1.0343740000000001,
        4.727592,
        1.0050270000000001,
        1.379519,
        0.646875,
        2.844866,
        1.209746,
        0.643949,
        2.5110740000000003,
        1.025318,
        3.105826,
        1.71014,
        1.0815489999999999,
        2.4758850000000003,
        1.633859,
        3.781561,
        2.631329,
        2.768196,
        2.80981,
        0.18661699999999998,
        2.9699229999999996,
        1.447577,
        3.295261,
        1.4962090000000001,
        3.127088,
        0.5371849999999999,
        0.6202519999999999
    ],
    [
        0.486851,
        0.524636,
        0.448201,
        1.547101,
        1.8458379999999999,
        1.230502,
        1.832225,
        0.145717,
        0.226662,
        1.826447,
        1.675971,
        2.05404,
        2.757923,
        1.298741,
        2.7749650000000003,
        1.461559,
        0.47955200000000003,
        0.0,
        2.720868,
        1.5078589999999998,
        1.5922560000000001,
        2.7313270000000003,
        3.4278049999999998,
        4.274387,
        1.478272,
        0.860701,
        1.3922080000000001,
        0.5302129999999999,
        3.357625,
        3.2683090000000004,
        1.61635,
        1.406942,
        0.700374,
        1.3410540000000002,
        5.033856,
        1.3117070000000002,
        1.686199,
        0.645208,
        3.0692939999999997,
        1.5164259999999998,
        0.89009,
        2.3436640000000004,
        0.6353070000000001,
        3.330254,
        1.54273,
        0.636758,
        2.700313,
        1.8363,
        3.851615,
        2.933019,
        3.0649349999999997,
        3.0342379999999998,
        0.587018,
        2.9946599999999997,
        1.4672049999999999,
        3.519688,
        1.69865,
        3.351515,
        0.783327,
        0.866394
    ],
    [
        2.423636,
        3.034169,
        2.4441230000000003,
        2.941448,
        4.036852,
        3.424611,
        4.023239,
        2.754564,
        2.751929,
        4.01746,
        2.3937579999999996,
        1.376089,
        0.192941,
        3.496178,
        1.177969,
        3.1457710000000003,
        2.416337,
        2.720868,
        0.0,
        2.37304,
        2.9045349999999996,
        0.7665040000000001,
        0.9454629999999999,
        1.652559,
        3.010627,
        3.283991,
        3.137262,
        2.4618249999999997,
        0.8891169999999999,
        0.785967,
        3.361404,
        3.602085,
        2.7213119999999997,
        3.0861080000000003,
        2.412028,
        3.056761,
        2.8105949999999997,
        3.154741,
        0.623384,
        3.26148,
        1.8485150000000001,
        2.618683,
        2.9877249999999997,
        0.7935460000000001,
        2.165841,
        2.811856,
        0.911289,
        0.9069320000000001,
        1.687653,
        0.232391,
        0.34204700000000005,
        1.041298,
        2.518631,
        1.5452750000000002,
        1.336568,
        1.110933,
        1.051694,
        1.4630370000000001,
        1.997375,
        1.904819
    ],
    [
        1.926422,
        1.3700999999999999,
        1.915908,
        2.6902269999999997,
        2.803623,
        2.188286,
        2.79001,
        1.456202,
        1.393754,
        2.784231,
        0.362254,
        1.646199,
        2.447078,
        2.134135,
        3.432105,
        2.485258,
        1.919122,
        1.5078589999999998,
        2.37304,
        0.0,
        2.732259,
        3.0206399999999998,
        3.1995999999999998,
        3.926559,
        2.618276,
        1.619923,
        2.5076709999999998,
        1.968,
        3.143253,
        3.040104,
        2.709045,
        2.364727,
        0.872535,
        2.456518,
        4.686028,
        2.427171,
        2.826203,
        1.490673,
        2.877521,
        2.63189,
        2.1629490000000002,
        1.5807650000000002,
        1.3236569999999999,
        3.047683,
        0.600105,
        0.96516,
        3.165426,
        1.488472,
        3.420883,
        2.58519,
        2.717107,
        3.295435,
        2.024805,
        2.563927,
        1.036472,
        3.3650700000000002,
        1.350822,
        3.717174,
        2.017236,
        2.139252
    ],
    [
        1.343341,
        1.581709,
        1.25779,
        0.156891,
        1.602271,
        1.183117,
        1.588658,
        1.74575,
        1.67863,
        1.58288,
        2.9357919999999997,
        2.884265,
        2.996248,
        1.251356,
        2.78123,
        0.6527179999999999,
        1.285576,
        1.5922560000000001,
        2.9045349999999996,
        2.732259,
        0.0,
        2.74657,
        3.443047,
        4.536497000000001,
        0.134233,
        1.787198,
        0.653359,
        1.255806,
        3.3728670000000003,
        3.283551,
        0.596958,
        1.313453,
        1.876794,
        0.602206,
        4.967262,
        0.50173,
        0.09394,
        1.2806710000000001,
        3.084536,
        0.508887,
        1.115557,
        3.491366,
        1.6923800000000002,
        3.345497,
        2.8683829999999997,
        1.767099,
        2.715556,
        2.566784,
        4.276522,
        3.068758,
        3.263157,
        3.04948,
        1.230748,
        3.807769,
        2.479079,
        3.534931,
        2.429134,
        3.366758,
        1.2561099999999998,
        1.150127
    ],
    [
        2.4924850000000003,
        3.196737,
        2.479114,
        2.776719,
        3.872124,
        3.26321,
        3.8585100000000003,
        2.842283,
        2.923228,
        3.852732,
        3.0413580000000002,
        2.02369,
        0.5870639999999999,
        3.331449,
        0.435554,
        2.981043,
        2.5068989999999998,
        2.7313270000000003,
        0.7665040000000001,
        3.0206399999999998,
        2.74657,
        0.0,
        0.6831430000000001,
        1.776593,
        2.848193,
        3.433163,
        2.974828,
        2.420178,
        0.6129629999999999,
        0.523648,
        3.1989699999999996,
        3.439651,
        3.2028049999999997,
        2.923674,
        2.2784969999999998,
        2.894327,
        2.648161,
        2.856614,
        0.324633,
        3.099046,
        1.8776659999999998,
        3.266283,
        3.3074079999999997,
        0.5855929999999999,
        2.8134409999999996,
        3.3378319999999997,
        0.144786,
        1.554533,
        2.048857,
        0.5923189999999999,
        0.9596509999999999,
        0.5985750000000001,
        2.39512,
        2.265337,
        1.984168,
        0.8486130000000001,
        1.699294,
        0.925237,
        2.018219,
        1.912236
    ],
    [
        3.188963,
        3.860728,
        3.175591,
        3.4731970000000003,
        4.568600999999999,
        3.9596880000000003,
        4.554987,
        3.538761,
        3.5784890000000003,
        4.549208999999999,
        3.220317,
        2.202649,
        0.766023,
        4.027927,
        0.999281,
        3.677521,
        3.203377,
        3.4278049999999998,
        0.9454629999999999,
        3.1995999999999998,
        3.443047,
        0.6831430000000001,
        0.0,
        1.09345,
        3.5446709999999997,
        4.110193000000001,
        3.671305,
        3.116655,
        0.085888,
        0.159496,
        3.895448,
        4.136127999999999,
        3.547514,
        3.620152,
        1.6129870000000002,
        3.590805,
        3.344639,
        3.5530909999999998,
        0.35672000000000004,
        3.795523,
        2.574143,
        3.4452420000000004,
        3.813927,
        0.570504,
        2.992042,
        3.638058,
        0.827929,
        1.733134,
        2.004277,
        0.771279,
        1.13861,
        0.411775,
        3.091598,
        2.3795129999999998,
        2.163128,
        0.18310300000000002,
        1.8782539999999999,
        0.64743,
        2.714696,
        2.6087130000000003
    ],
    [
        4.035451,
        4.587688,
        4.055938,
        4.566647,
        5.662051,
        5.053138,
        5.6484380000000005,
        4.308083,
        4.305448,
        5.64266,
        3.842892,
        2.4544360000000003,
        1.777654,
        5.121376000000001,
        2.061869,
        4.77097,
        4.028152,
        4.274387,
        1.652559,
        3.926559,
        4.536497000000001,
        1.776593,
        1.09345,
        0.0,
        4.61341,
        4.881044,
        4.740044,
        4.185395000000001,
        1.1604,
        1.247668,
        4.964187,
        5.204867,
        4.318364,
        4.688891,
        0.8057369999999999,
        4.6595439999999995,
        4.413378,
        4.621831,
        1.440697,
        4.864263,
        3.457528,
        2.79873,
        4.584777,
        1.230465,
        3.567661,
        4.4089089999999995,
        1.8712360000000001,
        2.503985,
        0.975588,
        1.576925,
        1.328714,
        1.4630530000000002,
        4.160337,
        1.434239,
        2.93362,
        1.2180060000000001,
        2.568482,
        1.698154,
        3.606389,
        3.677453
    ],
    [
        1.229357,
        1.467725,
        1.143806,
        0.09220099999999999,
        1.488288,
        1.0691330000000001,
        1.474675,
        1.631766,
        1.564646,
        1.468896,
        2.821809,
        2.993719,
        3.1023400000000003,
        1.137372,
        2.887323,
        0.5391119999999999,
        1.1715920000000002,
        1.478272,
        3.010627,
        2.618276,
        0.134233,
        2.848193,
        3.5446709999999997,
        4.61341,
        0.0,
        1.673215,
        0.539375,
        1.141822,
        3.4621660000000003,
        3.37285,
        0.482974,
        1.1994690000000001,
        1.762811,
        0.488222,
        5.056560999999999,
        0.387746,
        0.228176,
        1.1666880000000002,
        3.173835,
        0.394904,
        1.204856,
        3.555333,
        1.5783969999999998,
        3.4347950000000003,
        2.754399,
        1.6531150000000001,
        2.804855,
        2.672264,
        4.3658209999999995,
        3.158056,
        3.352456,
        3.138779,
        1.116765,
        3.8970680000000004,
        2.565886,
        3.6242289999999997,
        2.534614,
        3.4560560000000002,
        1.345409,
        1.239426
    ],
    [
        1.281188,
        0.336065,
        1.195638,
        1.745166,
        1.3439480000000001,
        0.728611,
        1.330335,
        0.7149840000000001,
        0.6525359999999999,
        1.324557,
        1.823457,
        2.645799,
        3.358029,
        0.645521,
        3.472292,
        1.460107,
        1.223424,
        0.860701,
        3.283991,
        1.619923,
        1.787198,
        3.433163,
        4.110193000000001,
        4.881044,
        1.673215,
        0.0,
        1.465872,
        1.305212,
        4.059461,
        3.951056,
        1.683895,
        0.905052,
        0.764458,
        1.4147180000000001,
        5.596979,
        1.408171,
        1.881142,
        0.576549,
        3.7711300000000003,
        1.605053,
        1.71603,
        2.912531,
        0.296267,
        3.958635,
        2.025909,
        0.654763,
        3.402149,
        2.3994229999999996,
        4.420483,
        3.496142,
        3.628058,
        3.7360729999999998,
        1.362018,
        3.563527,
        2.036073,
        4.2215240000000005,
        2.261774,
        4.053351,
        1.609266,
        1.692334
    ],
    [
        1.143292,
        1.3404719999999999,
        1.057742,
        0.611327,
        1.191376,
        0.772221,
        1.177763,
        1.535321,
        1.4540419999999998,
        1.171984,
        2.711205,
        2.979894,
        3.228974,
        0.84046,
        3.013957,
        0.035269,
        1.085528,
        1.3922080000000001,
        3.137262,
        2.5076709999999998,
        0.653359,
        2.974828,
        3.671305,
        4.740044,
        0.539375,
        1.465872,
        0.0,
        1.055757,
        3.606248,
        3.5169319999999997,
        0.258318,
        0.902557,
        1.635557,
        0.051154000000000005,
        5.200643,
        0.15162899999999999,
        0.746925,
        1.039434,
        3.317917,
        0.179476,
        1.3489380000000002,
        3.469268,
        1.451144,
        3.578877,
        2.6683339999999998,
        1.525862,
        2.9489360000000002,
        2.662413,
        4.509902,
        3.302138,
        3.493209,
        3.2828600000000003,
        1.0307,
        3.998478,
        2.526686,
        3.768311,
        2.524763,
        3.600138,
        1.479314,
        1.383508
    ],
    [
        0.187577,
        1.00176,
        0.114899,
        1.213774,
        1.80374,
        1.188403,
        1.7901259999999999,
        0.641169,
        0.722114,
        1.784348,
        1.988717,
        2.0844099999999997,
        2.674324,
        1.256642,
        2.459307,
        1.0568499999999998,
        0.129812,
        0.5302129999999999,
        2.4618249999999997,
        1.968,
        1.255806,
        2.420178,
        3.116655,
        4.185395000000001,
        1.141822,
        1.305212,
        1.055757,
        0.0,
        3.046475,
        2.9571590000000003,
        1.2799,
        1.364843,
        1.1808219999999998,
        1.004604,
        4.640871,
        0.9752569999999999,
        1.349749,
        0.7339880000000001,
        2.758145,
        1.1799760000000001,
        0.692766,
        2.561734,
        1.112431,
        3.019105,
        1.7608009999999998,
        1.13221,
        2.389164,
        1.6826759999999998,
        3.830377,
        2.742366,
        2.8136840000000003,
        2.723088,
        0.056805999999999995,
        3.0187399999999998,
        1.496394,
        3.208539,
        1.545026,
        3.040366,
        0.5860019999999999,
        0.6690689999999999
    ],
    [
        3.118782,
        3.804382,
        3.105411,
        3.4030169999999997,
        4.4984210000000004,
        3.8895079999999997,
        4.484808,
        3.468581,
        3.5221430000000002,
        4.47903,
        3.163971,
        2.146303,
        0.709677,
        3.957747,
        0.9238780000000001,
        3.607341,
        3.133197,
        3.357625,
        0.8891169999999999,
        3.143253,
        3.3728670000000003,
        0.6129629999999999,
        0.085888,
        1.1604,
        3.4621660000000003,
        4.059461,
        3.606248,
        3.046475,
        0.0,
        0.120423,
        3.825268,
        4.065948,
        3.491881,
        3.5499720000000003,
        1.6644079999999999,
        3.520625,
        3.274458,
        3.482911,
        0.288331,
        3.725344,
        2.503963,
        3.389252,
        3.758295,
        0.531431,
        2.93641,
        3.582426,
        0.757749,
        1.677502,
        1.940402,
        0.715288,
        1.08262,
        0.342993,
        3.021418,
        2.3404409999999998,
        2.1071370000000003,
        0.234525,
        1.822263,
        0.685903,
        2.644516,
        2.5385329999999997
    ],
    [
        3.029467,
        3.701233,
        3.016095,
        3.313701,
        4.409104999999999,
        3.800192,
        4.395492,
        3.3792649999999997,
        3.418993,
        4.389714,
        3.060822,
        2.043153,
        0.6065280000000001,
        3.868431,
        0.942801,
        3.518025,
        3.043881,
        3.2683090000000004,
        0.785967,
        3.040104,
        3.283551,
        0.523648,
        0.159496,
        1.247668,
        3.37285,
        3.951056,
        3.5169319999999997,
        2.9571590000000003,
        0.120423,
        0.0,
        3.735952,
        3.976632,
        3.388018,
        3.4606559999999997,
        1.772483,
        3.431309,
        3.185143,
        3.393237,
        0.19722399999999998,
        3.6360279999999996,
        2.414647,
        3.2857469999999998,
        3.654431,
        0.431545,
        2.8329050000000002,
        3.4785619999999997,
        0.668434,
        1.5739960000000002,
        1.865717,
        0.611783,
        0.979115,
        0.363093,
        2.932102,
        2.232643,
        2.0032739999999998,
        0.342599,
        1.718758,
        0.806926,
        2.5551999999999997,
        2.4492179999999997
    ],
    [
        1.367435,
        1.558495,
        1.281884,
        0.554926,
        1.4093989999999998,
        0.990244,
        1.395785,
        1.759463,
        1.655416,
        1.390007,
        2.912579,
        3.204036,
        3.453116,
        1.0584829999999998,
        3.2380999999999998,
        0.223049,
        1.3096700000000001,
        1.61635,
        3.361404,
        2.709045,
        0.596958,
        3.1989699999999996,
        3.895448,
        4.964187,
        0.482974,
        1.683895,
        0.258318,
        1.2799,
        3.825268,
        3.735952,
        0.0,
        1.12058,
        1.85358,
        0.275296,
        5.413196,
        0.293054,
        0.690524,
        1.257457,
        3.5304699999999998,
        0.154382,
        1.561491,
        3.681821,
        1.669166,
        3.791431,
        2.880888,
        1.743885,
        3.1614899999999997,
        2.8749670000000003,
        4.722456,
        3.514691,
        3.709091,
        3.4954140000000002,
        1.243253,
        4.211031,
        2.739239,
        3.980864,
        2.737317,
        3.812692,
        1.691867,
        1.596061
    ],
    [
        1.3354949999999999,
        1.109807,
        1.249944,
        1.2714210000000001,
        0.438896,
        0.17643999999999999,
        0.425282,
        1.373545,
        1.311097,
        0.41950400000000004,
        2.5682600000000004,
        3.277165,
        3.693797,
        0.27964,
        3.47878,
        0.896792,
        1.27773,
        1.406942,
        3.602085,
        2.364727,
        1.313453,
        3.439651,
        4.136127999999999,
        5.204867,
        1.1994690000000001,
        0.905052,
        0.902557,
        1.364843,
        4.065948,
        3.976632,
        1.12058,
        0.0,
        1.509261,
        0.851404,
        5.660343,
        0.8448559999999999,
        1.4073959999999999,
        0.913138,
        3.7776170000000002,
        1.041739,
        1.805943,
        3.5695859999999997,
        1.070008,
        4.038578,
        2.770712,
        1.399566,
        3.408637,
        2.9115889999999998,
        4.969603,
        3.761839,
        3.956238,
        3.7425610000000002,
        1.446596,
        4.220582,
        2.693127,
        4.228012,
        2.773939,
        4.059839,
        1.814915,
        1.840514
    ],
    [
        1.137461,
        0.514635,
        1.159894,
        1.834762,
        1.9481579999999998,
        1.3328209999999998,
        1.9345450000000002,
        0.600737,
        0.538289,
        1.928766,
        1.076069,
        2.08312,
        2.79535,
        1.27867,
        3.353612,
        1.629792,
        1.130162,
        0.700374,
        2.7213119999999997,
        0.872535,
        1.876794,
        3.2028049999999997,
        3.547514,
        4.318364,
        1.762811,
        0.764458,
        1.635557,
        1.1808219999999998,
        3.491881,
        3.388018,
        1.85358,
        1.509261,
        0.0,
        1.584404,
        5.0343,
        1.5717059999999998,
