[
    [
        0.0,
        1.587181,
        0.668058,
        1.4938820000000002,
        0.708314,
        1.548425,
        2.026002,
        0.385886,
        1.512847,
        0.31147,
        0.481497,
        0.188352,
        1.126367,
        0.8399650000000001,
        1.468488,
        1.0845930000000001,
        0.49213,
        1.6616,
        0.6153909999999999,
        0.179448
    ],
    [
        1.587181,
        0.0,
        1.0889280000000001,
        0.37722500000000003,
        1.051483,
        0.322682,
        2.61452,
        1.3454760000000001,
        0.35825999999999997,
        1.4478119999999999,
        1.5668879999999998,
        1.639788,
        0.47259500000000004,
        1.426662,
        1.685118,
        1.2369700000000001,
        1.469801,
        0.165009,
        1.0444,
        1.623292
    ],
    [
        0.668058,
        1.0889280000000001,
        0.0,
        1.2360309999999999,
        0.053835,
        1.250327,
        1.754106,
        0.28451,
        1.2549949999999999,
        0.669689,
        0.505921,
        0.6942269999999999,
        0.662085,
        1.155304,
        0.9629840000000001,
        0.397249,
        0.408835,
        1.1600160000000002,
        0.280382,
        0.698986
    ],
    [
        1.4938820000000002,
        0.37722500000000003,
        1.2360309999999999,
        0.0,
        1.2550109999999999,
        0.054543,
        2.8340300000000003,
        1.281366,
        0.018965,
        1.181075,
        1.502777,
        1.497806,
        0.6427849999999999,
        1.159924,
        1.895193,
        1.492882,
        1.405691,
        0.422768,
        0.98029,
        1.356554
    ],
    [
        0.708314,
        1.051483,
        0.053835,
        1.2550109999999999,
        0.0,
        1.212882,
        1.716661,
        0.32476499999999997,
        1.2484600000000001,
        0.709945,
        0.546177,
        0.734483,
        0.62464,
        1.19556,
        0.925539,
        0.359803,
        0.449091,
        1.122571,
        0.320638,
        0.739241
    ],
    [
        1.548425,
        0.322682,
        1.250327,
        0.054543,
        1.212882,
        0.0,
        2.779487,
        1.335909,
        0.035578000000000005,
        1.235617,
        1.55732,
        1.552349,
        0.5882419999999999,
        1.2144670000000002,
        1.8406500000000001,
        1.401937,
        1.460234,
        0.368226,
        1.0348330000000001,
        1.411097
    ],
    [
        2.026002,
        2.61452,
        1.754106,
        2.8340300000000003,
        1.716661,
        2.779487,
        0.0,
        1.830124,
        2.852569,
        2.161292,
        1.680105,
        1.845772,
        2.228748,
        2.689787,
        1.555925,
        1.4584780000000002,
        1.705799,
        2.699971,
        1.926314,
        2.008412
    ],
    [
        0.385886,
        1.3454760000000001,
        0.28451,
        1.281366,
        0.32476499999999997,
        1.335909,
        1.830124,
        0.0,
        1.322878,
        0.573592,
        0.221411,
        0.409717,
        0.8774890000000001,
        0.980548,
        1.096678,
        0.653095,
        0.124324,
        1.412723,
        0.348265,
        0.41447500000000004
    ],
    [
        1.512847,
        0.35825999999999997,
        1.2549949999999999,
        0.018965,
        1.2484600000000001,
        0.035578000000000005,
        2.852569,
        1.322878,
        0.0,
        1.20004,
        1.5217429999999998,
        1.5167709999999999,
        0.62382,
        1.17889,
        1.876228,
        1.437515,
        1.424656,
        0.403803,
        0.999255,
        1.37552
    ],
    [
        0.31147,
        1.4478119999999999,
        0.669689,
        1.181075,
        0.709945,
        1.235617,
        2.161292,
        0.573592,
        1.20004,
        0.0,
        0.608665,
        0.31551999999999997,
        0.968996,
        0.527158,
        1.5614590000000002,
        1.037126,
        0.678063,
        1.545985,
        0.5581609999999999,
        0.174268
    ],
    [
        0.481497,
        1.5668879999999998,
        0.505921,
        1.502777,
        0.546177,
        1.55732,
        1.680105,
        0.221411,
        1.5217429999999998,
        0.608665,
        0.0,
        0.293145,
        1.0989010000000001,
        1.1371600000000002,
        1.1670319999999998,
        0.838134,
        0.097087,
        1.634135,
        0.569677,
        0.45578500000000005
    ],
    [
        0.188352,
        1.639788,
        0.6942269999999999,
        1.497806,
        0.734483,
        1.552349,
        1.845772,
        0.409717,
        1.5167709999999999,
        0.31551999999999997,
        0.293145,
        0.0,
        1.179482,
        0.844015,
        1.448936,
        1.108424,
        0.37744099999999997,
        1.714716,
        0.650258,
        0.16263999999999998
    ],
    [
        1.126367,
        0.47259500000000004,
        0.662085,
        0.6427849999999999,
        0.62464,
        0.5882419999999999,
        2.228748,
        0.8774890000000001,
        0.62382,
        0.968996,
        1.0989010000000001,
        1.179482,
        0.0,
        1.060414,
        1.252408,
        0.8136950000000001,
        0.997206,
        0.540468,
        0.571806,
        1.1432639999999998
    ],
    [
        0.8399650000000001,
        1.426662,
        1.155304,
        1.159924,
        1.19556,
        1.2144670000000002,
        2.689787,
        0.980548,
        1.17889,
        0.527158,
        1.1371600000000002,
        0.844015,
        1.060414,
        0.0,
        2.004024,
        1.492998,
        1.104873,
        1.472205,
        0.990262,
        0.702638
    ],
    [
        1.468488,
        1.685118,
        0.9629840000000001,
        1.895193,
        0.925539,
        1.8406500000000001,
        1.555925,
        1.096678,
        1.876228,
        1.5614590000000002,
        1.1670319999999998,
        1.448936,
        1.252408,
        2.004024,
        0.0,
        0.5846549999999999,
        1.166295,
        1.6413330000000002,
        1.007317,
        1.6302729999999999
    ],
    [
        1.0845930000000001,
        1.2369700000000001,
        0.397249,
        1.492882,
        0.359803,
        1.401937,
        1.4584780000000002,
        0.653095,
        1.437515,
        1.037126,
        0.838134,
        1.108424,
        0.8136950000000001,
        1.492998,
        0.5846549999999999,
        0.0,
        0.7458469999999999,
        1.324551,
        0.5125919999999999,
        1.1131820000000001
    ],
    [
        0.49213,
        1.469801,
        0.408835,
        1.405691,
        0.449091,
        1.460234,
        1.705799,
        0.124324,
        1.424656,
        0.678063,
        0.097087,
        0.37744099999999997,
        0.997206,
        1.104873,
        1.166295,
        0.7458469999999999,
        0.0,
        1.537048,
        0.472591,
        0.503795
    ],
    [
        1.6616,
        0.165009,
        1.1600160000000002,
        0.422768,
        1.122571,
        0.368226,
        2.699971,
        1.412723,
        0.403803,
        1.545985,
        1.634135,
        1.714716,
        0.540468,
        1.472205,
        1.6413330000000002,
        1.324551,
        1.537048,
        0.0,
        1.1166969999999998,
        1.668835
    ],
    [
        0.6153909999999999,
        1.0444,
        0.280382,
        0.98029,
        0.320638,
        1.0348330000000001,
        1.926314,
        0.348265,
        0.999255,
        0.5581609999999999,
        0.569677,
        0.650258,
        0.571806,
        0.990262,
        1.007317,
        0.5125919999999999,
        0.472591,
        1.1166969999999998,
        0.0,
        0.641319
    ],
    [
        0.179448,
        1.623292,
        0.698986,
        1.356554,
        0.739241,
        1.411097,
        2.008412,
        0.41447500000000004,
        1.37552,
        0.174268,
        0.45578500000000005,
        0.16263999999999998,
        1.1432639999999998,
        0.702638,
        1.6302729999999999,
        1.1131820000000001,
        0.503795,
        1.668835,
        0.641319,
        0.0
    ]
]