[
    [
        0.0,
        1.0827390000000001,
        0.137577,
        1.0952680000000001,
        0.28105399999999997,
        0.40916800000000003,
        0.5997380000000001,
        1.0771549999999999,
        0.8556849999999999,
        0.283491,
        0.409284,
        1.291358,
        0.645263,
        0.941159,
        0.547566,
        1.4857159999999998,
        0.31411399999999995,
        1.953468,
        0.767363,
        0.515393,
        0.501343,
        0.809197,
        0.81109,
        0.405224,
        0.141577,
        1.584917,
        0.149476,
        0.846746,
        0.63248,
        1.026165,
        1.070546,
        0.8213400000000001,
        1.540626,
        1.5454919999999999,
        3.024947,
        2.1923820000000003,
        0.825913,
        1.06467,
        2.76405,
        1.338672,
        1.07999,
        2.6526140000000002,
        0.40223000000000003,
        1.388916,
        1.99242,
        0.968062,
        0.694834,
        2.3382530000000004,
        0.291126,
        0.41050200000000003,
        2.208435,
        0.705943,
        1.1083969999999999,
        1.917435,
        1.0199289999999999,
        1.172982,
        0.436361,
        1.8606010000000002,
        1.065793,
        2.871453
    ],
    [
        1.0827390000000001,
        0.0,
        0.999741,
        1.8481679999999998,
        0.994284,
        0.633867,
        1.352638,
        1.431374,
        1.608584,
        1.008366,
        1.2123030000000001,
        2.153521,
        1.212201,
        1.694058,
        1.1530340000000001,
        1.8296890000000001,
        1.176277,
        1.9922650000000002,
        1.343856,
        1.1941089999999999,
        1.3057560000000001,
        1.6136089999999998,
        1.194593,
        1.2312550000000002,
        0.935697,
        0.732682,
        1.011639,
        1.42329,
        1.0681189999999998,
        0.835865,
        0.880246,
        1.57424,
        0.748188,
        2.349905,
        3.0469209999999998,
        2.984912,
        1.593955,
        1.508073,
        2.191859,
        0.464646,
        1.942154,
        3.068333,
        0.866446,
        2.030164,
        2.329493,
        0.7777609999999999,
        0.622925,
        3.0024580000000003,
        1.113935,
        0.805662,
        1.32874,
        0.589792,
        1.08355,
        1.043409,
        1.824341,
        1.5067460000000001,
        0.899959,
        2.10327,
        0.016946000000000003,
        2.325678
    ],
    [
        0.137577,
        0.999741,
        0.0,
        1.1342480000000001,
        0.252214,
        0.441516,
        0.638718,
        1.116134,
        0.894664,
        0.254652,
        0.34683800000000004,
        1.306298,
        0.616423,
        0.980139,
        0.518726,
        1.456876,
        0.32905399999999996,
        1.992448,
        0.642884,
        0.554373,
        0.36376600000000003,
        0.6716190000000001,
        0.78225,
        0.26764699999999997,
        0.2392,
        1.668802,
        0.183674,
        0.719746,
        0.60364,
        1.11005,
        1.154431,
        0.8603200000000001,
        1.624511,
        1.407915,
        3.063927,
        2.2313620000000003,
        0.6883360000000001,
        1.10365,
        2.80303,
        1.422557,
        1.092249,
        2.6915940000000003,
        0.40243799999999996,
        1.251339,
        1.9635799999999999,
        1.0519459999999998,
        0.665994,
        2.200676,
        0.22868,
        0.381662,
        2.29232,
        0.6771029999999999,
        1.1922819999999998,
        2.0013199999999998,
        0.882352,
        1.144142,
        0.520246,
        1.831761,
        1.1496769999999998,
        2.910433
    ],
    [
        1.0952680000000001,
        1.8481679999999998,
        1.1342480000000001,
        0.0,
        1.319064,
        1.312375,
        0.48479,
        0.7111109999999999,
        0.378558,
        1.321501,
        1.242704,
        1.275072,
        1.565291,
        0.5248590000000001,
        1.5814670000000002,
        2.4351700000000003,
        0.837596,
        1.110228,
        1.517229,
        0.687298,
        1.2150450000000002,
        1.383682,
        1.844991,
        1.1189259999999999,
        0.9725069999999999,
        1.823445,
        0.966476,
        1.4465830000000002,
        1.666382,
        1.315222,
        1.3596030000000001,
        0.29735199999999995,
        1.779154,
        1.791364,
        2.182853,
        1.225966,
        1.415173,
        0.641393,
        2.3005340000000003,
        2.104101,
        0.943673,
        1.698456,
        1.305437,
        1.8407550000000001,
        2.739853,
        1.257118,
        1.6389829999999999,
        2.6765030000000003,
        1.186538,
        1.340399,
        2.973864,
        1.6461869999999998,
        1.2176690000000001,
        2.173718,
        1.46906,
        2.144645,
        0.9845750000000001,
        2.802683,
        1.831221,
        2.4052640000000003
    ],
    [
        0.28105399999999997,
        0.994284,
        0.252214,
        1.319064,
        0.0,
        0.370021,
        0.776572,
        1.253988,
        1.032518,
        0.013555999999999999,
        0.211321,
        1.295053,
        0.37494700000000003,
        1.1179919999999999,
        0.27725,
        1.2154010000000002,
        0.490948,
        2.130301,
        0.497427,
        0.6922269999999999,
        0.31094499999999997,
        0.618798,
        0.540774,
        0.236445,
        0.31841,
        1.6149149999999999,
        0.32631,
        0.5768110000000001,
        0.362164,
        1.056163,
        1.1005440000000002,
        0.998173,
        1.570624,
        1.355094,
        3.2017800000000003,
        2.3692159999999998,
        0.599144,
        1.241503,
        2.699109,
        1.375221,
        1.169366,
        2.829447,
        0.226423,
        1.1834770000000001,
        1.722104,
        0.9980589999999999,
        0.499562,
        2.155771,
        0.119124,
        0.21522999999999998,
        2.244984,
        0.510672,
        1.190304,
        1.953984,
        0.8295309999999999,
        0.902667,
        0.5182680000000001,
        1.5902850000000002,
        1.0417750000000001,
        2.832929
    ],
    [
        0.40916800000000003,
        0.633867,
        0.441516,
        1.312375,
        0.370021,
        0.0,
        0.8202010000000001,
        1.1065909999999999,
        1.076147,
        0.384103,
        0.58804,
        1.5391089999999998,
        0.668585,
        1.161621,
        0.5708880000000001,
        1.509038,
        0.5618650000000001,
        1.896948,
        0.867975,
        0.653215,
        0.681493,
        0.9893460000000001,
        0.834412,
        0.606992,
        0.36204000000000003,
        1.244894,
        0.397227,
        0.9473579999999999,
        0.655802,
        0.686142,
        0.730523,
        1.040758,
        1.200603,
        1.7256420000000001,
        2.954101,
        2.412845,
        0.969692,
        1.285133,
        2.459488,
        1.0052,
        1.327742,
        2.743551,
        0.242184,
        1.554025,
        2.015742,
        0.628038,
        0.347317,
        2.526319,
        0.48967200000000005,
        0.181399,
        1.874963,
        0.35842599999999997,
        0.99073,
        1.583963,
        1.200078,
        1.196304,
        0.379624,
        1.883923,
        0.732321,
        2.593308
    ],
    [
        0.5997380000000001,
        1.352638,
        0.638718,
        0.48479,
        0.776572,
        0.8202010000000001,
        0.0,
        0.7058490000000001,
        0.432819,
        0.825971,
        0.747174,
        1.1171300000000002,
        1.069761,
        0.518293,
        1.085938,
        1.9396410000000002,
        0.342066,
        1.529405,
        1.021699,
        0.191768,
        0.719515,
        0.888152,
        1.349461,
        0.623396,
        0.476978,
        1.785364,
        0.47094600000000003,
        0.951053,
        1.170852,
        1.220019,
        1.2644000000000002,
        0.217284,
        1.741073,
        1.628793,
        2.600884,
        1.608338,
        0.919643,
        0.634826,
        2.375165,
        1.608571,
        0.8940520000000001,
        2.0795700000000004,
        0.809908,
        1.468498,
        2.244323,
        1.161915,
        1.143453,
        2.417835,
        0.6910080000000001,
        0.844869,
        2.478334,
        1.1506569999999998,
        1.204018,
        2.187334,
        1.092713,
        1.649115,
        0.644756,
        2.307154,
        1.335692,
        2.482569
    ],
    [
        1.0771549999999999,
        1.431374,
        1.116134,
        0.7111109999999999,
        1.253988,
        1.1065909999999999,
        0.7058490000000001,
        0.0,
        0.339534,
        1.305445,
        1.228543,
        1.68295,
        1.5511300000000001,
        0.193232,
        1.565411,
        2.4261179999999998,
        0.8215399999999999,
        0.920956,
        1.5081769999999999,
        0.6664589999999999,
        1.200885,
        1.38314,
        1.828935,
        1.1047660000000001,
        0.956452,
        1.286601,
        0.9504199999999999,
        1.437531,
        1.650326,
        0.778378,
        0.822759,
        0.5536369999999999,
        1.24231,
        2.12378,
        1.992435,
        1.539212,
        1.4061210000000002,
        0.076699,
        1.737831,
        1.527259,
        1.476302,
        1.636959,
        1.289381,
        1.963485,
        2.730801,
        0.720274,
        1.453111,
        2.9128220000000002,
        1.170272,
        1.324343,
        2.50616,
        1.46422,
        0.635417,
        1.636874,
        1.5877000000000001,
        2.1355929999999996,
        0.726968,
        2.793631,
        1.406642,
        1.845235
    ],
    [
        0.8556849999999999,
        1.608584,
        0.894664,
        0.378558,
        1.032518,
        1.076147,
        0.432819,
        0.339534,
        0.0,
        1.081918,
        1.00312,
        1.456055,
        1.325708,
        0.146301,
        1.341884,
        2.195587,
        0.598012,
        1.157413,
        1.277646,
        0.445183,
        0.9754619999999999,
        1.144099,
        1.605408,
        0.879343,
        0.732924,
        1.6261349999999999,
        0.726893,
        1.206999,
        1.426798,
        1.117911,
        1.1622929999999998,
        0.21410300000000002,
        1.581844,
        1.884739,
        2.2288919999999997,
        1.580252,
        1.17559,
        0.262834,
        2.003173,
        1.715558,
        1.257711,
        1.8388309999999999,
        1.065854,
        1.7244439999999999,
        2.500269,
        1.059808,
        1.3994000000000002,
        2.673781,
        0.946954,
        1.100816,
        2.7317489999999998,
        1.406604,
        0.974951,
        1.976408,
        1.348659,
        1.905061,
        0.736355,
        2.5631,
        1.589106,
        2.110577
    ],
    [
        0.283491,
        1.008366,
        0.254652,
        1.321501,
        0.013555999999999999,
        0.384103,
        0.825971,
        1.305445,
        1.081918,
        0.0,
        0.197766,
        1.281498,
        0.388503,
        1.12043,
        0.290806,
        1.228956,
        0.493385,
        2.132739,
        0.499865,
        0.694664,
        0.297389,
        0.6052430000000001,
        0.55433,
        0.222889,
        0.320848,
        1.62847,
        0.328747,
        0.5792480000000001,
        0.37572000000000005,
        1.069719,
        1.1140999999999999,
        1.000611,
        1.584179,
        1.341539,
        3.204218,
        2.371653,
        0.5955280000000001,
        1.243941,
        2.712665,
        1.388776,
        1.15581,
        2.831885,
        0.23997900000000003,
        1.179861,
        1.73566,
        1.011615,
        0.5131180000000001,
        2.1521559999999997,
        0.105568,
        0.228786,
        2.2585390000000003,
        0.520322,
        1.20386,
        1.967539,
        0.815975,
        0.916222,
        0.531824,
        1.6038409999999999,
        1.0553309999999998,
        2.846485
    ],
    [
        0.409284,
        1.2123030000000001,
        0.34683800000000004,
        1.242704,
        0.211321,
        0.58804,
        0.747174,
        1.228543,
        1.00312,
        0.197766,
        0.0,
        1.182386,
        0.322587,
        1.0808019999999998,
        0.312122,
        1.1863489999999999,
        0.44335,
        2.093111,
        0.296046,
        0.676373,
        0.19827799999999998,
        0.506131,
        0.575646,
        0.123778,
        0.44664,
        1.832934,
        0.390881,
        0.37542899999999996,
        0.397037,
        1.274183,
        1.318564,
        0.9609829999999999,
        1.788643,
        1.242427,
        3.1645909999999997,
        2.3716559999999998,
        0.397762,
        1.2043130000000002,
        2.903693,
        1.59324,
        1.103495,
        2.792257,
        0.444443,
        0.982096,
        1.722442,
        1.216079,
        0.7175819999999999,
        1.95439,
        0.118158,
        0.43325,
        2.463003,
        0.728691,
        1.4083240000000001,
        2.172003,
        0.7168640000000001,
        0.873615,
        0.736288,
        1.561234,
        1.259795,
        3.0110970000000004
    ],
    [
        1.291358,
        2.153521,
        1.306298,
        1.275072,
        1.295053,
        1.5391089999999998,
        1.1171300000000002,
        1.68295,
        1.456055,
        1.281498,
        1.182386,
        0.0,
        1.4674500000000001,
        1.5178230000000001,
        1.5019870000000002,
        2.001068,
        0.963398,
        2.2820479999999996,
        1.3462,
        1.132706,
        1.260138,
        1.012779,
        1.765511,
        1.164019,
        1.282114,
        2.795754,
        1.126177,
        1.2352919999999998,
        1.5869010000000001,
        2.237002,
        2.281384,
        1.2782200000000001,
        2.751463,
        0.8343229999999999,
        3.355591,
        2.073284,
        1.125991,
        1.641334,
        3.3407139999999997,
        2.549509,
        0.419748,
        2.593594,
        1.492142,
        0.8837140000000001,
        2.095746,
        2.178899,
        1.7652809999999999,
        1.719463,
        1.2316310000000001,
        1.480949,
        3.419272,
        1.776391,
        2.1707359999999998,
        3.128272,
        0.512019,
        1.8292490000000001,
        1.6471980000000002,
        2.3080279999999997,
        2.27663,
        3.448118
    ],
    [
        0.645263,
        1.212201,
        0.616423,
        1.565291,
        0.37494700000000003,
        0.668585,
        1.069761,
        1.5511300000000001,
        1.325708,
        0.388503,
        0.322587,
        1.4674500000000001,
        0.0,
        1.3537270000000001,
        0.142029,
        0.9659009999999999,
        0.7162759999999999,
        2.366037,
        0.152724,
        0.949298,
        0.471203,
        0.700803,
        0.291274,
        0.396703,
        0.6704450000000001,
        1.9134790000000002,
        0.6783440000000001,
        0.23215799999999998,
        0.144082,
        1.354727,
        1.399108,
        1.233908,
        1.869188,
        1.072587,
        3.437516,
        2.644581,
        0.491341,
        1.477239,
        2.997674,
        1.648641,
        1.37642,
        3.0651819999999996,
        0.524988,
        0.839032,
        1.477406,
        1.296623,
        0.736086,
        1.811326,
        0.391083,
        0.513794,
        2.512735,
        0.640106,
        1.488869,
        2.227404,
        0.989789,
        0.653167,
        0.8168329999999999,
        1.340786,
        1.200941,
        3.131494
    ],
    [
        0.941159,
        1.694058,
        0.980139,
        0.5248590000000001,
        1.1179919999999999,
        1.161621,
        0.518293,
        0.193232,
        0.146301,
        1.12043,
        1.0808019999999998,
        1.5178230000000001,
        1.3537270000000001,
        0.0,
        1.427358,
        2.2810610000000002,
        0.683486,
        1.011112,
        1.3631199999999999,
        0.5320349999999999,
        1.0609359999999999,
        1.229573,
        1.690882,
        0.964817,
        0.8183980000000001,
        1.479834,
        0.812367,
        1.292473,
        1.5122719999999998,
        0.97161,
        1.015991,
        0.360404,
        1.4355419999999999,
        1.970214,
        2.082591,
        1.4762460000000002,
        1.2610640000000002,
        0.116533,
        1.856872,
        1.720492,
        1.3431849999999999,
        1.710258,
        1.151328,
        1.809918,
        2.585743,
        0.913507,
        1.484874,
        2.759255,
        1.0324280000000001,
        1.18629,
        2.699393,
        1.492078,
        0.82865,
        1.830107,
        1.434133,
        1.9905350000000002,
        0.823207,
        2.648574,
        1.675958,
        1.9642760000000001
    ],
    [
        0.547566,
        1.1530340000000001,
        0.518726,
        1.5814670000000002,
        0.27725,
        0.5708880000000001,
        1.085938,
        1.565411,
        1.341884,
        0.290806,
        0.312122,
        1.5019870000000002,
        0.142029,
        1.427358,
        0.0,
        0.9381499999999999,
        0.75816,
        2.297389,
        0.273685,
        0.922308,
        0.510401,
        0.818254,
        0.263524,
        0.43589999999999995,
        0.585622,
        1.815782,
        0.593522,
        0.353118,
        0.084914,
        1.2570299999999999,
        1.301411,
        1.265385,
        1.771491,
        1.193548,
        3.354543,
        2.6364270000000003,
        0.559683,
        1.508715,
        2.899976,
        1.576088,
        1.415617,
        3.0966590000000003,
        0.42729,
        0.959992,
        1.444854,
        1.198926,
        0.700429,
        1.932287,
        0.396374,
        0.416097,
        2.445851,
        0.580939,
        1.391172,
        2.1548510000000003,
        1.0289860000000002,
        0.6254160000000001,
        0.719135,
        1.3130350000000002,
        1.1417739999999998,
        3.0337959999999997
    ],
    [
        1.4857159999999998,
        1.8296890000000001,
        1.456876,
        2.4351700000000003,
        1.2154010000000002,
        1.509038,
        1.9396410000000002,
        2.4261179999999998,
        2.195587,
        1.228956,
        1.1863489999999999,
        2.001068,
        0.9659009999999999,
        2.2810610000000002,
        0.9381499999999999,
        0.0,
        1.69631,
        3.23554,
        1.016486,
        1.8604580000000002,
        1.440108,
        1.3231199999999999,
        0.696446,
        1.365607,
        1.5237729999999998,
        2.508077,
        1.531672,
        1.095919,
        0.940203,
        2.1951799999999997,
        2.239561,
        2.203536,
        2.485824,
        1.3847159999999998,
        4.292694,
        3.574578,
        1.3366600000000002,
        2.446866,
        3.833033,
        2.124688,
        2.0957049999999997,
        4.03481,
        1.3654410000000001,
        1.126163,
        0.502861,
        2.137077,
        1.3354970000000002,
        1.686972,
        1.3345239999999998,
        1.354247,
        2.988782,
        1.239517,
        2.3293220000000003,
        2.703451,
        1.6466010000000002,
        0.344341,
        1.657286,
        0.382695,
        1.754583,
        3.9668539999999997
    ],
    [
        0.31411399999999995,
        1.176277,
        0.32905399999999996,
        0.837596,
        0.490948,
        0.5618650000000001,
        0.342066,
        0.8215399999999999,
        0.598012,
        0.493385,
        0.44335,
        0.963398,
        0.7162759999999999,
        0.683486,
        0.75816,
        1.69631,
        0.0,
        1.700267,
        0.7229840000000001,
        0.261077,
        0.415692,
        0.607306,
        1.018997,
        0.319573,
        0.293348,
        1.808965,
        0.164638,
        0.652338,
        0.840387,
        1.250213,
        1.294594,
        0.5681390000000001,
        1.764673,
        1.34769,
        2.7717460000000003,
        1.938066,
        0.620929,
        0.80638,
        2.5108490000000003,
        1.562719,
        0.765054,
        2.399413,
        0.626278,
        1.187395,
        1.945608,
        1.1921089999999999,
        0.939745,
        2.136732,
        0.38508,
        0.66124,
        2.432482,
        0.950855,
        1.301962,
        2.141482,
        0.81161,
        1.3504,
        0.660408,
        2.008439,
        1.2898399999999999,
        2.618252
    ],
    [
        1.953468,
        1.9922650000000002,
        1.992448,
        1.110228,
        2.130301,
        1.896948,
        1.529405,
        0.920956,
        1.157413,
        2.132739,
        2.093111,
        2.2820479999999996,
        2.366037,
        1.011112,
        2.297389,
        3.23554,
        1.700267,
        0.0,
        2.3736509999999997,
        1.531933,
        2.066358,
        2.2486129999999998,
        2.6329160000000003,
        1.970239,
        1.821925,
        1.657972,
        1.815893,
        2.303004,
        2.4543069999999996,
        1.444562,
        1.488943,
        1.2786220000000001,
        1.6136810000000001,
        2.8043139999999998,
        1.084364,
        1.561172,
        2.2715949999999996,
        0.8945789999999999,
        1.2050329999999998,
        2.04136,
        1.956623,
        1.578768,
        1.995329,
        2.828958,
        3.5962739999999997,
        1.389052,
        2.1004630000000004,
        3.689453,
        2.035746,
        1.9345450000000002,
        2.877531,
        2.1115720000000002,
        0.908715,
        2.008245,
        2.4531729999999996,
        3.001066,
        1.626833,
        3.659105,
        1.977538,
        1.3042770000000001
    ],
    [
        0.767363,
        1.343856,
        0.642884,
        1.517229,
        0.497427,
        0.867975,
        1.021699,
        1.5081769999999999,
        1.277646,
        0.499865,
        0.296046,
        1.3462,
        0.152724,
        1.3631199999999999,
        0.273685,
        1.016486,
        0.7229840000000001,
        2.3736509999999997,
        0.0,
        1.0166849999999998,
        0.53859,
        0.548078,
        0.422929,
        0.464089,
        0.7825789999999999,
        2.048333,
        0.731192,
        0.089645,
        0.275737,
        1.507452,
        1.551833,
        1.301295,
        2.021912,
        0.930074,
        3.504902,
        2.7119679999999997,
        0.338617,
        1.544625,
        3.244005,
        1.780296,
        1.443807,
        3.132569,
        0.677712,
        0.696519,
        1.436865,
        1.4493479999999999,
        0.867742,
        1.668813,
        0.45847000000000004,
        0.666518,
        2.64439,
        0.7717609999999999,
        1.641593,
        2.35906,
        0.984234,
        0.7037519999999999,
        0.969557,
        1.3913710000000001,
        1.332597,
        3.3514079999999997
    ],
    [
        0.515393,
        1.1941089999999999,
        0.554373,
        0.687298,
        0.6922269999999999,
        0.653215,
        0.191768,
        0.6664589999999999,
        0.445183,
        0.694664,
        0.676373,
        1.132706,
        0.949298,
        0.5320349999999999,
        0.922308,
        1.8604580000000002,
        0.261077,
        1.531933,
        1.0166849999999998,
        0.0,
        0.640422,
        0.822677,
        1.185832,
        0.544303,
        0.395989,
        1.696287,
        0.389957,
        0.877068,
        1.007222,
        1.1375350000000002,
        1.181916,
        0.41337,
        1.651996,
        1.563317,
        2.616977,
        1.824042,
        0.8456589999999999,
        0.6516109999999999,
        2.35608,
        1.4500419999999998,
        0.926058,
        2.2446439999999996,
        0.646278,
        1.403022,
        2.170338,
        1.079431,
        0.979823,
        2.352359,
        0.60981,
        0.68124,
        2.3198049999999997,
        0.9870270000000001,
        1.146882,
        2.028805,
        1.0272370000000002,
        1.5751300000000001,
        0.547731,
        2.233168,
        1.177162,
        2.463483
    ],
    [
        0.501343,
        1.3057560000000001,
        0.36376600000000003,
        1.2150450000000002,
        0.31094499999999997,
        0.681493,
        0.719515,
        1.200885,
        0.9754619999999999,
        0.297389,
        0.19827799999999998,
        1.260138,
        0.471203,
        1.0609359999999999,
        0.510401,
        1.440108,
        0.415692,
        2.066358,
        0.53859,
        0.640422,
        0.0,
        0.307853,
        0.845937,
        0.293956,
        0.6432519999999999,
        2.027799,
        0.514542,
        0.35598,
        0.667327,
        1.469047,
        1.5134280000000002,
        0.87718,
        1.983508,
        1.044149,
        3.080787,
        2.287853,
        0.32456999999999997,
        1.12051,
        2.81989,
        1.788105,
        1.019692,
        2.708454,
        0.639308,
        0.887573,
        1.649249,
        1.410943,
        0.912447,
        1.83691,
        0.37879599999999997,
        0.6281140000000001,
        2.657868,
        0.919651,
        1.631163,
        2.3668679999999997,
        0.518586,
        1.054041,
        0.931153,
        1.7120799999999998,
        1.4546590000000001,
        2.927294
    ],
    [
        0.809197,
        1.6136089999999998,
        0.6716190000000001,
        1.383682,
        0.618798,
        0.9893460000000001,
        0.888152,
        1.38314,
        1.144099,
        0.6052430000000001,
        0.506131,
        1.012779,
        0.700803,
        1.229573,
        0.818254,
        1.3231199999999999,
        0.607306,
        2.2486129999999998,
        0.548078,
        0.822677,
        0.307853,
        0.0,
        0.7568579999999999,
        0.527605,
        0.882873,
        2.2206509999999997,
        0.754163,
        0.26328199999999996,
        0.609666,
        1.6618989999999998,
        1.70628,
        1.104875,
        2.1763600000000003,
        0.88006,
        3.308482,
        2.515547,
        0.11321099999999999,
        1.343116,
        3.0475839999999996,
        1.980957,
        1.1005989999999999,
        2.936149,
        0.83216,
        0.642257,
        1.556552,
        1.603795,
        1.105299,
        1.614552,
        0.521986,
        0.820966,
        2.85072,
        1.1164079999999998,
        1.858858,
        2.55972,
        0.547257,
        0.9613440000000001,
        1.1240050000000001,
        1.619383,
        1.647511,
        3.154989
    ],
    [
        0.81109,
        1.194593,
        0.78225,
        1.844991,
        0.540774,
        0.834412,
        1.349461,
        1.828935,
        1.605408,
        0.55433,
        0.575646,
        1.765511,
        0.291274,
        1.690882,
        0.263524,
        0.696446,
        1.018997,
        2.6329160000000003,
        0.422929,
        1.185832,
        0.845937,
        0.7568579999999999,
        0.0,
        0.690981,
        0.849146,
        1.900271,
        0.857045,
        0.505367,
        0.26557600000000003,
        1.5205540000000002,
        1.564935,
        1.528909,
        1.915777,
        1.163073,
        3.618067,
        2.899951,
        0.76455,
        1.7722390000000001,
        3.2099360000000003,
        1.6322349999999999,
        1.670698,
        3.360183,
        0.6908139999999999,
        0.907712,
        1.2031500000000002,
        1.46245,
        0.7202240000000001,
        1.880007,
        0.659898,
        0.679621,
        2.4963290000000002,
        0.624244,
        1.654695,
        2.210998,
        1.284067,
        0.383712,
        0.982659,
        1.0713309999999998,
        1.1845350000000001,
        3.343756
    ],
    [
        0.405224,
        1.2312550000000002,
        0.26764699999999997,
        1.1189259999999999,
        0.236445,
        0.606992,
        0.623396,
        1.1047660000000001,
        0.879343,
        0.222889,
        0.123778,
        1.164019,
        0.396703,
        0.964817,
        0.43589999999999995,
        1.365607,
        0.319573,
        1.970239,
        0.464089,
        0.544303,
        0.293956,
        0.527605,
        0.690981,
        0.0,
        0.39581299999999997,
        1.818087,
        0.26710300000000003,
        0.452098,
        0.520814,
        1.259335,
        1.3037159999999999,
        0.8372050000000001,
        1.7737960000000002,
        1.140268,
        3.040813,
        2.247878,
        0.42068900000000004,
        1.0805360000000002,
        2.779915,
        1.578393,
        0.979717,
        2.66848,
        0.429595,
        0.983692,
        1.745368,
        1.201231,
        0.7027340000000001,
        1.9330289999999999,
        0.14328100000000002,
        0.418402,
        2.448156,
        0.709938,
        1.393477,
        2.157156,
        0.6147050000000001,
        0.997393,
        0.7214400000000001,
        1.685011,
        1.2449469999999998,
        2.8873189999999997
    ],
    [
        0.141577,
        0.935697,
        0.2392,
        0.9725069999999999,
        0.31841,
        0.36204000000000003,
        0.476978,
        0.956452,
        0.732924,
        0.320848,
        0.44664,
        1.282114,
        0.6704450000000001,
        0.8183980000000001,
        0.585622,
        1.5237729999999998,
        0.293348,
        1.821925,
        0.7825789999999999,
        0.395989,
        0.6432519999999999,
        0.882873,
        0.849146,
        0.39581299999999997,
        0.0,
        1.537789,
        0.110126,
        0.817973,
        0.716047,
        0.979037,
        1.023418,
        0.701935,
        1.493498,
        1.506143,
        2.905542,
        2.072977,
        0.7865639999999999,
        0.945265,
        2.644645,
        1.291544,
        1.0406410000000001,
        2.533209,
        0.355102,
        1.349566,
        2.075986,
        0.920933,
        0.688648,
        2.2989029999999997,
        0.32690800000000003,
        0.390064,
        2.161307,
        0.695852,
        1.061268,
        1.870307,
        0.980579,
        1.256549,
        0.389232,
        1.944167,
        1.018664,
        2.752049
    ],
    [
        1.584917,
        0.732682,
        1.668802,
        1.823445,
        1.6149149999999999,
        1.244894,
        1.785364,
        1.286601,
        1.6261349999999999,
        1.62847,
        1.832934,
        2.795754,
        1.9134790000000002,
        1.479834,
        1.815782,
        2.508077,
        1.808965,
        1.657972,
        2.048333,
        1.696287,
        2.027799,
        2.2206509999999997,
        1.900271,
        1.818087,
        1.537789,
        0.0,
        1.608396,
        2.1277660000000003,
        1.772595,
        0.926744,
        0.971125,
        1.692316,
        0.054772,
        2.947176,
        2.712628,
        2.824189,
        2.191226,
        1.3616759999999999,
        1.855941,
        0.38338900000000004,
        2.572989,
        2.9235610000000003,
        1.463718,
        2.7346399999999997,
        3.033969,
        0.86864,
        1.220197,
        3.7069340000000004,
        1.711206,
        1.402933,
        1.219559,
        1.294268,
        0.749257,
        0.350273,
        2.421613,
        2.2112220000000002,
        1.1401590000000001,
        2.8077460000000003,
        0.715736,
        1.989761
    ],
    [
        0.149476,
        1.011639,
        0.183674,
        0.966476,
        0.32631,
        0.397227,
        0.47094600000000003,
        0.9504199999999999,
        0.726893,
        0.328747,
        0.390881,
        1.126177,
        0.6783440000000001,
        0.812367,
        0.593522,
        1.531672,
        0.164638,
        1.815893,
        0.731192,
        0.389957,
        0.514542,
        0.754163,
        0.857045,
        0.26710300000000003,
        0.110126,
        1.608396,
        0.0,
        0.805988,
        0.7127530000000001,
        1.085574,
        1.129956,
        0.695904,
        1.600035,
        1.494804,
        2.899511,
        2.0669459999999997,
        0.774578,
        0.939234,
        2.638614,
        1.398081,
        0.9305140000000001,
        2.527177,
        0.46164,
        1.334508,
        2.099258,
        1.027471,
        0.775107,
        2.283845,
        0.337793,
        0.496602,
        2.267844,
        0.786216,
        1.1678060000000001,
        1.976844,
        0.958723,
        1.253255,
        0.49577,
        1.940874,
        1.125202,
        2.7460169999999997
    ],
    [
        0.846746,
        1.42329,
        0.719746,
        1.4465830000000002,
        0.5768110000000001,
        0.9473579999999999,
        0.951053,
        1.437531,
        1.206999,
        0.5792480000000001,
        0.37542899999999996,
        1.2352919999999998,
        0.23215799999999998,
        1.292473,
        0.353118,
        1.095919,
        0.652338,
        2.303004,
        0.089645,
        0.877068,
        0.35598,
        0.26328199999999996,
        0.505367,
        0.452098,
        0.817973,
        2.1277660000000003,
        0.805988,
        0.0,
        0.355171,
        1.586885,
        1.631266,
        1.3572449999999998,
        2.101346,
        0.840429,
        3.5608530000000003,
        2.7272510000000003,
        0.331878,
        1.600575,
        3.2999549999999997,
        1.85973,
        1.520964,
        3.188519,
        0.757146,
        0.606874,
        1.34722,
        1.528781,
        0.947175,
        1.579168,
        0.51442,
        0.745952,
        2.723824,
        0.851195,
        1.721027,
        2.438493,
        0.951047,
        0.7520119999999999,
        1.04899,
        1.410051,
        1.41203,
        3.407359
    ],
    [
        0.63248,
        1.0681189999999998,
        0.60364,
        1.666382,
        0.362164,
        0.655802,
        1.170852,
        1.650326,
        1.426798,
        0.37572000000000005,
        0.397037,
        1.5869010000000001,
        0.144082,
        1.5122719999999998,
        0.084914,
        0.940203,
        0.840387,
        2.4543069999999996,
        0.275737,
        1.007222,
        0.667327,
        0.609666,
        0.26557600000000003,
        0.520814,
        0.716047,
        1.772595,
        0.7127530000000001,
        0.355171,
        0.0,
        1.341944,
        1.386325,
        1.350299,
        1.705343,
        1.1956,
        3.439457,
        2.721342,
        0.6143540000000001,
        1.59363,
        2.98489,
        1.504559,
        1.500531,
        3.181574,
        0.512205,
        0.962044,
        1.446906,
        1.2838399999999999,
        0.592005,
        1.934339,
        0.481288,
        0.501011,
        2.373686,
        0.496024,
        1.476086,
        2.083323,
        1.1139000000000001,
        0.627469,
        0.8040499999999999,
        1.315088,
        1.056859,
        3.11871
    ],
    [
        1.026165,
        0.835865,
        1.11005,
        1.315222,
        1.056163,
        0.686142,
        1.220019,
        0.778378,
        1.117911,
        1.069719,
        1.274183,
        2.237002,
        1.354727,
        0.97161,
        1.2570299999999999,
        2.1951799999999997,
        1.250213,
        1.444562,
        1.507452,
        1.1375350000000002,
        1.469047,
        1.6618989999999998,
        1.5205540000000002,
        1.259335,
        0.979037,
        0.926744,
        1.085574,
        1.586885,
        1.341944,
        0.0,
        0.044381,
        0.892893,
        1.009725,
        2.0795850000000002,
        2.763223,
        2.3231129999999998,
        1.323635,
        0.972974,
        2.268611,
        0.899204,
        1.646245,
        2.5332350000000003,
        0.550767,
        1.907968,
        2.369685,
        0.43716000000000005,
        0.655901,
        2.880262,
        0.8436140000000001,
        0.489983,
        1.767173,
        0.66701,
        0.799852,
        1.404289,
        1.5540209999999999,
        1.5502470000000002,
        0.213415,
        2.237866,
        0.763009,
        2.40243
    ],
    [
        1.070546,
        0.880246,
        1.154431,
        1.3596030000000001,
        1.1005440000000002,
        0.730523,
        1.2644000000000002,
        0.822759,
        1.1622929999999998,
        1.1140999999999999,
        1.318564,
        2.281384,
        1.399108,
        1.015991,
        1.301411,
        2.239561,
        1.294594,
        1.488943,
        1.551833,
        1.181916,
        1.5134280000000002,
        1.70628,
        1.564935,
        1.3037159999999999,
        1.023418,
        0.971125,
        1.129956,
        1.631266,
        1.386325,
        0.044381,
        0.0,
        0.8485119999999999,
        0.9653440000000001,
        2.035204,
        2.718842,
        2.2787319999999998,
        1.279253,
        0.928593,
        2.224229,
        0.854823,
        1.601864,
        2.488854,
        0.506386,
        1.8635869999999999,
        2.325303,
        0.392779,
        0.61152,
        2.8358809999999997,
        0.799233,
        0.445602,
        1.7227919999999999,
        0.622629,
        0.755471,
        1.359908,
        1.50964,
        1.505866,
        0.169034,
        2.193485,
        0.718628,
        2.358049
    ],
    [
        0.8213400000000001,
        1.57424,
        0.8603200000000001,
        0.29735199999999995,
        0.998173,
        1.040758,
        0.217284,
        0.5536369999999999,
        0.21410300000000002,
        1.000611,
        0.9609829999999999,
        1.2782200000000001,
        1.233908,
        0.360404,
        1.265385,
        2.203536,
        0.5681390000000001,
        1.2786220000000001,
        1.301295,
        0.41337,
        0.87718,
        1.104875,
        1.528909,
        0.8372050000000001,
        0.701935,
        1.692316,
        0.695904,
        1.3572449999999998,
        1.350299,
        0.892893,
        0.8485119999999999,
        0.0,
        1.613923,
        1.844196,
        2.357968,
        1.499046,
        1.135047,
        0.476938,
        2.217276,
        1.823974,
        1.0528279999999999,
        1.874501,
        1.0253109999999999,
        1.683901,
        2.4597260000000003,
        1.091887,
        1.358856,
        2.633238,
        0.906411,
        1.060273,
        2.6937379999999997,
        1.36606,
        1.0524380000000002,
        2.0084880000000003,
        1.308116,
        1.8645180000000001,
        0.704449,
        2.522557,
        1.5510950000000001,
        2.32468
    ],
    [
        1.540626,
        0.748188,
        1.624511,
        1.779154,
        1.570624,
        1.200603,
        1.741073,
        1.24231,
        1.581844,
        1.584179,
        1.788643,
        2.751463,
        1.869188,
        1.4355419999999999,
        1.771491,
        2.485824,
        1.764673,
        1.6136810000000001,
        2.021912,
        1.651996,
        1.983508,
        2.1763600000000003,
        1.915777,
        1.7737960000000002,
        1.493498,
