[
    [
        0.0,
        0.516567,
        0.075377,
        1.533938,
        0.278886,
        0.411751,
        0.19362100000000002,
        0.246856,
        0.434732,
        0.639718
    ],
    [
        0.516567,
        0.0,
        0.559132,
        2.017693,
        0.627459,
        0.104816,
        0.677376,
        0.407707,
        0.08183499999999999,
        0.157
    ],
    [
        0.075377,
        0.559132,
        0.0,
        1.458561,
        0.32145100000000004,
        0.454316,
        0.125908,
        0.289421,
        0.477297,
        0.695315
    ],
    [
        1.533938,
        2.017693,
        1.458561,
        0.0,
        1.780012,
        1.912877,
        1.465879,
        1.7479829999999998,
        1.9358579999999999,
        2.1538760000000003
    ],
    [
        0.278886,
        0.627459,
        0.32145100000000004,
        1.780012,
        0.0,
        0.5226430000000001,
        0.439695,
        0.357748,
        0.545624,
        0.763642
    ],
    [
        0.411751,
        0.104816,
        0.454316,
        1.912877,
        0.5226430000000001,
        0.0,
        0.57256,
        0.302891,
        0.022981,
        0.252816
    ],
    [
        0.19362100000000002,
        0.677376,
        0.125908,
        1.465879,
        0.439695,
        0.57256,
        0.0,
        0.407665,
        0.5955410000000001,
        0.8135589999999999
    ],
    [
        0.246856,
        0.407707,
        0.289421,
        1.7479829999999998,
        0.357748,
        0.302891,
        0.407665,
        0.0,
        0.325872,
        0.40589400000000003
    ],
    [
        0.434732,
        0.08183499999999999,
        0.477297,
        1.9358579999999999,
        0.545624,
        0.022981,
        0.5955410000000001,
        0.325872,
        0.0,
        0.229835
    ],
    [
        0.639718,
        0.157,
        0.695315,
        2.1538760000000003,
        0.763642,
        0.252816,
        0.8135589999999999,
        0.40589400000000003,
        0.229835,
        0.0
    ]
]