[
    [
        0.0,
        0.995878,
        1.870338,
        0.949364,
        1.005649,
        0.913617,
        0.6962569999999999,
        0.313577,
        0.294257,
        1.036608,
        2.059927,
        0.587474,
        1.442236,
        1.094752,
        0.032453,
        2.363957,
        0.8252200000000001,
        1.9797049999999998,
        0.39119,
        0.546534
    ],
    [
        0.995878,
        0.0,
        0.915994,
        0.62395,
        0.766077,
        0.082261,
        0.414463,
        0.718973,
        0.839883,
        1.5595050000000001,
        1.7953510000000001,
        0.319409,
        1.173166,
        0.595443,
        0.963425,
        2.212176,
        0.520615,
        2.232206,
        1.000096,
        0.8793650000000001
    ],
    [
        1.870338,
        0.915994,
        0.0,
        1.197537,
        0.9125570000000001,
        0.998726,
        1.330929,
        1.6354380000000002,
        1.639361,
        2.011291,
        1.751,
        1.208123,
        1.9077339999999998,
        0.709935,
        1.837886,
        1.635073,
        1.163444,
        3.097305,
        1.621208,
        1.8034919999999999
    ],
    [
        0.949364,
        0.62395,
        1.197537,
        0.0,
        0.600954,
        0.706868,
        1.0390709999999999,
        1.1189500000000001,
        0.718387,
        1.203163,
        2.190604,
        0.239065,
        1.637125,
        0.471791,
        0.9169109999999999,
        1.9900499999999999,
        0.326082,
        2.851488,
        0.700234,
        0.8739
    ],
    [
        1.005649,
        0.766077,
        0.9125570000000001,
        0.600954,
        0.0,
        0.891072,
        1.2232750000000001,
        1.175234,
        0.774672,
        1.2258930000000001,
        2.125504,
        0.572414,
        1.821986,
        0.252476,
        0.9731960000000001,
        1.5771849999999998,
        0.282058,
        2.907773,
        0.756519,
        0.9388029999999999
    ],
    [
        0.913617,
        0.082261,
        0.998726,
        0.706868,
        0.891072,
        0.0,
        0.33220299999999997,
        0.636712,
        0.7576219999999999,
        1.563253,
        1.774276,
        0.40167,
        1.1520899999999998,
        0.677704,
        0.881164,
        2.294436,
        0.602876,
        2.1869940000000003,
        0.9178350000000001,
        0.797104
    ],
    [
        0.6962569999999999,
        0.414463,
        1.330929,
        1.0390709999999999,
        1.2232750000000001,
        0.33220299999999997,
        0.0,
        0.419351,
        0.5402619999999999,
        1.345893,
        1.4738879999999999,
        0.599827,
        0.856198,
        1.009906,
        0.663804,
        2.626639,
        0.935079,
        1.880047,
        0.700474,
        0.579744
    ],
    [
        0.313577,
        0.718973,
        1.6354380000000002,
        1.1189500000000001,
        1.175234,
        0.636712,
        0.419351,
        0.0,
        0.40056200000000003,
        1.265058,
        1.89056,
        0.48493200000000003,
        1.2728689999999998,
        1.3160319999999999,
        0.281125,
        2.592407,
        1.05367,
        2.006096,
        0.61964,
        0.440044
    ],
    [
        0.294257,
        0.839883,
        1.639361,
        0.718387,
        0.774672,
        0.7576219999999999,
        0.5402619999999999,
        0.40056200000000003,
        0.0,
        0.805631,
        2.01147,
        0.302165,
        1.39378,
        0.8548049999999999,
        0.261804,
        2.13298,
        0.585273,
        2.273962,
        0.160213,
        0.252277
    ],
    [
        1.036608,
        1.5595050000000001,
        2.011291,
        1.203163,
        1.2258930000000001,
        1.563253,
        1.345893,
        1.265058,
        0.805631,
        0.0,
        2.8039490000000002,
        0.952123,
        2.184599,
        1.348054,
        0.9910030000000001,
        2.381393,
        1.078522,
        2.92558,
        0.70378,
        0.9772799999999999
    ],
    [
        2.059927,
        1.7953510000000001,
        1.751,
        2.190604,
        2.125504,
        1.774276,
        1.4738879999999999,
        1.89056,
        2.01147,
        2.8039490000000002,
        0.0,
        2.0735279999999996,
        0.855643,
        2.0192,
        2.082355,
        3.4016930000000003,
        2.018859,
        1.790733,
        2.174175,
        2.053444
    ],
    [
        0.587474,
        0.319409,
        1.208123,
        0.239065,
        0.572414,
        0.40167,
        0.599827,
        0.48493200000000003,
        0.302165,
        0.952123,
        2.0735279999999996,
        0.0,
        1.453345,
        0.482377,
        0.48481599999999997,
        1.977564,
        0.297542,
        2.473089,
        0.400531,
        0.048907
    ],
    [
        1.442236,
        1.173166,
        1.9077339999999998,
        1.637125,
        1.821986,
        1.1520899999999998,
        0.856198,
        1.2728689999999998,
        1.39378,
        2.184599,
        0.855643,
        1.453345,
        0.0,
        1.617683,
        1.4530779999999999,
        3.2253499999999997,
        1.53379,
        1.551445,
        1.556485,
        1.435754
    ],
    [
        1.094752,
        0.595443,
        0.709935,
        0.471791,
        0.252476,
        0.677704,
        1.009906,
        1.3160319999999999,
        0.8548049999999999,
        1.348054,
        2.0192,
        0.482377,
        1.617683,
        0.0,
        1.1663430000000001,
        1.79849,
        0.301723,
        2.850545,
        0.949665,
        1.131949
    ],
    [
        0.032453,
        0.963425,
        1.837886,
        0.9169109999999999,
        0.9731960000000001,
        0.881164,
        0.663804,
        0.281125,
        0.261804,
        0.9910030000000001,
        2.082355,
        0.48481599999999997,
        1.4530779999999999,
        1.1663430000000001,
        0.0,
        2.331504,
        0.792767,
        2.012158,
        0.35873700000000003,
        0.514082
    ],
    [
        2.363957,
        2.212176,
        1.635073,
        1.9900499999999999,
        1.5771849999999998,
        2.294436,
        2.626639,
        2.592407,
        2.13298,
        2.381393,
        3.4016930000000003,
        1.977564,
        3.2253499999999997,
        1.79849,
        2.331504,
        0.0,
        1.700367,
        4.273343,
        2.122089,
        2.304373
    ],
    [
        0.8252200000000001,
        0.520615,
        1.163444,
        0.326082,
        0.282058,
        0.602876,
        0.935079,
        1.05367,
        0.585273,
        1.078522,
        2.018859,
        0.297542,
        1.53379,
        0.301723,
        0.792767,
        1.700367,
        0.0,
        2.727343,
        0.57609,
        0.749755
    ],
    [
        1.9797049999999998,
        2.232206,
        3.097305,
        2.851488,
        2.907773,
        2.1869940000000003,
        1.880047,
        2.006096,
        2.273962,
        2.92558,
        1.790733,
        2.473089,
        1.551445,
        2.850545,
        2.012158,
        4.273343,
        2.727343,
        0.0,
        2.2951819999999996,
        2.482379
    ],
    [
        0.39119,
        1.000096,
        1.621208,
        0.700234,
        0.756519,
        0.9178350000000001,
        0.700474,
        0.61964,
        0.160213,
        0.70378,
        2.174175,
        0.400531,
        1.556485,
        0.949665,
        0.35873700000000003,
        2.122089,
        0.57609,
        2.2951819999999996,
        0.0,
        0.387346
    ],
    [
        0.546534,
        0.8793650000000001,
        1.8034919999999999,
        0.8739,
        0.9388029999999999,
        0.797104,
        0.579744,
        0.440044,
        0.252277,
        0.9772799999999999,
        2.053444,
        0.048907,
        1.435754,
        1.131949,
        0.514082,
        2.304373,
        0.749755,
        2.482379,
        0.387346,
        0.0
    ]
]