[
    [
        0.0,
        1.267158,
        1.202956,
        1.009897,
        1.398203,
        2.3895079999999997,
        2.3895079999999997,
        1.511509,
        2.5398539999999996,
        1.29113,
        0.8881760000000001,
        1.85327,
        0.14743799999999999,
        0.892494,
        0.217235,
        1.41527,
        1.482594,
        0.173026,
        1.3944349999999999,
        1.321432
    ],
    [
        1.267158,
        0.0,
        1.941642,
        0.677603,
        0.597032,
        2.6087759999999998,
        2.6087759999999998,
        0.512375,
        1.4919870000000002,
        2.484108,
        0.393281,
        2.161,
        1.236165,
        0.376101,
        1.088897,
        0.173536,
        2.675573,
        1.3953740000000001,
        0.429192,
        2.514411
    ],
    [
        1.202956,
        1.941642,
        0.0,
        1.749658,
        2.072828,
        3.594431,
        3.594431,
        2.186134,
        3.270493,
        1.2611189999999999,
        1.5768330000000002,
        3.058193,
        1.257272,
        1.622362,
        0.991953,
        2.115319,
        1.515954,
        1.3822139999999998,
        2.1341959999999998,
        1.782068
    ],
    [
        1.009897,
        0.677603,
        1.749658,
        0.0,
        1.273597,
        2.026769,
        2.026769,
        1.1802750000000002,
        1.560192,
        1.8996389999999999,
        0.879276,
        1.578994,
        0.935937,
        0.40805,
        0.87422,
        0.43572500000000003,
        2.029713,
        1.0777439999999998,
        0.387151,
        1.8685509999999999
    ],
    [
        1.398203,
        0.597032,
        2.072828,
        1.273597,
        0.0,
        3.2047689999999998,
        3.2047689999999998,
        0.158637,
        1.615305,
        2.600854,
        0.694225,
        2.756994,
        1.352911,
        0.819628,
        1.205643,
        0.770568,
        2.792319,
        1.512119,
        1.025284,
        2.631157
    ],
    [
        2.3895079999999997,
        2.6087759999999998,
        3.594431,
        2.026769,
        3.2047689999999998,
        0.0,
        0.0,
        3.111349,
        2.343694,
        2.739821,
        2.81035,
        0.5362359999999999,
        2.353526,
        2.47483,
        2.608731,
        2.436284,
        2.86712,
        2.3377719999999997,
        2.1791199999999997,
        2.6063400000000003
    ],
    [
        2.3895079999999997,
        2.6087759999999998,
        3.594431,
        2.026769,
        3.2047689999999998,
        0.0,
        0.0,
        3.111349,
        2.343694,
        2.739821,
        2.81035,
        0.5362359999999999,
        2.353526,
        2.47483,
        2.608731,
        2.436284,
        2.86712,
        2.3377719999999997,
        2.1791199999999997,
        2.6063400000000003
    ],
    [
        1.511509,
        0.512375,
        2.186134,
        1.1802750000000002,
        0.158637,
        3.111349,
        3.111349,
        0.0,
        1.498078,
        2.7141599999999997,
        0.8315650000000001,
        2.663672,
        1.466217,
        0.863914,
        1.3189490000000001,
        0.6638099999999999,
        2.905625,
        1.625425,
        0.931962,
        2.744463
    ],
    [
        2.5398539999999996,
        1.4919870000000002,
        3.270493,
        1.560192,
        1.615305,
        2.343694,
        2.343694,
        1.498078,
        0.0,
        2.984789,
        1.697818,
        2.467921,
        2.447626,
        1.679449,
        2.4153960000000003,
        1.126646,
        3.1120880000000004,
        2.5871210000000002,
        1.17797,
        2.851308
    ],
    [
        1.29113,
        2.484108,
        1.2611189999999999,
        1.8996389999999999,
        2.600854,
        2.739821,
        2.739821,
        2.7141599999999997,
        2.984789,
        0.0,
        2.0908270000000004,
        2.192335,
        1.250567,
        1.8668030000000002,
        1.508365,
        2.304746,
        0.6625019999999999,
        1.16227,
        2.209705,
        0.69194
    ],
    [
        0.8881760000000001,
        0.393281,
        1.5768330000000002,
        0.879276,
        0.694225,
        2.81035,
        2.81035,
        0.8315650000000001,
        1.697818,
        2.0908270000000004,
        0.0,
        2.3626729999999996,
        0.842884,
        0.292856,
        0.695616,
        0.566817,
        2.282292,
        1.002092,
        0.630864,
        2.12113
    ],
    [
        1.85327,
        2.161,
        3.058193,
        1.578994,
        2.756994,
        0.5362359999999999,
        0.5362359999999999,
        2.663672,
        2.467921,
        2.192335,
        2.3626729999999996,
        0.0,
        1.817289,
        1.938593,
        2.0724940000000003,
        1.999855,
        2.330882,
        1.8015340000000002,
        1.742691,
        2.070102
    ],
    [
        0.14743799999999999,
        1.236165,
        1.257272,
        0.935937,
        1.352911,
        2.353526,
        2.353526,
        1.466217,
        2.447626,
        1.250567,
        0.842884,
        1.817289,
        0.0,
        0.8190040000000001,
        0.26242899999999997,
        1.34178,
        1.442626,
        0.18851300000000001,
        1.320945,
        1.281464
    ],
    [
        0.892494,
        0.376101,
        1.622362,
        0.40805,
        0.819628,
        2.47483,
        2.47483,
        0.863914,
        1.679449,
        1.8668030000000002,
        0.292856,
        1.938593,
        0.8190040000000001,
        0.0,
        0.7212569999999999,
        0.551822,
        1.996877,
        0.9559880000000001,
        0.502449,
        1.835715
    ],
    [
        0.217235,
        1.088897,
        0.991953,
        0.87422,
        1.205643,
        2.608731,
        2.608731,
        1.3189490000000001,
        2.4153960000000003,
        1.508365,
        0.695616,
        2.0724940000000003,
        0.26242899999999997,
        0.7212569999999999,
        0.0,
        1.237362,
        1.7047260000000002,
        0.390261,
        1.2165270000000001,
        1.5435640000000002
    ],
    [
        1.41527,
        0.173536,
        2.115319,
        0.43572500000000003,
        0.770568,
        2.436284,
        2.436284,
        0.6638099999999999,
        1.126646,
        2.304746,
        0.566817,
        1.999855,
        1.34178,
        0.551822,
        1.237362,
        0.0,
        2.45939,
        1.483117,
        0.256944,
        2.298228
    ],
    [
        1.482594,
        2.675573,
        1.515954,
        2.029713,
        2.792319,
        2.86712,
        2.86712,
        2.905625,
        3.1120880000000004,
        0.6625019999999999,
        2.282292,
        2.330882,
        1.442626,
        1.996877,
        1.7047260000000002,
        2.45939,
        0.0,
        1.35409,
        2.3373589999999997,
        0.40897100000000003
    ],
    [
        0.173026,
        1.3953740000000001,
        1.3822139999999998,
        1.0777439999999998,
        1.512119,
        2.3377719999999997,
        2.3377719999999997,
        1.625425,
        2.5871210000000002,
        1.16227,
        1.002092,
        1.8015340000000002,
        0.18851300000000001,
        0.9559880000000001,
        0.390261,
        1.483117,
        1.35409,
        0.0,
        1.46234,
        1.192573
    ],
    [
        1.3944349999999999,
        0.429192,
        2.1341959999999998,
        0.387151,
        1.025284,
        2.1791199999999997,
        2.1791199999999997,
        0.931962,
        1.17797,
        2.209705,
        0.630864,
        1.742691,
        1.320945,
        0.502449,
        1.2165270000000001,
        0.256944,
        2.3373589999999997,
        1.46234,
        0.0,
        2.0762240000000003
    ],
    [
        1.321432,
        2.514411,
        1.782068,
        1.8685509999999999,
        2.631157,
        2.6063400000000003,
        2.6063400000000003,
        2.744463,
        2.851308,
        0.69194,
        2.12113,
        2.070102,
        1.281464,
        1.835715,
        1.5435640000000002,
        2.298228,
        0.40897100000000003,
        1.192573,
        2.0762240000000003,
        0.0
    ]
]