[
    [
        0.0,
        0.145477,
        1.651527,
        1.364781,
        0.23144399999999998,
        0.920196,
        2.803804,
        1.404725,
        1.00451,
        1.640399,
        0.94751,
        1.249202,
        1.137992,
        0.376293,
        0.8337709999999999,
        2.447813,
        1.62079,
        0.216142,
        0.349908,
        2.310579,
        0.5005350000000001,
        0.475824,
        0.916923,
        1.445523,
        0.429073,
        2.387639,
        2.823506,
        0.9101079999999999
    ],
    [
        0.145477,
        0.0,
        1.663018,
        1.2193040000000002,
        0.085967,
        0.774719,
        2.6583270000000003,
        1.416217,
        1.0160019999999998,
        1.494861,
        0.959001,
        1.1037249999999998,
        1.149483,
        0.387784,
        0.9294,
        2.574346,
        1.475313,
        0.070664,
        0.361399,
        2.3220709999999998,
        0.355058,
        0.330347,
        0.7714460000000001,
        1.4570139999999998,
        0.283596,
        2.3991309999999997,
        2.678029,
        0.9216
    ],
    [
        1.651527,
        1.663018,
        0.0,
        2.629741,
        1.5832080000000002,
        2.524304,
        4.155035,
        0.246801,
        1.860997,
        3.034636,
        0.704017,
        2.7167109999999997,
        1.1786459999999999,
        1.3028170000000001,
        2.189817,
        2.9316799999999996,
        2.97202,
        1.680543,
        1.6306690000000001,
        1.590916,
        1.964937,
        1.95875,
        2.507962,
        0.561366,
        1.924295,
        1.446264,
        4.174736,
        1.319964
    ],
    [
        1.364781,
        1.2193040000000002,
        2.629741,
        0.0,
        1.483468,
        0.45254,
        3.010906,
        2.329408,
        2.241631,
        0.449903,
        1.872192,
        0.111833,
        2.07532,
        1.5072940000000001,
        1.754861,
        3.487263,
        2.238378,
        1.379977,
        1.758901,
        3.247907,
        0.894119,
        1.1457629999999999,
        0.44778199999999996,
        2.166152,
        1.133777,
        3.324967,
        3.030607,
        1.8474359999999999
    ],
    [
        0.23144399999999998,
        0.085967,
        1.5832080000000002,
        1.483468,
        0.0,
        0.8075460000000001,
        2.714484,
        1.336407,
        0.936192,
        1.527748,
        0.8791910000000001,
        1.136552,
        1.069674,
        0.30797399999999997,
        0.840737,
        2.494536,
        1.53147,
        0.103491,
        0.28158999999999995,
        2.242261,
        0.387885,
        0.381699,
        0.804273,
        1.3772039999999999,
        0.34724400000000005,
        2.319321,
        2.7341860000000002,
        0.8417899999999999
    ],
    [
        0.920196,
        0.774719,
        2.524304,
        0.45254,
        0.8075460000000001,
        0.0,
        2.704555,
        2.189781,
        1.858126,
        0.731903,
        1.732566,
        0.340707,
        1.923048,
        1.109363,
        1.371356,
        3.103758,
        1.854873,
        0.704054,
        1.082978,
        3.095635,
        0.45327999999999996,
        0.753115,
        0.016342,
        2.175228,
        0.750272,
        3.172695,
        2.724257,
        1.695164
    ],
    [
        2.803804,
        2.6583270000000003,
        4.155035,
        3.010906,
        2.714484,
        2.704555,
        0.0,
        3.903192,
        2.72863,
        3.219064,
        3.445977,
        2.909785,
        3.272635,
        2.772379,
        2.042172,
        3.144681,
        1.401169,
        2.6321860000000004,
        2.616226,
        4.319565,
        2.5536239999999997,
        2.430717,
        2.7220169999999997,
        3.94399,
        2.385987,
        4.426801,
        0.077556,
        3.367621
    ],
    [
        1.404725,
        1.416217,
        0.246801,
        2.329408,
        1.336407,
        2.189781,
        3.903192,
        0.0,
        1.709917,
        2.751312,
        0.457216,
        2.439237,
        1.315306,
        1.056016,
        1.943016,
        3.0683409999999998,
        2.725219,
        1.433741,
        1.3838679999999999,
        1.727576,
        1.718135,
        1.7119490000000002,
        2.134523,
        0.807417,
        1.677493,
        1.582924,
        3.9279349999999997,
        1.003284
    ],
    [
        1.00451,
        1.0160019999999998,
        1.860997,
        2.241631,
        0.936192,
        1.858126,
        2.72863,
        1.709917,
        0.0,
        2.527036,
        1.252701,
        2.13584,
        0.636429,
        0.9168719999999999,
        0.686458,
        1.731023,
        1.5456159999999999,
        1.01255,
        0.730529,
        1.6897280000000001,
        1.2969439999999999,
        1.290758,
        1.8799000000000001,
        1.739167,
        1.2563019999999998,
        1.796964,
        2.748332,
        0.7314160000000001
    ],
    [
        1.640399,
        1.494861,
        3.034636,
        0.449903,
        1.527748,
        0.731903,
        3.219064,
        2.751312,
        2.527036,
        0.0,
        2.3357840000000003,
        0.497252,
        2.495212,
        2.0646489999999997,
        2.0342249999999997,
        3.766627,
        2.517742,
        1.6593399999999998,
        2.038264,
        3.667799,
        1.173483,
        1.425126,
        0.736544,
        2.5576410000000003,
        1.413141,
        3.744859,
        3.228053,
        2.267328
    ],
    [
        0.94751,
        0.959001,
        0.704017,
        1.872192,
        0.8791910000000001,
        1.732566,
        3.445977,
        0.457216,
        1.252701,
        2.3357840000000003,
        0.0,
        1.982021,
        0.7742,
        0.5988,
        1.4858,
        2.961223,
        2.268003,
        0.976526,
        0.926652,
        1.728243,
        1.2609190000000001,
        1.2547329999999999,
        1.677307,
        0.692843,
        1.220278,
        1.583591,
        3.470719,
        0.5460689999999999
    ],
    [
        1.249202,
        1.1037249999999998,
        2.7167109999999997,
        0.111833,
        1.136552,
        0.340707,
        2.909785,
        2.439237,
        2.13584,
        0.497252,
        1.982021,
        0.0,
        2.126491,
        1.673452,
        1.643028,
        3.3754299999999997,
        2.126545,
        1.268144,
        1.647068,
        3.299078,
        0.7822859999999999,
        1.03393,
        0.335949,
        2.252528,
        1.021944,
        3.376138,
        2.918774,
        1.898607
    ],
    [
        1.137992,
        1.149483,
        1.1786459999999999,
        2.07532,
        1.069674,
        1.923048,
        3.272635,
        1.315306,
        0.636429,
        2.495212,
        0.7742,
        2.126491,
        0.0,
        0.848765,
        1.2304629999999999,
        2.344951,
        2.0920349999999996,
        1.22649,
        1.176617,
        1.2124549999999998,
        1.5108840000000001,
        1.504698,
        1.9272719999999999,
        1.260665,
        1.470243,
        1.2895150000000002,
        3.294751,
        0.22788399999999998
    ],
    [
        0.376293,
        0.387784,
        1.3028170000000001,
        1.5072940000000001,
        0.30797399999999997,
        1.109363,
        2.772379,
        1.056016,
        0.9168719999999999,
        2.0646489999999997,
        0.5988,
        1.673452,
        0.848765,
        0.0,
        0.812203,
        2.466002,
        1.594406,
        0.40530900000000003,
        0.25305500000000003,
        1.9487139999999998,
        0.689703,
        0.683516,
        1.10609,
        1.096917,
        0.649061,
        2.025775,
        2.797122,
        0.5482440000000001
    ],
    [
        0.8337709999999999,
        0.9294,
        2.189817,
        1.754861,
        0.840737,
        1.371356,
        2.042172,
        1.943016,
        0.686458,
        2.0342249999999997,
        1.4858,
        1.643028,
        1.2304629999999999,
        0.812203,
        0.0,
        2.006359,
        0.859158,
        0.938072,
        0.6560499999999999,
        2.277393,
        1.114644,
        0.90267,
        1.3888179999999999,
        1.983813,
        0.855919,
        2.386136,
        2.061874,
        1.325449
    ],
    [
        2.447813,
        2.574346,
        2.9316799999999996,
        3.487263,
        2.494536,
        3.103758,
        3.144681,
        3.0683409999999998,
        1.731023,
        3.766627,
        2.961223,
        3.3754299999999997,
        2.344951,
        2.466002,
        2.006359,
        0.0,
        1.967398,
        2.6277060000000003,
        2.345685,
        2.2622139999999997,
        2.887405,
        2.675431,
        3.161578,
        3.405431,
        2.6286799999999997,
        2.369449,
        3.164383,
        2.439937
    ],
    [
        1.62079,
        1.475313,
        2.97202,
        2.238378,
        1.53147,
        1.854873,
        1.401169,
        2.725219,
        1.5456159999999999,
        2.517742,
        2.268003,
        2.126545,
        2.0920349999999996,
        1.594406,
        0.859158,
        1.967398,
        0.0,
        1.506974,
        1.433212,
        3.136551,
        1.703941,
        1.4485830000000002,
        1.8723340000000002,
        2.7609749999999997,
        1.4018309999999998,
        3.245294,
        1.420871,
        2.184607
    ],
    [
        0.216142,
        0.070664,
        1.680543,
        1.379977,
        0.103491,
        0.704054,
        2.6321860000000004,
        1.433741,
        1.01255,
        1.6593399999999998,
        0.976526,
        1.268144,
        1.22649,
        0.40530900000000003,
        0.938072,
        2.6277060000000003,
        1.506974,
        0.0,
        0.378924,
        2.3395949999999996,
        0.284394,
        0.278208,
        0.700782,
        1.474539,
        0.243752,
        2.416655,
        2.6445819999999998,
        0.9391240000000001
    ],
    [
        0.349908,
        0.361399,
        1.6306690000000001,
        1.758901,
        0.28158999999999995,
        1.082978,
        2.616226,
        1.3838679999999999,
        0.730529,
        2.038264,
        0.926652,
        1.647068,
        1.176617,
        0.25305500000000003,
        0.6560499999999999,
        2.345685,
        1.433212,
        0.378924,
        0.0,
        2.2897220000000003,
        0.663318,
        0.6571319999999999,
        1.0797059999999998,
        1.424665,
        0.622676,
        2.366782,
        2.640969,
        0.889251
    ],
    [
        2.310579,
        2.3220709999999998,
        1.590916,
        3.247907,
        2.242261,
        3.095635,
        4.319565,
        1.727576,
        1.6897280000000001,
        3.667799,
        1.728243,
        3.299078,
        1.2124549999999998,
        1.9487139999999998,
        2.277393,
        2.2622139999999997,
        3.136551,
        2.3395949999999996,
        2.2897220000000003,
        0.0,
        2.683472,
        2.677285,
        3.099859,
        2.1619789999999997,
        2.64283,
        0.14465199999999998,
        4.3392669999999995,
        1.400471
    ],
    [
        0.5005350000000001,
        0.355058,
        1.964937,
        0.894119,
        0.387885,
        0.45327999999999996,
        2.5536239999999997,
        1.718135,
        1.2969439999999999,
        1.173483,
        1.2609190000000001,
        0.7822859999999999,
        1.5108840000000001,
        0.689703,
        1.114644,
        2.887405,
        1.703941,
        0.284394,
        0.663318,
        2.683472,
        0.0,
        0.21197300000000002,
        0.450007,
        1.758932,
        0.277386,
        2.701049,
        2.5733249999999996,
        1.223518
    ],
    [
        0.475824,
        0.330347,
        1.95875,
        1.1457629999999999,
        0.381699,
        0.753115,
        2.430717,
        1.7119490000000002,
        1.290758,
        1.425126,
        1.2547329999999999,
        1.03393,
        1.504698,
        0.683516,
        0.90267,
        2.675431,
        1.4485830000000002,
        0.278208,
        0.6571319999999999,
        2.677285,
        0.21197300000000002,
        0.0,
        0.602982,
        1.767489,
        0.065413,
        2.709605,
        2.44556,
        1.232075
    ],
    [
        0.916923,
        0.7714460000000001,
        2.507962,
        0.44778199999999996,
        0.804273,
        0.016342,
        2.7220169999999997,
        2.134523,
        1.8799000000000001,
        0.736544,
        1.677307,
        0.335949,
        1.9272719999999999,
        1.10609,
        1.3888179999999999,
        3.161578,
        1.8723340000000002,
        0.700782,
        1.0797059999999998,
        3.099859,
        0.450007,
        0.602982,
        0.0,
        2.158887,
        0.767734,
        3.156353,
        2.7417179999999997,
        1.6788230000000002
    ],
    [
        1.445523,
        1.4570139999999998,
        0.561366,
        2.166152,
        1.3772039999999999,
        2.175228,
        3.94399,
        0.807417,
        1.739167,
        2.5576410000000003,
        0.692843,
        2.252528,
        1.260665,
        1.096917,
        1.983813,
        3.405431,
        2.7609749999999997,
        1.474539,
        1.424665,
        2.1619789999999997,
        1.758932,
        1.767489,
        2.158887,
        0.0,
        1.718291,
        1.9200139999999999,
        3.968732,
        1.032534
    ],
    [
        0.429073,
        0.283596,
        1.924295,
        1.133777,
        0.34724400000000005,
        0.750272,
        2.385987,
        1.677493,
        1.2563019999999998,
        1.413141,
        1.220278,
        1.021944,
        1.470243,
        0.649061,
        0.855919,
        2.6286799999999997,
        1.4018309999999998,
        0.243752,
        0.622676,
        2.64283,
        0.277386,
        0.065413,
        0.767734,
        1.718291,
        0.0,
        2.662854,
        2.40083,
        1.1853230000000001
    ],
    [
        2.387639,
        2.3991309999999997,
        1.446264,
        3.324967,
        2.319321,
        3.172695,
        4.426801,
        1.582924,
        1.796964,
        3.744859,
        1.583591,
        3.376138,
        1.2895150000000002,
        2.025775,
        2.386136,
        2.369449,
        3.245294,
        2.416655,
        2.366782,
        0.14465199999999998,
        2.701049,
        2.709605,
        3.156353,
        1.9200139999999999,
        2.662854,
        0.0,
        4.446502000000001,
        1.477531
    ],
    [
        2.823506,
        2.678029,
        4.174736,
        3.030607,
        2.7341860000000002,
        2.724257,
        0.077556,
        3.9279349999999997,
        2.748332,
        3.228053,
        3.470719,
        2.918774,
        3.294751,
        2.797122,
        2.061874,
        3.164383,
        1.420871,
        2.6445819999999998,
        2.640969,
        4.3392669999999995,
        2.5733249999999996,
        2.44556,
        2.7417179999999997,
        3.968732,
        2.40083,
        4.446502000000001,
        0.0,
        3.387323
    ],
    [
        0.9101079999999999,
        0.9216,
        1.319964,
        1.8474359999999999,
        0.8417899999999999,
        1.695164,
        3.367621,
        1.003284,
        0.7314160000000001,
        2.267328,
        0.5460689999999999,
        1.898607,
        0.22788399999999998,
        0.5482440000000001,
        1.325449,
        2.439937,
        2.184607,
        0.9391240000000001,
        0.889251,
        1.400471,
        1.223518,
        1.232075,
        1.6788230000000002,
        1.032534,
        1.1853230000000001,
        1.477531,
        3.387323,
        0.0
    ]
]