[
    [
        0.0,
        1.027222,
        2.9428609999999997,
        3.11729,
        1.109052,
        0.8859009999999999,
        1.250818,
        0.867521,
        0.948945,
        0.413751,
        0.841567,
        2.6364140000000003,
        1.394557,
        1.065346,
        1.936118,
        1.2106839999999999,
        0.9123049999999999,
        2.724046,
        0.967351,
        0.854775
    ],
    [
        1.027222,
        0.0,
        2.239159,
        2.2462109999999997,
        1.236173,
        0.725536,
        0.379739,
        0.994642,
        0.5895589999999999,
        0.461181,
        0.584457,
        1.765334,
        0.569562,
        0.335353,
        1.301723,
        0.431047,
        0.727572,
        1.852966,
        0.385336,
        0.477935
    ],
    [
        2.9428609999999997,
        2.239159,
        0.0,
        1.166403,
        3.390144,
        2.701839,
        2.059873,
        3.0158490000000002,
        2.594299,
        2.6112469999999997,
        2.5968739999999997,
        0.70569,
        2.43319,
        2.323877,
        2.287414,
        2.270797,
        2.732312,
        0.861994,
        2.377036,
        2.507638
    ],
    [
        3.11729,
        2.2462109999999997,
        1.166403,
        0.0,
        2.985491,
        2.550259,
        1.9099000000000002,
        2.6198490000000003,
        2.442719,
        2.759573,
        2.445295,
        0.794019,
        2.281611,
        2.172297,
        2.739822,
        2.119217,
        2.5676930000000002,
        0.7008300000000001,
        2.225457,
        2.356058
    ],
    [
        1.109052,
        1.236173,
        3.390144,
        2.985491,
        0.0,
        0.988965,
        1.463859,
        0.365642,
        0.923431,
        1.058187,
        0.945904,
        2.849454,
        1.300973,
        1.212069,
        2.4666900000000003,
        1.387275,
        0.874287,
        2.937086,
        1.114074,
        1.0014969999999999
    ],
    [
        0.8859009999999999,
        0.725536,
        2.701839,
        2.550259,
        0.988965,
        0.0,
        0.683678,
        0.570225,
        0.196413,
        0.572751,
        0.11926,
        2.069273,
        0.6553859999999999,
        0.441865,
        1.979806,
        0.609337,
        0.026403,
        2.1569059999999998,
        0.354691,
        0.227819
    ],
    [
        1.250818,
        0.379739,
        2.059873,
        1.9099000000000002,
        1.463859,
        0.683678,
        0.0,
        0.9704360000000001,
        0.548885,
        0.865739,
        0.551461,
        1.406441,
        0.387776,
        0.278464,
        1.483948,
        0.225383,
        0.686898,
        1.494073,
        0.331623,
        0.46222399999999997
    ],
    [
        0.867521,
        0.994642,
        3.0158490000000002,
        2.6198490000000003,
        0.365642,
        0.570225,
        0.9704360000000001,
        0.0,
        0.575802,
        0.8166559999999999,
        0.599487,
        2.607923,
        0.9533440000000001,
        0.86124,
        2.225158,
        1.005019,
        0.5266580000000001,
        2.6955549999999997,
        0.872542,
        0.759966
    ],
    [
        0.948945,
        0.5895589999999999,
        2.594299,
        2.442719,
        0.923431,
        0.196413,
        0.548885,
        0.575802,
        0.0,
        0.633751,
        0.113626,
        1.971834,
        0.475266,
        0.285437,
        1.882367,
        0.42921699999999996,
        0.138013,
        1.866627,
        0.269892,
        0.13038
    ],
    [
        0.413751,
        0.461181,
        2.6112469999999997,
        2.759573,
        1.058187,
        0.572751,
        0.865739,
        0.8166559999999999,
        0.633751,
        0.0,
        0.528417,
        2.262073,
        1.047636,
        0.6974360000000001,
        1.638966,
        0.836343,
        0.599154,
        2.3497049999999997,
        0.654201,
        0.541624
    ],
    [
        0.841567,
        0.584457,
        2.5968739999999997,
        2.445295,
        0.945904,
        0.11926,
        0.551461,
        0.599487,
        0.113626,
        0.528417,
        0.0,
        1.960834,
        0.551361,
        0.333426,
        1.860787,
        0.508632,
        0.18078,
        2.048467,
        0.235431,
        0.122854
    ],
    [
        2.6364140000000003,
        1.765334,
        0.70569,
        0.794019,
        2.849454,
        2.069273,
        1.406441,
        2.607923,
        1.971834,
        2.262073,
        1.960834,
        0.0,
        1.9556120000000001,
        1.846299,
        2.069988,
        1.7932190000000001,
        2.2547330000000003,
        0.16225299999999998,
        1.899458,
        2.0300599999999998
    ],
    [
        1.394557,
        0.569562,
        2.43319,
        2.281611,
        1.300973,
        0.6553859999999999,
        0.387776,
        0.9533440000000001,
        0.475266,
        1.047636,
        0.551361,
        1.9556120000000001,
        0.0,
        0.281545,
        1.739875,
        0.24962700000000002,
        0.696335,
        1.616869,
        0.39513299999999996,
        0.5104920000000001
    ],
    [
        1.065346,
        0.335353,
        2.323877,
        2.172297,
        1.212069,
        0.441865,
        0.278464,
        0.86124,
        0.285437,
        0.6974360000000001,
        0.333426,
        1.846299,
        0.281545,
        0.0,
        1.601545,
        0.212498,
        0.455824,
        1.778645,
        0.113588,
        0.228947
    ],
    [
        1.936118,
        1.301723,
        2.287414,
        2.739822,
        2.4666900000000003,
        1.979806,
        1.483948,
        2.225158,
        1.882367,
        1.638966,
        1.860787,
        2.069988,
        1.739875,
        1.601545,
        0.0,
        1.68508,
        1.949492,
        1.87699,
        1.607256,
        1.709992
    ],
    [
        1.2106839999999999,
        0.431047,
        2.270797,
        2.119217,
        1.387275,
        0.609337,
        0.225383,
        1.005019,
        0.42921699999999996,
        0.836343,
        0.508632,
        1.7932190000000001,
        0.24962700000000002,
        0.212498,
        1.68508,
        0.0,
        0.6009260000000001,
        1.480524,
        0.25869,
        0.37404899999999996
    ],
    [
        0.9123049999999999,
        0.727572,
        2.732312,
        2.5676930000000002,
        0.874287,
        0.026403,
        0.686898,
        0.5266580000000001,
        0.138013,
        0.599154,
        0.18078,
        2.2547330000000003,
        0.696335,
        0.455824,
        1.949492,
        0.6009260000000001,
        0.0,
        2.1833090000000004,
        0.381095,
        0.254222
    ],
    [
        2.724046,
        1.852966,
        0.861994,
        0.7008300000000001,
        2.937086,
        2.1569059999999998,
        1.494073,
        2.6955549999999997,
        1.866627,
        2.3497049999999997,
        2.048467,
        0.16225299999999998,
        1.616869,
        1.778645,
        1.87699,
        1.480524,
        2.1833090000000004,
        0.0,
        1.795907,
        1.926509
    ],
    [
        0.967351,
        0.385336,
        2.377036,
        2.225457,
        1.114074,
        0.354691,
        0.331623,
        0.872542,
        0.269892,
        0.654201,
        0.235431,
        1.899458,
        0.39513299999999996,
        0.113588,
        1.607256,
        0.25869,
        0.381095,
        1.795907,
        0.0,
        0.13095199999999999
    ],
    [
        0.854775,
        0.477935,
        2.507638,
        2.356058,
        1.0014969999999999,
        0.227819,
        0.46222399999999997,
        0.759966,
        0.13038,
        0.541624,
        0.122854,
        2.0300599999999998,
        0.5104920000000001,
        0.228947,
        1.709992,
        0.37404899999999996,
        0.254222,
        1.926509,
        0.13095199999999999,
        0.0
    ]
]