[
    [
        0.0,
        1.9161780000000002,
        1.912852,
        0.668009,
        1.509959,
        2.0763670000000003,
        1.94343,
        1.198228,
        1.8421669999999999,
        0.294462,
        0.384022,
        0.379281,
        1.641453,
        0.286833,
        0.23216900000000001,
        0.428302,
        1.939332,
        1.6796929999999999,
        0.812173,
        0.428877
    ],
    [
        1.9161780000000002,
        0.0,
        1.385244,
        2.43888,
        1.1023779999999999,
        0.39246499999999995,
        3.889528,
        1.2455399999999999,
        1.0483820000000001,
        2.1343550000000002,
        1.737032,
        1.912155,
        0.931299,
        2.1369059999999998,
        2.065913,
        2.278375,
        0.040011000000000005,
        0.9649070000000001,
        1.5801880000000001,
        1.72057
    ],
    [
        1.912852,
        1.385244,
        0.0,
        2.011023,
        2.097976,
        1.7780550000000002,
        3.5905489999999998,
        2.015143,
        2.178776,
        2.069225,
        1.610528,
        1.777458,
        1.912548,
        2.071776,
        2.0007829999999998,
        1.950803,
        1.385607,
        2.0049770000000002,
        2.09856,
        1.4915619999999998
    ],
    [
        0.668009,
        2.43888,
        2.011023,
        0.0,
        2.0824119999999997,
        2.658208,
        1.679306,
        1.770681,
        2.4146199999999998,
        0.538846,
        0.7994349999999999,
        0.534609,
        2.213906,
        0.5312169999999999,
        0.581249,
        0.352833,
        2.5211729999999997,
        2.252146,
        1.384627,
        1.002221
    ],
    [
        1.509959,
        1.1023779999999999,
        2.097976,
        2.0824119999999997,
        0.0,
        0.709913,
        3.324179,
        0.363623,
        0.332208,
        1.777887,
        1.5372970000000001,
        1.71242,
        0.195774,
        1.7804380000000002,
        1.7094449999999999,
        1.921907,
        1.138451,
        0.22507,
        0.8497910000000001,
        1.520835
    ],
    [
        2.0763670000000003,
        0.39246499999999995,
        1.7780550000000002,
        2.658208,
        0.709913,
        0.0,
        3.9753649999999996,
        1.051444,
        0.702663,
        2.289361,
        1.892038,
        2.06716,
        0.5388339999999999,
        2.2919110000000003,
        2.220919,
        2.433381,
        0.42853800000000003,
        0.580759,
        1.5073109999999998,
        1.8755760000000001
    ],
    [
        1.94343,
        3.889528,
        3.5905489999999998,
        1.679306,
        3.324179,
        3.9753649999999996,
        0.0,
        2.947965,
        3.657227,
        1.78791,
        2.2121120000000003,
        2.10183,
        3.39119,
        1.738602,
        1.818025,
        1.6361379999999999,
        3.921906,
        3.4294290000000003,
        2.42149,
        2.3972539999999998
    ],
    [
        1.198228,
        1.2455399999999999,
        2.015143,
        1.770681,
        0.363623,
        1.051444,
        2.947965,
        0.0,
        0.695831,
        1.466157,
        1.3662539999999999,
        1.472648,
        0.49511700000000003,
        1.4687070000000002,
        1.3977149999999998,
        1.610177,
        1.262842,
        0.533357,
        0.544394,
        1.3497919999999999
    ],
    [
        1.8421669999999999,
        1.0483820000000001,
        2.178776,
        2.4146199999999998,
        0.332208,
        0.702663,
        3.657227,
        0.695831,
        0.0,
        2.114556,
        1.8224280000000002,
        1.99755,
        0.266227,
        2.117107,
        2.046115,
        2.258576,
        1.0739280000000002,
        0.207925,
        1.18646,
        1.805966
    ],
    [
        0.294462,
        2.1343550000000002,
        2.069225,
        0.538846,
        1.777887,
        2.289361,
        1.78791,
        1.466157,
        2.114556,
        0.0,
        0.470959,
        0.374473,
        1.909381,
        0.049309,
        0.09934,
        0.190778,
        2.157508,
        1.947621,
        0.965286,
        0.656102
    ],
    [
        0.384022,
        1.737032,
        1.610528,
        0.7994349999999999,
        1.5372970000000001,
        1.892038,
        2.2121120000000003,
        1.3662539999999999,
        1.8224280000000002,
        0.470959,
        0.0,
        0.23672800000000002,
        1.543299,
        0.47351,
        0.402517,
        0.614979,
        1.760186,
        1.610234,
        1.06976,
        0.241234
    ],
    [
        0.379281,
        1.912155,
        1.777458,
        0.534609,
        1.71242,
        2.06716,
        2.10183,
        1.472648,
        1.99755,
        0.374473,
        0.23672800000000002,
        0.0,
        1.718421,
        0.468769,
        0.397777,
        0.4713,
        1.935308,
        1.785356,
        1.086594,
        0.43011
    ],
    [
        1.641453,
        0.931299,
        1.912548,
        2.213906,
        0.195774,
        0.5388339999999999,
        3.39119,
        0.49511700000000003,
        0.266227,
        1.909381,
        1.543299,
        1.718421,
        0.0,
        1.911932,
        1.84094,
        2.053401,
        0.967372,
        0.092429,
        0.987619,
        1.52566
    ],
    [
        0.286833,
        2.1369059999999998,
        2.071776,
        0.5312169999999999,
        1.7804380000000002,
        2.2919110000000003,
        1.738602,
        1.4687070000000002,
        2.117107,
        0.049309,
        0.47351,
        0.468769,
        1.911932,
        0.0,
        0.091711,
        0.183148,
        2.1600590000000004,
        1.918567,
        0.910628,
        0.658653
    ],
    [
        0.23216900000000001,
        2.065913,
        2.0007829999999998,
        0.581249,
        1.7094449999999999,
        2.220919,
        1.818025,
        1.3977149999999998,
        2.046115,
        0.09934,
        0.402517,
        0.397777,
        1.84094,
        0.091711,
        0.0,
        0.23318,
        2.089066,
        1.8791790000000002,
        0.9029940000000001,
        0.58766
    ],
    [
        0.428302,
        2.278375,
        1.950803,
        0.352833,
        1.921907,
        2.433381,
        1.6361379999999999,
        1.610177,
        2.258576,
        0.190778,
        0.614979,
        0.4713,
        2.053401,
        0.183148,
        0.23318,
        0.0,
        2.301529,
        2.091641,
        1.093777,
        0.800122
    ],
    [
        1.939332,
        0.040011000000000005,
        1.385607,
        2.5211729999999997,
        1.138451,
        0.42853800000000003,
        3.921906,
        1.262842,
        1.0739280000000002,
        2.157508,
        1.760186,
        1.935308,
        0.967372,
        2.1600590000000004,
        2.089066,
        2.301529,
        0.0,
        0.995931,
        1.603341,
        1.7437239999999998
    ],
    [
        1.6796929999999999,
        0.9649070000000001,
        2.0049770000000002,
        2.252146,
        0.22507,
        0.580759,
        3.4294290000000003,
        0.533357,
        0.207925,
        1.947621,
        1.610234,
        1.785356,
        0.092429,
        1.918567,
        1.8791790000000002,
        2.091641,
        0.995931,
        0.0,
        1.018717,
        1.604549
    ],
    [
        0.812173,
        1.5801880000000001,
        2.09856,
        1.384627,
        0.8497910000000001,
        1.5073109999999998,
        2.42149,
        0.544394,
        1.18646,
        0.965286,
        1.06976,
        1.086594,
        0.987619,
        0.910628,
        0.9029940000000001,
        1.093777,
        1.603341,
        1.018717,
        0.0,
        1.000002
    ],
    [
        0.428877,
        1.72057,
        1.4915619999999998,
        1.002221,
        1.520835,
        1.8755760000000001,
        2.3972539999999998,
        1.3497919999999999,
        1.805966,
        0.656102,
        0.241234,
        0.43011,
        1.52566,
        0.658653,
        0.58766,
        0.800122,
        1.7437239999999998,
        1.604549,
        1.000002,
        0.0
    ]
]