[
    [
        0.0,
        0.482586,
        0.939016,
        2.2516550000000004,
        1.151224,
        1.934494,
        2.323849,
        2.0757559999999997,
        1.901273,
        1.9435609999999999,
        4.242875,
        4.646436,
        3.997381,
        3.153558,
        1.396167,
        2.073238,
        1.915909,
        3.475656,
        2.031972,
        1.458143,
        1.001024,
        1.441564,
        2.0787150000000003,
        2.1328240000000003,
        2.72379
    ],
    [
        0.482586,
        0.0,
        0.506978,
        1.819617,
        0.719186,
        1.502456,
        1.891811,
        1.643718,
        1.4692349999999998,
        1.5115239999999999,
        3.8108380000000004,
        4.214398,
        3.565344,
        2.72152,
        0.964129,
        1.6412010000000001,
        1.483872,
        3.043618,
        1.599934,
        1.026105,
        0.568987,
        1.009527,
        1.646678,
        1.700787,
        2.304188
    ],
    [
        0.939016,
        0.506978,
        0.0,
        1.343341,
        0.33904500000000004,
        1.218121,
        1.415535,
        1.264361,
        1.089878,
        1.029571,
        3.43148,
        3.8350410000000004,
        3.281009,
        2.3299600000000003,
        0.5847720000000001,
        1.170283,
        1.1045150000000001,
        2.561666,
        1.3155999999999999,
        0.6467480000000001,
        0.20944300000000002,
        0.527574,
        1.362343,
        1.22451,
        2.033751
    ],
    [
        2.2516550000000004,
        1.819617,
        1.343341,
        0.0,
        1.0316990000000001,
        0.64693,
        0.13014799999999999,
        0.798087,
        0.599832,
        1.130643,
        2.312341,
        2.7159009999999997,
        2.167442,
        1.1381379999999999,
        0.82199,
        0.359483,
        0.614468,
        2.386408,
        0.568183,
        0.753925,
        1.253652,
        1.099452,
        0.17326,
        0.11883,
        1.209609
    ],
    [
        1.151224,
        0.719186,
        0.33904500000000004,
        1.0316990000000001,
        0.0,
        1.0947650000000002,
        1.104962,
        0.953788,
        0.7793049999999999,
        0.821594,
        3.1209070000000003,
        3.5244679999999997,
        3.157653,
        2.019387,
        0.274199,
        0.8597100000000001,
        0.793942,
        2.353688,
        1.1922439999999999,
        0.336175,
        0.242271,
        0.319596,
        1.013522,
        0.913938,
        1.905455
    ],
    [
        1.934494,
        1.502456,
        1.218121,
        0.64693,
        1.0947650000000002,
        0.0,
        0.777085,
        1.249641,
        1.0421369999999999,
        1.5729490000000002,
        2.8228180000000003,
        3.226378,
        2.0820790000000002,
        1.238256,
        1.201992,
        0.811156,
        1.0567739999999999,
        2.837962,
        0.11667,
        0.9973690000000001,
        1.066391,
        1.380104,
        0.47367000000000004,
        0.573254,
        0.8791100000000001
    ],
    [
        2.323849,
        1.891811,
        1.415535,
        0.13014799999999999,
        1.104962,
        0.777085,
        0.0,
        0.667939,
        0.657735,
        1.04625,
        2.182192,
        2.585752,
        2.1459520000000003,
        1.042202,
        0.896536,
        0.388498,
        0.591999,
        2.25626,
        0.698339,
        0.828472,
        1.328198,
        1.173999,
        0.303416,
        0.24898599999999999,
        1.339764
    ],
    [
        2.0757559999999997,
        1.643718,
        1.264361,
        0.798087,
        0.953788,
        1.249641,
        0.667939,
        0.0,
        0.269861,
        0.402994,
        2.601713,
        3.005274,
        2.8381260000000004,
        1.5001929999999999,
        0.6795890000000001,
        0.61627,
        0.272498,
        1.613003,
        1.195879,
        0.62883,
        1.175741,
        0.904991,
        0.7904410000000001,
        0.6908569999999999,
        1.82679
    ],
    [
        1.901273,
        1.4692349999999998,
        1.089878,
        0.599832,
        0.7793049999999999,
        1.0421369999999999,
        0.657735,
        0.269861,
        0.0,
        0.530806,
        2.5211129999999997,
        2.924674,
        2.687814,
        1.419593,
        0.5051059999999999,
        0.363353,
        0.10241700000000001,
        1.858182,
        0.988375,
        0.421327,
        1.0012590000000001,
        0.7825679999999999,
        0.582938,
        0.48335300000000003,
        1.619286
    ],
    [
        1.9435609999999999,
        1.5115239999999999,
        1.029571,
        1.130643,
        0.821594,
        1.5729490000000002,
        1.04625,
        0.402994,
        0.530806,
        0.0,
        2.980025,
        3.383585,
        3.216437,
        1.878504,
        0.6558390000000001,
        0.894164,
        0.6332279999999999,
        1.532094,
        1.519186,
        0.626002,
        1.036315,
        0.501997,
        1.113749,
        1.014164,
        2.150098
    ],
    [
        4.242875,
        3.8108380000000004,
        3.43148,
        2.312341,
        3.1209070000000003,
        2.8228180000000003,
        2.182192,
        2.601713,
        2.5211129999999997,
        2.980025,
        0.0,
        0.40356000000000003,
        2.386655,
        1.7624069999999998,
        2.8534319999999997,
        2.303769,
        2.455378,
        3.9966570000000003,
        2.765639,
        2.769653,
        3.342861,
        3.124171,
        2.485608,
        2.43052,
        3.223178
    ],
    [
        4.646436,
        4.214398,
        3.8350410000000004,
        2.7159009999999997,
        3.5244679999999997,
        3.226378,
        2.585752,
        3.005274,
        2.924674,
        3.383585,
        0.40356000000000003,
        0.0,
        2.392706,
        2.165968,
        3.256993,
        2.70733,
        2.858938,
        4.400217,
        3.1692,
        3.173213,
        3.746421,
        3.527731,
        2.889168,
        2.8340810000000003,
        3.626738
    ],
    [
        3.997381,
        3.565344,
        3.281009,
        2.167442,
        3.157653,
        2.0820790000000002,
        2.1459520000000003,
        2.8381260000000004,
        2.687814,
        3.216437,
        2.386655,
        2.392706,
        0.0,
        1.444011,
        2.90762,
        2.4451140000000002,
        2.6917910000000003,
        4.468871,
        1.995453,
        2.839556,
        3.129279,
        3.185083,
        2.1048760000000004,
        2.204461,
        1.5005519999999999
    ],
    [
        3.153558,
        2.72152,
        2.3299600000000003,
        1.1381379999999999,
        2.019387,
        1.238256,
        1.042202,
        1.5001929999999999,
        1.419593,
        1.878504,
        1.7624069999999998,
        2.165968,
        1.444011,
        0.0,
        1.7451880000000002,
        1.235832,
        1.353858,
        3.168634,
        1.1581590000000002,
        1.6614090000000001,
        2.24134,
        2.02265,
        1.180568,
        1.256975,
        1.46077
    ],
    [
        1.396167,
        0.964129,
        0.5847720000000001,
        0.82199,
        0.274199,
        1.201992,
        0.896536,
        0.6795890000000001,
        0.5051059999999999,
        0.6558390000000001,
        2.8534319999999997,
        3.256993,
        2.90762,
        1.7451880000000002,
        0.0,
        0.585511,
        0.5197419999999999,
        2.1879340000000003,
        1.055974,
        0.061975999999999996,
        0.496152,
        0.40619299999999997,
        0.805096,
        0.7055119999999999,
        1.841445
    ],
    [
        2.073238,
        1.6412010000000001,
        1.170283,
        0.359483,
        0.8597100000000001,
        0.811156,
        0.388498,
        0.61627,
        0.363353,
        0.894164,
        2.303769,
        2.70733,
        2.4451140000000002,
        1.235832,
        0.585511,
        0.0,
        0.326187,
        2.2032220000000002,
        0.7222569999999999,
        0.525873,
        1.081664,
        0.862974,
        0.342589,
        0.243005,
        1.378938
    ],
    [
        1.915909,
        1.483872,
        1.1045150000000001,
        0.614468,
        0.793942,
        1.0567739999999999,
        0.591999,
        0.272498,
        0.10241700000000001,
        0.6332279999999999,
        2.455378,
        2.858938,
        2.6917910000000003,
        1.353858,
        0.5197419999999999,
        0.326187,
        0.0,
        1.860819,
        1.0030109999999999,
        0.43596300000000004,
        1.015895,
        0.797205,
        0.5975739999999999,
        0.49799,
        1.633923
    ],
    [
        3.475656,
        3.043618,
        2.561666,
        2.386408,
        2.353688,
        2.837962,
        2.25626,
        1.613003,
        1.858182,
        1.532094,
        3.9966570000000003,
        4.400217,
        4.468871,
        3.168634,
        2.1879340000000003,
        2.2032220000000002,
        1.860819,
        0.0,
        2.784199,
        2.158096,
        2.568409,
        2.0340920000000002,
        2.378762,
        2.279178,
        3.415111
    ],
    [
        2.031972,
        1.599934,
        1.3155999999999999,
        0.568183,
        1.1922439999999999,
        0.11667,
        0.698339,
        1.195879,
        0.988375,
        1.519186,
        2.765639,
        3.1692,
        1.995453,
        1.1581590000000002,
        1.055974,
        0.7222569999999999,
        1.0030109999999999,
        2.784199,
        0.0,
        0.908471,
        1.16387,
        1.36864,
        0.394923,
        0.49450700000000003,
        0.810173
    ],
    [
        1.458143,
        1.026105,
        0.6467480000000001,
        0.753925,
        0.336175,
        0.9973690000000001,
        0.828472,
        0.62883,
        0.421327,
        0.626002,
        2.769653,
        3.173213,
        2.839556,
        1.6614090000000001,
        0.061975999999999996,
        0.525873,
        0.43596300000000004,
        2.158096,
        0.908471,
        0.0,
        0.5581280000000001,
        0.424761,
        0.737032,
        0.637447,
        1.690873
    ],
    [
        1.001024,
        0.568987,
        0.20944300000000002,
        1.253652,
        0.242271,
        1.066391,
        1.328198,
        1.175741,
        1.0012590000000001,
        1.036315,
        3.342861,
        3.746421,
        3.129279,
        2.24134,
        0.496152,
        1.081664,
        1.015895,
        2.568409,
        1.16387,
        0.5581280000000001,
        0.0,
        0.54155,
        1.2106130000000002,
        1.135891,
        1.877081
    ],
    [
        1.441564,
        1.009527,
        0.527574,
        1.099452,
        0.319596,
        1.380104,
        1.173999,
        0.904991,
        0.7825679999999999,
        0.501997,
        3.124171,
        3.527731,
        3.185083,
        2.02265,
        0.40619299999999997,
        0.862974,
        0.797205,
        2.0340920000000002,
        1.36864,
        0.424761,
        0.54155,
        0.0,
        1.082559,
        0.982974,
        2.118907
    ],
    [
        2.0787150000000003,
        1.646678,
        1.362343,
        0.17326,
        1.013522,
        0.47367000000000004,
        0.303416,
        0.7904410000000001,
        0.582938,
        1.113749,
        2.485608,
        2.889168,
        2.1048760000000004,
        1.180568,
        0.805096,
        0.342589,
        0.5975739999999999,
        2.378762,
        0.394923,
        0.737032,
        1.2106130000000002,
        1.082559,
        0.0,
        0.099584,
        1.036349
    ],
    [
        2.1328240000000003,
        1.700787,
        1.22451,
        0.11883,
        0.913938,
        0.573254,
        0.24898599999999999,
        0.6908569999999999,
        0.48335300000000003,
        1.014164,
        2.43052,
        2.8340810000000003,
        2.204461,
        1.256975,
        0.7055119999999999,
        0.243005,
        0.49799,
        2.279178,
        0.49450700000000003,
        0.637447,
        1.135891,
        0.982974,
        0.099584,
        0.0,
        1.135933
    ],
    [
        2.72379,
        2.304188,
        2.033751,
        1.209609,
        1.905455,
        0.8791100000000001,
        1.339764,
        1.82679,
        1.619286,
        2.150098,
        3.223178,
        3.626738,
        1.5005519999999999,
        1.46077,
        1.841445,
        1.378938,
        1.633923,
        3.415111,
        0.810173,
        1.690873,
        1.877081,
        2.118907,
        1.036349,
        1.135933,
        0.0
    ]
]