[
    [
        0.0,
        0.5146280000000001,
        1.674498,
        1.934986,
        2.860126,
        0.431939,
        1.768323,
        1.586376,
        1.3119390000000002,
        0.61525,
        2.343125,
        1.928215,
        1.335471,
        1.78446,
        0.707827,
        1.752662,
        1.7962690000000001,
        2.993811,
        3.445809,
        1.939567
    ],
    [
        0.5146280000000001,
        0.0,
        1.1515920000000002,
        1.6208699999999998,
        2.405437,
        0.871948,
        2.208332,
        1.470747,
        0.839638,
        1.05832,
        1.958976,
        2.18596,
        0.951321,
        1.329772,
        1.034742,
        1.297973,
        1.273362,
        2.902482,
        2.99112,
        2.218443
    ],
    [
        1.674498,
        1.1515920000000002,
        0.0,
        1.27032,
        1.922442,
        2.02354,
        3.030461,
        1.735186,
        0.362559,
        2.113373,
        1.304443,
        3.227953,
        0.588488,
        0.6304460000000001,
        2.104866,
        0.499851,
        0.13381800000000002,
        3.6643820000000003,
        2.2296590000000003,
        3.021538
    ],
    [
        1.934986,
        1.6208699999999998,
        1.27032,
        0.0,
        3.0033090000000002,
        2.260974,
        3.5973580000000003,
        0.562924,
        1.152611,
        1.885435,
        0.660755,
        2.495595,
        0.993662,
        1.834351,
        1.710232,
        1.69179,
        1.3897680000000001,
        4.472333,
        3.436787,
        3.768602
    ],
    [
        2.860126,
        2.405437,
        1.922442,
        3.0033090000000002,
        0.0,
        2.67483,
        2.277942,
        3.4238809999999997,
        2.174156,
        3.409507,
        3.4055590000000002,
        4.586664,
        2.412696,
        1.326455,
        3.4354459999999998,
        1.407014,
        1.819232,
        2.2548000000000004,
        1.337905,
        2.2295599999999998
    ],
    [
        0.431939,
        0.871948,
        2.02354,
        2.260974,
        2.67483,
        0.0,
        1.336384,
        1.9056300000000002,
        1.6540730000000001,
        0.7515729999999999,
        2.69094,
        2.1479749999999997,
        1.683286,
        2.159073,
        0.927586,
        2.142232,
        2.144083,
        2.561871,
        3.344695,
        1.507628
    ],
    [
        1.768323,
        2.208332,
        3.030461,
        3.5973580000000003,
        2.277942,
        1.336384,
        0.0,
        3.246315,
        2.9961379999999997,
        2.087956,
        4.027324,
        3.3728569999999998,
        3.01967,
        2.5740250000000002,
        2.2639699999999996,
        2.5571840000000003,
        3.149166,
        1.225487,
        3.2526840000000004,
        0.172466
    ],
    [
        1.586376,
        1.470747,
        1.735186,
        0.562924,
        3.4238809999999997,
        1.9056300000000002,
        3.246315,
        0.0,
        1.401453,
        1.4197739999999999,
        1.2113669999999999,
        2.029934,
        1.20089,
        2.3131950000000003,
        1.24457,
        2.281396,
        1.852738,
        4.295347,
        3.881069,
        3.470559
    ],
    [
        1.3119390000000002,
        0.839638,
        0.362559,
        1.152611,
        2.174156,
        1.6540730000000001,
        2.9961379999999997,
        1.401453,
        0.0,
        1.7508130000000002,
        1.354482,
        2.8653939999999998,
        0.49516699999999997,
        0.909851,
        1.742307,
        0.763629,
        0.48433,
        3.6131379999999997,
        2.5258939999999996,
        2.9702930000000003
    ],
    [
        0.61525,
        1.05832,
        2.113373,
        1.885435,
        3.409507,
        0.7515729999999999,
        2.087956,
        1.4197739999999999,
        1.7508130000000002,
        0.0,
        2.539083,
        1.382112,
        1.583746,
        2.3263510000000003,
        0.175204,
        2.294552,
        2.243856,
        3.31764,
        3.987168,
        2.263396
    ],
    [
        2.343125,
        1.958976,
        1.304443,
        0.660755,
        3.4055590000000002,
        2.69094,
        4.027324,
        1.2113669999999999,
        1.354482,
        2.539083,
        0.0,
        3.1623229999999998,
        1.051021,
        1.883435,
        2.368623,
        1.7408730000000001,
        1.440615,
        4.808992,
        3.25052,
        4.130683
    ],
    [
        1.928215,
        2.18596,
        3.227953,
        2.495595,
        4.586664,
        2.1479749999999997,
        3.3728569999999998,
        2.029934,
        2.8653939999999998,
        1.382112,
        3.1623229999999998,
        0.0,
        2.6494560000000003,
        3.6906660000000002,
        1.2144469999999998,
        3.658868,
        3.335627,
        4.795746,
        5.330914,
        3.5233440000000003
    ],
    [
        1.335471,
        0.951321,
        0.588488,
        0.993662,
        2.412696,
        1.683286,
        3.01967,
        1.20089,
        0.49516699999999997,
        1.583746,
        1.051021,
        2.6494560000000003,
        0.0,
        1.1431369999999998,
        1.5744770000000001,
        0.996916,
        0.7104349999999999,
        3.8013380000000003,
        2.757454,
        3.117299
    ],
    [
        1.78446,
        1.329772,
        0.6304460000000001,
        1.834351,
        1.326455,
        2.159073,
        2.5740250000000002,
        2.3131950000000003,
        0.909851,
        2.3263510000000003,
        1.883435,
        3.6906660000000002,
        1.1431369999999998,
        0.0,
        2.457852,
        0.129913,
        0.742818,
        3.211011,
        1.7830329999999999,
        2.568167
    ],
    [
        0.707827,
        1.034742,
        2.104866,
        1.710232,
        3.4354459999999998,
        0.927586,
        2.2639699999999996,
        1.24457,
        1.742307,
        0.175204,
        2.368623,
        1.2144469999999998,
        1.5744770000000001,
        2.457852,
        0.0,
        2.3406100000000003,
        2.236929,
        3.499331,
        4.033225,
        2.445088
    ],
    [
        1.752662,
        1.297973,
        0.499851,
        1.69179,
        1.407014,
        2.142232,
        2.5571840000000003,
        2.281396,
        0.763629,
        2.294552,
        1.7408730000000001,
        3.658868,
        0.996916,
        0.129913,
        2.3406100000000003,
        0.0,
        0.612906,
        3.2526610000000002,
        1.939404,
        2.609817
    ],
    [
        1.7962690000000001,
        1.273362,
        0.13381800000000002,
        1.3897680000000001,
        1.819232,
        2.144083,
        3.149166,
        1.852738,
        0.48433,
        2.243856,
        1.440615,
        3.335627,
        0.7104349999999999,
        0.742818,
        2.236929,
        0.612906,
        0.0,
        3.786152,
        2.050633,
        3.143308
    ],
    [
        2.993811,
        2.902482,
        3.6643820000000003,
        4.472333,
        2.2548000000000004,
        2.561871,
        1.225487,
        4.295347,
        3.6131379999999997,
        3.31764,
        4.808992,
        4.795746,
        3.8013380000000003,
        3.211011,
        3.499331,
        3.2526610000000002,
        3.786152,
        0.0,
        3.564322,
        1.135981
    ],
    [
        3.445809,
        2.99112,
        2.2296590000000003,
        3.436787,
        1.337905,
        3.344695,
        3.2526840000000004,
        3.881069,
        2.5258939999999996,
        3.987168,
        3.25052,
        5.330914,
        2.757454,
        1.7830329999999999,
        4.033225,
        1.939404,
        2.050633,
        3.564322,
        0.0,
        3.285385
    ],
    [
        1.939567,
        2.218443,
        3.021538,
        3.768602,
        2.2295599999999998,
        1.507628,
        0.172466,
        3.470559,
        2.9702930000000003,
        2.263396,
        4.130683,
        3.5233440000000003,
        3.117299,
        2.568167,
        2.445088,
        2.609817,
        3.143308,
        1.135981,
        3.285385,
        0.0
    ]
]