[
    [
        0.0,
        1.1205820000000002,
        2.486339,
        2.032882,
        0.600485,
        0.629533,
        0.308522,
        0.5141950000000001,
        2.088142,
        0.502832,
        1.014267,
        1.290364,
        1.01977,
        1.295173,
        2.114966,
        1.8284829999999999
    ],
    [
        1.1205820000000002,
        0.0,
        3.0130149999999998,
        1.235607,
        1.015462,
        0.989623,
        0.938429,
        1.138343,
        2.208757,
        1.059686,
        0.601624,
        0.48140499999999997,
        1.053972,
        1.110249,
        3.131361,
        2.844878
    ],
    [
        2.486339,
        3.0130149999999998,
        0.0,
        4.018685,
        2.841362,
        2.8613939999999998,
        2.725627,
        2.858041,
        1.069865,
        2.7437080000000003,
        2.509899,
        2.858806,
        2.195508,
        2.146083,
        2.8699529999999998,
        2.386589
    ],
    [
        2.032882,
        1.235607,
        4.018685,
        0.0,
        1.7220540000000002,
        1.696215,
        1.748431,
        1.90039,
        3.2187379999999997,
        1.766278,
        1.656887,
        1.1648420000000002,
        2.063953,
        1.891686,
        3.844991,
        3.644587
    ],
    [
        0.600485,
        1.015462,
        2.841362,
        1.7220540000000002,
        0.0,
        0.054579,
        0.441535,
        0.476788,
        2.534073,
        0.097653,
        1.156653,
        1.4326269999999999,
        1.402407,
        1.681984,
        2.196279,
        1.995875
    ],
    [
        0.629533,
        0.989623,
        2.8613939999999998,
        1.696215,
        0.054579,
        0.0,
        0.428426,
        0.46367899999999995,
        2.5209639999999998,
        0.117685,
        1.130814,
        1.406787,
        1.376568,
        1.656144,
        2.216311,
        2.0159059999999998
    ],
    [
        0.308522,
        0.938429,
        2.725627,
        1.748431,
        0.441535,
        0.428426,
        0.0,
        0.30223,
        2.3595140000000003,
        0.381672,
        0.995236,
        1.271333,
        1.2359280000000001,
        1.520567,
        2.283527,
        2.083123
    ],
    [
        0.5141950000000001,
        1.138343,
        2.858041,
        1.90039,
        0.476788,
        0.46367899999999995,
        0.30223,
        0.0,
        2.207511,
        0.363659,
        1.022105,
        1.298202,
        1.139139,
        1.414542,
        2.092752,
        1.919549
    ],
    [
        2.088142,
        2.208757,
        1.069865,
        3.2187379999999997,
        2.534073,
        2.5209639999999998,
        2.3595140000000003,
        2.207511,
        0.0,
        2.313334,
        1.587605,
        1.9365109999999999,
        1.2732139999999998,
        1.223789,
        3.008603,
        2.525239
    ],
    [
        0.502832,
        1.059686,
        2.7437080000000003,
        1.766278,
        0.097653,
        0.117685,
        0.381672,
        0.363659,
        2.313334,
        0.0,
        1.124647,
        1.400744,
        1.3653389999999999,
        1.6499780000000002,
        2.098625,
        1.898221
    ],
    [
        1.014267,
        0.601624,
        2.509899,
        1.656887,
        1.156653,
        1.130814,
        0.995236,
        1.022105,
        1.587605,
        1.124647,
        0.0,
        0.528558,
        0.420772,
        0.5762670000000001,
        2.913399,
        2.516111
    ],
    [
        1.290364,
        0.48140499999999997,
        2.858806,
        1.1648420000000002,
        1.4326269999999999,
        1.406787,
        1.271333,
        1.298202,
        1.9365109999999999,
        1.400744,
        0.528558,
        0.0,
        0.7886040000000001,
        0.726844,
        3.292906,
        2.9639070000000003
    ],
    [
        1.01977,
        1.053972,
        2.195508,
        2.063953,
        1.402407,
        1.376568,
        1.2359280000000001,
        1.139139,
        1.2732139999999998,
        1.3653389999999999,
        0.420772,
        0.7886040000000001,
        0.0,
        0.29122699999999996,
        2.728428,
        2.2450639999999997
    ],
    [
        1.295173,
        1.110249,
        2.146083,
        1.891686,
        1.681984,
        1.656144,
        1.520567,
        1.414542,
        1.223789,
        1.6499780000000002,
        0.5762670000000001,
        0.726844,
        0.29122699999999996,
        0.0,
        2.925086,
        2.4417220000000004
    ],
    [
        2.114966,
        3.131361,
        2.8699529999999998,
        3.844991,
        2.196279,
        2.216311,
        2.283527,
        2.092752,
        3.008603,
        2.098625,
        2.913399,
        3.292906,
        2.728428,
        2.925086,
        0.0,
        0.48336399999999996
    ],
    [
        1.8284829999999999,
        2.844878,
        2.386589,
        3.644587,
        1.995875,
        2.0159059999999998,
        2.083123,
        1.919549,
        2.525239,
        1.898221,
        2.516111,
        2.9639070000000003,
        2.2450639999999997,
        2.4417220000000004,
        0.48336399999999996,
        0.0
    ]
]