[
    [
        0.0,
        1.52777,
        0.970193,
        1.155865,
        0.094263,
        1.959678,
        1.005176,
        1.024612,
        1.301445,
        0.893789,
        2.3504029999999996,
        1.067367,
        1.5704179999999999,
        1.954709,
        2.680412,
        2.4474050000000003,
        0.439207,
        0.880276,
        1.9625039999999998,
        2.746784
    ],
    [
        1.52777,
        0.0,
        0.843163,
        0.481274,
        1.473577,
        0.796643,
        2.117756,
        1.479476,
        1.137714,
        1.936712,
        1.127507,
        1.9608299999999999,
        0.48039299999999996,
        3.413926,
        1.727857,
        1.224509,
        1.570559,
        2.013126,
        2.747849,
        1.197392
    ],
    [
        0.970193,
        0.843163,
        0.0,
        0.80544,
        0.748726,
        0.9894850000000001,
        1.571236,
        1.0979949999999998,
        1.374828,
        1.390568,
        1.791156,
        1.516734,
        1.175975,
        2.698623,
        2.302492,
        1.888158,
        0.831526,
        1.466982,
        2.6142420000000004,
        1.7765909999999998
    ],
    [
        1.155865,
        0.481274,
        0.80544,
        0.0,
        1.138844,
        1.209756,
        1.618303,
        1.061837,
        0.86838,
        1.437259,
        1.19272,
        1.563801,
        0.412735,
        2.9145749999999997,
        1.660199,
        1.289721,
        1.404135,
        1.513673,
        2.574348,
        1.380376
    ],
    [
        0.094263,
        1.473577,
        0.748726,
        1.138844,
        0.0,
        1.910967,
        0.9881570000000001,
        0.9357880000000001,
        1.2126210000000002,
        0.843825,
        2.300476,
        1.050348,
        1.520491,
        1.950277,
        2.618782,
        2.397477,
        0.533522,
        0.8632569999999999,
        1.945485,
        2.698073
    ],
    [
        1.959678,
        0.796643,
        0.9894850000000001,
        1.209756,
        1.910967,
        0.0,
        2.563301,
        2.082337,
        1.932326,
        2.3822579999999998,
        1.181537,
        2.5088000000000004,
        1.2716210000000001,
        3.6755459999999998,
        1.857233,
        0.93574,
        1.808449,
        2.458672,
        3.681999,
        0.810661
    ],
    [
        1.005176,
        2.117756,
        1.571236,
        1.618303,
        0.9881570000000001,
        2.563301,
        0.0,
        0.680169,
        0.971286,
        0.285115,
        2.684784,
        0.079294,
        1.9048,
        1.4074369999999998,
        3.0030900000000003,
        2.781786,
        1.2682200000000001,
        0.177643,
        1.105582,
        2.87244
    ],
    [
        1.024612,
        1.479476,
        1.0979949999999998,
        1.061837,
        0.9357880000000001,
        2.082337,
        0.680169,
        0.0,
        0.400541,
        0.627017,
        2.053209,
        0.606992,
        1.2732249999999998,
        2.207162,
        2.371515,
        2.1502109999999997,
        1.4644300000000001,
        0.805885,
        1.7127249999999998,
        2.240865
    ],
    [
        1.301445,
        1.137714,
        1.374828,
        0.86838,
        1.2126210000000002,
        1.932326,
        0.971286,
        0.400541,
        0.0,
        0.937433,
        1.752362,
        0.891992,
        0.9723769999999999,
        2.474542,
        2.157806,
        1.849363,
        1.73604,
        1.104007,
        1.610134,
        1.940018
    ],
    [
        0.893789,
        1.936712,
        1.390568,
        1.437259,
        0.843825,
        2.3822579999999998,
        0.285115,
        0.627017,
        0.937433,
        0.0,
        2.510865,
        0.250991,
        1.7308810000000001,
        1.58699,
        2.8291709999999997,
        2.607867,
        1.1696030000000002,
        0.166574,
        1.314209,
        2.6985210000000004
    ],
    [
        2.3504029999999996,
        1.127507,
        1.791156,
        1.19272,
        2.300476,
        1.181537,
        2.684784,
        2.053209,
        1.752362,
        2.510865,
        0.0,
        2.561855,
        0.779985,
        4.109488000000001,
        0.675697,
        0.373438,
        2.598673,
        2.708211,
        3.348874,
        0.49978300000000003
    ],
    [
        1.067367,
        1.9608299999999999,
        1.516734,
        1.563801,
        1.050348,
        2.5088000000000004,
        0.079294,
        0.606992,
        0.891992,
        0.250991,
        2.561855,
        0.0,
        1.8574220000000001,
        1.469627,
        3.009252,
        2.7344079999999997,
        1.33041,
        0.239834,
        1.13321,
        2.825063
    ],
    [
        1.5704179999999999,
        0.48039299999999996,
        1.175975,
        0.412735,
        1.520491,
        1.2716210000000001,
        1.9048,
        1.2732249999999998,
        0.9723769999999999,
        1.7308810000000001,
        0.779985,
        1.8574220000000001,
        0.0,
        3.3295030000000003,
        1.247464,
        0.876986,
        1.818688,
        1.9282260000000002,
        2.5825120000000004,
        0.967641
    ],
    [
        1.954709,
        3.413926,
        2.698623,
        2.9145749999999997,
        1.950277,
        3.6755459999999998,
        1.4074369999999998,
        2.207162,
        2.474542,
        1.58699,
        4.109488000000001,
        1.469627,
        3.3295030000000003,
        0.0,
        4.239465,
        4.01816,
        2.0735360000000003,
        1.3967729999999998,
        1.5440509999999998,
        4.108815
    ],
    [
        2.680412,
        1.727857,
        2.302492,
        1.660199,
        2.618782,
        1.857233,
        3.0030900000000003,
        2.371515,
        2.157806,
        2.8291709999999997,
        0.675697,
        3.009252,
        1.247464,
        4.239465,
        0.0,
        1.049135,
        3.113826,
        3.047905,
        3.753545,
        1.175479
    ],
    [
        2.4474050000000003,
        1.224509,
        1.888158,
        1.289721,
        2.397477,
        0.93574,
        2.781786,
        2.1502109999999997,
        1.849363,
        2.607867,
        0.373438,
        2.7344079999999997,
        0.876986,
        4.01816,
        1.049135,
        0.0,
        2.695674,
        2.805212,
        3.445875,
        0.157691
    ],
    [
        0.439207,
        1.570559,
        0.831526,
        1.404135,
        0.533522,
        1.808449,
        1.2682200000000001,
        1.4644300000000001,
        1.73604,
        1.1696030000000002,
        2.598673,
        1.33041,
        1.818688,
        2.0735360000000003,
        3.113826,
        2.695674,
        0.0,
        1.1975619999999998,
        2.2797899999999998,
        2.611174
    ],
    [
        0.880276,
        2.013126,
        1.466982,
        1.513673,
        0.8632569999999999,
        2.458672,
        0.177643,
        0.805885,
        1.104007,
        0.166574,
        2.708211,
        0.239834,
        1.9282260000000002,
        1.3967729999999998,
        3.047905,
        2.805212,
        1.1975619999999998,
        0.0,
        1.147635,
        2.7539000000000002
    ],
    [
        1.9625039999999998,
        2.747849,
        2.6142420000000004,
        2.574348,
        1.945485,
        3.681999,
        1.105582,
        1.7127249999999998,
        1.610134,
        1.314209,
        3.348874,
        1.13321,
        2.5825120000000004,
        1.5440509999999998,
        3.753545,
        3.445875,
        2.2797899999999998,
        1.147635,
        0.0,
        3.5263760000000004
    ],
    [
        2.746784,
        1.197392,
        1.7765909999999998,
        1.380376,
        2.698073,
        0.810661,
        2.87244,
        2.240865,
        1.940018,
        2.6985210000000004,
        0.49978300000000003,
        2.825063,
        0.967641,
        4.108815,
        1.175479,
        0.157691,
        2.611174,
        2.7539000000000002,
        3.5263760000000004,
        0.0
    ]
]