[
    [
        0.0,
        1.325896,
        1.2465419999999998,
        0.127842,
        0.77892,
        0.9278540000000001,
        0.009224999999999999,
        1.9011040000000001,
        1.803648,
        1.2750730000000001,
        1.328884,
        0.767706,
        2.043844,
        0.42916000000000004,
        1.21706,
        2.050179,
        0.539818,
        0.699222,
        0.948259,
        2.915149
    ],
    [
        1.325896,
        0.0,
        1.5446739999999999,
        1.2193219999999998,
        1.4770750000000001,
        0.9923930000000001,
        1.268465,
        2.9824859999999997,
        0.5721040000000001,
        0.373301,
        2.197596,
        1.364411,
        0.6355299999999999,
        1.474618,
        2.298442,
        1.157175,
        0.724056,
        1.7168240000000001,
        0.747615,
        2.020819
    ],
    [
        1.2465419999999998,
        1.5446739999999999,
        0.0,
        1.260257,
        1.776753,
        1.676188,
        1.3460750000000001,
        3.0569360000000003,
        1.447067,
        1.720656,
        2.4847159999999997,
        1.765539,
        1.903583,
        1.202182,
        2.372892,
        2.491702,
        1.140357,
        1.8192329999999999,
        0.918867,
        3.229058
    ],
    [
        0.127842,
        1.2193219999999998,
        1.260257,
        0.0,
        0.974024,
        1.1588800000000001,
        0.240251,
        1.9511120000000002,
        1.6758279999999999,
        1.458057,
        1.378892,
        0.998732,
        1.916024,
        0.301339,
        1.267068,
        2.437669,
        0.777759,
        0.7634299999999999,
        0.820438,
        3.3013139999999996
    ],
    [
        0.77892,
        1.4770750000000001,
        1.776753,
        0.974024,
        0.0,
        0.569834,
        0.7696839999999999,
        1.718578,
        2.118507,
        1.376752,
        0.657695,
        0.13811500000000002,
        2.211575,
        0.992085,
        1.034534,
        1.92544,
        0.9705199999999999,
        0.365161,
        1.451663,
        2.79041
    ],
    [
        0.9278540000000001,
        0.9923930000000001,
        1.676188,
        1.1588800000000001,
        0.569834,
        0.0,
        0.923515,
        2.3616729999999997,
        1.534854,
        0.793099,
        1.15984,
        0.459236,
        1.627922,
        1.141594,
        1.6776289999999998,
        1.429338,
        0.64951,
        1.049923,
        1.1353989999999998,
        2.294308
    ],
    [
        0.009224999999999999,
        1.268465,
        1.3460750000000001,
        0.240251,
        0.7696839999999999,
        0.923515,
        0.0,
        2.003226,
        1.794423,
        1.2658479999999999,
        1.431005,
        0.758481,
        2.0346189999999997,
        0.419935,
        1.319182,
        2.040954,
        0.530592,
        0.812175,
        0.939034,
        2.905924
    ],
    [
        1.9011040000000001,
        2.9824859999999997,
        3.0569360000000003,
        1.9511120000000002,
        1.718578,
        2.3616729999999997,
        2.003226,
        0.0,
        3.7419659999999997,
        3.09997,
        1.406336,
        1.916114,
        3.9821619999999998,
        2.230347,
        0.905431,
        3.6567939999999997,
        2.4638760000000004,
        1.5397260000000002,
        2.886576,
        4.583116
    ],
    [
        1.803648,
        0.5721040000000001,
        1.447067,
        1.6758279999999999,
        2.118507,
        1.534854,
        1.794423,
        3.7419659999999997,
        0.0,
        1.0727829999999998,
        2.653209,
        1.9068720000000001,
        0.575078,
        1.698452,
        2.685581,
        1.1631980000000002,
        1.209004,
        2.1039630000000002,
        0.993823,
        1.9005530000000002
    ],
    [
        1.2750730000000001,
        0.373301,
        1.720656,
        1.458057,
        1.376752,
        0.793099,
        1.2658479999999999,
        3.09997,
        1.0727829999999998,
        0.0,
        1.8242960000000001,
        1.1651179999999999,
        0.901095,
        1.483202,
        2.244726,
        1.115341,
        0.805842,
        1.663108,
        1.026705,
        1.981958
    ],
    [
        1.328884,
        2.197596,
        2.4847159999999997,
        1.378892,
        0.657695,
        1.15984,
        1.431005,
        1.406336,
        2.653209,
        1.8242960000000001,
        0.0,
        0.769497,
        2.659042,
        1.472913,
        0.6774560000000001,
        2.27414,
        1.562248,
        0.5583680000000001,
        2.129143,
        3.200462
    ],
    [
        0.767706,
        1.364411,
        1.765539,
        0.998732,
        0.13811500000000002,
        0.459236,
        0.758481,
        1.916114,
        1.9068720000000001,
        1.1651179999999999,
        0.769497,
        0.0,
        2.0838989999999997,
        0.9808709999999999,
        1.054883,
        1.797763,
        0.959307,
        0.385509,
        1.440449,
        2.6627330000000002
    ],
    [
        2.043844,
        0.6355299999999999,
        1.903583,
        1.916024,
        2.211575,
        1.627922,
        2.0346189999999997,
        3.9821619999999998,
        0.575078,
        0.901095,
        2.659042,
        2.0838989999999997,
        0.0,
        2.003847,
        2.8698780000000004,
        0.6805549999999999,
        1.3645740000000002,
        2.28826,
        1.276844,
        1.392095
    ],
    [
        0.42916000000000004,
        1.474618,
        1.202182,
        0.301339,
        0.992085,
        1.141594,
        0.419935,
        2.230347,
        1.698452,
        1.483202,
        1.472913,
        0.9808709999999999,
        2.003847,
        0.0,
        1.342744,
        2.463839,
        0.8039299999999999,
        0.892227,
        0.8466090000000001,
        3.327484
    ],
    [
        1.21706,
        2.298442,
        2.372892,
        1.267068,
        1.034534,
        1.6776289999999998,
        1.319182,
        0.905431,
        2.685581,
        2.244726,
        0.6774560000000001,
        1.054883,
        2.8698780000000004,
        1.342744,
        0.0,
        3.017816,
        1.594619,
        0.670468,
        2.017319,
        3.9441379999999997
    ],
    [
        2.050179,
        1.157175,
        2.491702,
        2.437669,
        1.92544,
        1.429338,
        2.040954,
        3.6567939999999997,
        1.1631980000000002,
        1.115341,
        2.27414,
        1.797763,
        0.6805549999999999,
        2.463839,
        3.017816,
        0.0,
        1.828758,
        2.591688,
        1.7987460000000002,
        0.8715660000000001
    ],
    [
        0.539818,
        0.724056,
        1.140357,
        0.777759,
        0.9705199999999999,
        0.64951,
        0.530592,
        2.4638760000000004,
        1.209004,
        0.805842,
        1.562248,
        0.959307,
        1.3645740000000002,
        0.8039299999999999,
        1.594619,
        1.828758,
        0.0,
        1.0714949999999999,
        0.5925549999999999,
        2.575596
    ],
    [
        0.699222,
        1.7168240000000001,
        1.8192329999999999,
        0.7634299999999999,
        0.365161,
        1.049923,
        0.812175,
        1.5397260000000002,
        2.1039630000000002,
        1.663108,
        0.5583680000000001,
        0.385509,
        2.28826,
        0.892227,
        0.670468,
        2.591688,
        1.0714949999999999,
        0.0,
        1.513681,
        3.28917
    ],
    [
        0.948259,
        0.747615,
        0.918867,
        0.820438,
        1.451663,
        1.1353989999999998,
        0.939034,
        2.886576,
        0.993823,
        1.026705,
        2.129143,
        1.440449,
        1.276844,
        0.8466090000000001,
        2.017319,
        1.7987460000000002,
        0.5925549999999999,
        1.513681,
        0.0,
        2.663518
    ],
    [
        2.915149,
        2.020819,
        3.229058,
        3.3013139999999996,
        2.79041,
        2.294308,
        2.905924,
        4.583116,
        1.9005530000000002,
        1.981958,
        3.200462,
        2.6627330000000002,
        1.392095,
        3.327484,
        3.9441379999999997,
        0.8715660000000001,
        2.575596,
        3.28917,
        2.663518,
        0.0
    ]
]