[
    [
        0.0,
        0.699635,
        0.7574890000000001,
        0.628229,
        1.2296230000000001,
        1.226989,
        1.3874549999999999,
        1.25057,
        1.7423810000000002,
        0.555566,
        1.0412219999999999,
        1.271776,
        0.34939600000000004,
        1.05504,
        0.8279569999999999,
        0.6993809999999999,
        1.247805,
        1.116793,
        0.06777899999999999,
        1.1178130000000002,
        1.105057,
        1.024316,
        1.7541900000000001,
        2.873034,
        1.751681,
        2.711147,
        1.3968340000000001,
        1.169733,
        1.386995,
        1.1725809999999999,
        0.931334,
        1.170806,
        0.9625499999999999,
        1.1806800000000002,
        0.893226,
        1.026902,
        2.930599,
        1.570489,
        0.072791,
        0.143006,
        0.456175,
        0.881488,
        0.7469439999999999,
        0.630675,
        0.276694,
        2.353447,
        1.256103,
        0.395792,
        1.0993130000000002,
        0.360894,
        1.280398,
        0.218962,
        1.4864849999999998,
        0.667742,
        0.935952,
        1.331264,
        1.683455,
        1.271481,
        0.24330600000000002,
        1.214275
    ],
    [
        0.699635,
        0.0,
        0.9732970000000001,
        0.794095,
        0.861281,
        0.8586480000000001,
        0.973993,
        0.8371069999999999,
        1.320905,
        0.790746,
        0.851009,
        0.858313,
        0.610375,
        0.642792,
        1.284211,
        0.21285900000000002,
        0.835557,
        0.7397659999999999,
        0.457021,
        0.798531,
        0.692809,
        0.612068,
        2.3194969999999997,
        2.272712,
        1.73893,
        2.3193,
        0.984586,
        0.761689,
        0.9747469999999999,
        0.764536,
        0.710881,
        0.758558,
        0.359499,
        0.767217,
        1.169859,
        0.614653,
        2.518014,
        1.790559,
        0.525102,
        0.504119,
        0.072514,
        0.513146,
        0.334695,
        0.479244,
        0.765306,
        1.9851050000000001,
        0.653052,
        0.594977,
        0.688562,
        0.320308,
        0.86815,
        0.317536,
        0.883433,
        0.833607,
        0.332901,
        0.919015,
        1.269992,
        0.858019,
        0.673431,
        0.8020259999999999
    ],
    [
        0.7574890000000001,
        0.9732970000000001,
        0.0,
        1.270729,
        0.821866,
        0.8423379999999999,
        1.8527419999999999,
        1.613616,
        1.3908260000000001,
        1.198067,
        0.283733,
        1.648456,
        0.5473250000000001,
        1.477613,
        1.679414,
        1.074913,
        1.740568,
        0.5178959999999999,
        0.69875,
        0.512051,
        1.614911,
        1.534171,
        1.431004,
        2.451779,
        2.392974,
        1.953659,
        1.82046,
        1.683791,
        1.896849,
        1.6866379999999999,
        0.33243700000000004,
        1.680661,
        0.979188,
        1.629271,
        0.270566,
        1.536756,
        2.173111,
        0.84981,
        0.766832,
        0.648803,
        0.9130860000000001,
        0.7587910000000001,
        1.256798,
        0.7971710000000001,
        0.919194,
        2.001429,
        1.077975,
        0.8158200000000001,
        1.550616,
        0.963737,
        1.704024,
        0.820184,
        1.10774,
        1.310242,
        1.005787,
        1.754889,
        2.132047,
        1.6481620000000001,
        0.8081889999999999,
        1.7241289999999998
    ],
    [
        0.628229,
        0.794095,
        1.270729,
        0.0,
        1.633764,
        1.631131,
        1.090793,
        1.212203,
        2.093388,
        0.068768,
        1.554463,
        1.142439,
        0.862637,
        0.885024,
        0.760503,
        0.868813,
        0.857159,
        1.512249,
        0.609149,
        1.571015,
        0.611614,
        0.646437,
        2.358629,
        3.045195,
        1.1791530000000001,
        3.0917820000000003,
        1.001482,
        0.547308,
        0.83514,
        0.550155,
        1.444574,
        0.648518,
        1.131982,
        1.0513430000000001,
        1.4064670000000001,
        0.607472,
        3.290497,
        2.085823,
        0.67723,
        0.6562469999999999,
        0.78851,
        1.285629,
        0.6230289999999999,
        1.143916,
        0.35153500000000004,
        2.757589,
        1.425535,
        0.9144070000000001,
        0.969664,
        0.518955,
        0.885273,
        0.6780109999999999,
        1.6559169999999999,
        0.039513,
        1.105384,
        0.932585,
        1.3644269999999998,
        1.142145,
        0.8255589999999999,
        0.691987
    ],
    [
        1.2296230000000001,
        0.861281,
        0.821866,
        1.633764,
        0.0,
        0.020471,
        1.458911,
        1.060821,
        0.578093,
        1.6304159999999999,
        0.586101,
        1.214938,
        0.880227,
        1.253329,
        2.12388,
        0.850629,
        1.516285,
        0.5159779999999999,
        1.125981,
        0.594419,
        1.4575060000000002,
        1.3023019999999998,
        2.222011,
        1.63951,
        2.578599,
        1.491951,
        1.596176,
        1.526386,
        1.739444,
        1.529234,
        0.655624,
        1.523255,
        0.566274,
        1.23426,
        1.09241,
        1.3793510000000002,
        1.690666,
        1.54959,
        1.194062,
        1.119767,
        0.73299,
        0.348135,
        1.099393,
        0.749096,
        1.390158,
        1.189159,
        0.36480399999999996,
        0.864829,
        1.243861,
        1.159977,
        1.47974,
        0.9776269999999999,
        0.292938,
        1.6732770000000001,
        0.592872,
        1.4609020000000001,
        1.7382149999999998,
        1.215233,
        1.279153,
        1.566724
    ],
    [
        1.226989,
        0.8586480000000001,
        0.8423379999999999,
        1.631131,
        0.020471,
        0.0,
        1.456277,
        1.0581880000000001,
        0.5754600000000001,
        1.6277819999999998,
        0.606572,
        1.212305,
        0.8775940000000001,
        1.2506959999999998,
        2.121247,
        0.847996,
        1.513651,
        0.513344,
        1.1233469999999999,
        0.48178,
        1.454873,
        1.2996679999999998,
        2.242483,
        1.636876,
        2.5759659999999998,
        1.506581,
        1.593542,
        1.523753,
        1.73681,
        1.5266,
        0.676095,
        1.5206220000000001,
        0.56364,
        1.231627,
        1.112881,
        1.3767170000000002,
        1.7052960000000001,
        1.5700619999999998,
        1.1914280000000002,
        1.117133,
        0.730356,
        0.34550200000000003,
        1.096759,
        0.746463,
        1.387524,
        1.186526,
        0.36217099999999997,
        0.862195,
        1.241227,
        1.1573440000000002,
        1.477106,
        0.974993,
        0.290305,
        1.670643,
        0.5902390000000001,
        1.4582680000000001,
        1.7355820000000002,
        1.212599,
        1.276519,
        1.56409
    ],
    [
        1.3874549999999999,
        0.973993,
        1.8527419999999999,
        1.090793,
        1.458911,
        1.456277,
        0.0,
        0.40690899999999997,
        1.680307,
        1.060276,
        1.568573,
        0.338627,
        1.444094,
        0.370241,
        1.83744,
        0.777492,
        0.35472899999999996,
        1.211327,
        1.342365,
        1.2700930000000001,
        0.569865,
        0.489525,
        3.046567,
        2.614991,
        1.667479,
        2.81437,
        0.378675,
        0.580069,
        0.5594,
        0.540116,
        1.41332,
        0.442275,
        0.783436,
        0.258669,
        1.89693,
        0.586179,
        3.0130850000000002,
        2.532063,
        1.4104459999999999,
        1.389464,
        1.035532,
        1.043485,
        0.6846420000000001,
        1.312964,
        1.318534,
        2.4531370000000003,
        1.0481500000000001,
        1.428696,
        0.28845499999999996,
        1.096748,
        0.217076,
        1.233818,
        1.278532,
        1.106715,
        0.756837,
        0.176113,
        0.36147,
        0.33833300000000005,
        1.5587760000000002,
        0.39880099999999996
    ],
    [
        1.25057,
        0.8371069999999999,
        1.613616,
        1.212203,
        1.060821,
        1.0581880000000001,
        0.40690899999999997,
        0.0,
        1.350417,
        1.201391,
        1.4061210000000002,
        0.08301900000000001,
        1.312042,
        0.413723,
        1.9785540000000001,
        0.64544,
        0.675123,
        1.0794110000000001,
        1.183471,
        1.1381759999999999,
        0.871133,
        0.633532,
        2.9146509999999997,
        2.285101,
        2.016325,
        2.484481,
        0.7555299999999999,
        0.900463,
        0.932003,
        0.841384,
        1.281404,
        0.7626689999999999,
        0.6512960000000001,
        0.164223,
        1.7650139999999999,
        0.78135,
        2.683195,
        2.36961,
        1.251552,
        1.230569,
        0.9034800000000001,
        0.9115679999999999,
        0.638638,
        1.180911,
        1.459649,
        2.1232480000000002,
        0.721091,
        1.296643,
        0.24253899999999998,
        0.9378540000000001,
        0.535577,
        1.074924,
        0.969223,
        1.244252,
        0.6246970000000001,
        0.49799200000000005,
        0.732336,
        0.08272499999999999,
        1.399882,
        0.719195
    ],
    [
        1.7423810000000002,
        1.320905,
        1.3908260000000001,
        2.093388,
        0.578093,
        0.5754600000000001,
        1.680307,
        1.350417,
        0.0,
        2.143174,
        1.117883,
        1.343625,
        1.392985,
        1.683688,
        2.636638,
        1.363387,
        1.94852,
        1.028736,
        1.638739,
        0.997171,
        1.9702639999999998,
        1.81506,
        2.753793,
        1.217773,
        3.091357,
        1.1340640000000002,
        2.028927,
        2.039144,
        2.2054,
        2.041991,
        1.140399,
        2.036066,
        1.079032,
        1.5026169999999999,
        1.624191,
        1.8921089999999998,
        1.332778,
        2.081372,
        1.70682,
        1.632525,
        1.245748,
        0.860893,
        1.6121510000000001,
        1.261854,
        1.9029159999999998,
        0.7722720000000001,
        0.6798780000000001,
        1.377587,
        1.559636,
        1.6727349999999999,
        1.8089739999999999,
        1.490385,
        0.6095320000000001,
        2.186035,
        1.1056300000000001,
        1.7713889999999999,
        2.005734,
        1.34392,
        1.791911,
        1.9925920000000001
    ],
    [
        0.555566,
        0.790746,
        1.198067,
        0.068768,
        1.6304159999999999,
        1.6277819999999998,
        1.060276,
        1.201391,
        2.143174,
        0.0,
        1.4818,
        1.190435,
        0.7899740000000001,
        0.93302,
        0.68784,
        0.9690650000000001,
        0.9051549999999999,
        1.557371,
        0.536486,
        1.558391,
        0.659611,
        0.694434,
        2.2859659999999997,
        3.1454470000000003,
        1.2271489999999998,
        3.151725,
        1.0494780000000001,
        0.5953039999999999,
        0.883137,
        0.598151,
        1.371912,
        0.696515,
        1.2322339999999998,
        1.0993389999999998,
        1.333804,
        0.6554679999999999,
        3.3711770000000003,
        2.011067,
        0.604567,
        0.583584,
        0.8887619999999999,
        1.385882,
        0.723281,
        1.071254,
        0.278873,
        2.857841,
        1.525787,
        0.841744,
        1.01766,
        0.619207,
        0.9332699999999999,
        0.686643,
        1.756169,
        0.10828,
        1.205636,
        0.980581,
        1.412423,
        1.1901410000000001,
        0.752897,
        0.739983
    ],
    [
        1.0412219999999999,
        0.851009,
        0.283733,
        1.554463,
        0.586101,
        0.606572,
        1.568573,
        1.4061210000000002,
        1.117883,
        1.4818,
        0.0,
        1.507811,
        0.846307,
        1.309936,
        1.978395,
        0.907235,
        1.572891,
        0.34071300000000004,
        0.997732,
        0.335019,
        1.447234,
        1.366493,
        1.64509,
        2.216014,
        2.3722570000000003,
        1.683642,
        1.652782,
        1.516114,
        1.729171,
        1.518961,
        0.164759,
        1.512983,
        0.838543,
        1.50653,
        0.569547,
        1.369078,
        1.903094,
        0.972669,
        1.0658130000000001,
        0.947784,
        0.7454080000000001,
        0.618146,
        1.0891199999999999,
        0.668334,
        1.218176,
        1.765664,
        0.872957,
        0.784066,
        1.382938,
        1.262718,
        1.536346,
        0.896864,
        0.8719750000000001,
        1.609224,
        0.8651420000000001,
        1.587211,
        2.010485,
        1.507517,
        1.10717,
        1.556451
    ],
    [
        1.271776,
        0.858313,
        1.648456,
        1.142439,
        1.214938,
        1.212305,
        0.338627,
        0.08301900000000001,
        1.343625,
        1.190435,
        1.507811,
        0.0,
        1.3525930000000002,
        0.34544,
        1.910272,
        0.685991,
        0.606841,
        1.1142509999999999,
        1.250864,
        1.173016,
        0.802851,
        0.565249,
        2.949491,
        2.27831,
        1.948043,
        2.477689,
        0.6872480000000001,
        0.8321810000000001,
        0.863721,
        0.773101,
        1.3162429999999998,
        0.694386,
        0.6861349999999999,
        0.09109600000000001,
        1.7998530000000001,
        0.713067,
        2.6764029999999996,
        2.452518,
        1.318945,
        1.297962,
        0.944031,
        0.946408,
        0.559613,
        1.221462,
        1.391367,
        2.1164560000000003,
        0.714299,
        1.337194,
        0.172775,
        1.005247,
        0.467294,
        1.142317,
        0.962431,
        1.175969,
        0.659537,
        0.42971,
        0.6640539999999999,
        0.00029499999999999996,
        1.467275,
        0.650913
    ],
    [
        0.34939600000000004,
        0.610375,
        0.5473250000000001,
        0.862637,
        0.880227,
        0.8775940000000001,
        1.444094,
        1.312042,
        1.392985,
        0.7899740000000001,
        0.846307,
        1.3525930000000002,
        0.0,
        1.069302,
        1.169691,
        0.666602,
        1.332257,
        0.763867,
        0.290658,
        0.764887,
        1.2066,
        1.125859,
        1.8327,
        2.454402,
        1.9848810000000001,
        2.3382449999999997,
        1.412148,
        1.27548,
        1.488538,
        1.278327,
        0.72117,
        1.272349,
        0.778168,
        1.22096,
        0.683063,
        1.128445,
        2.53696,
        1.362419,
        0.358739,
        0.24071,
        0.476795,
        0.532092,
        0.848486,
        0.28128,
        0.511101,
        2.004051,
        1.047329,
        0.26833300000000004,
        1.142304,
        0.555644,
        1.295712,
        0.381131,
        1.1078299999999999,
        0.902149,
        0.804766,
        1.346578,
        1.7237349999999998,
        1.311761,
        0.400096,
        1.315817
    ],
    [
        1.05504,
        0.642792,
        1.477613,
        0.885024,
        1.253329,
        1.2506959999999998,
        0.370241,
        0.413723,
        1.683688,
        0.93302,
        1.309936,
        0.34544,
        1.069302,
        0.0,
        1.5818240000000001,
        0.4027,
        0.301819,
        1.130992,
        0.9972960000000001,
        1.189757,
        0.497829,
        0.19620400000000002,
        2.7467759999999997,
        2.6103620000000003,
        1.643022,
        2.710525,
        0.38171,
        0.527159,
        0.5611,
        0.46808,
        1.169808,
        0.389365,
        0.653875,
        0.24485200000000001,
        1.628787,
        0.393745,
        2.9092399999999996,
        2.249486,
        1.065377,
        1.044395,
        0.66074,
        0.904372,
        0.314401,
        0.9381710000000001,
        1.0629190000000002,
        2.376331,
        0.987388,
        1.053903,
        0.170307,
        0.751679,
        0.221473,
        0.888749,
        1.21777,
        0.847522,
        0.627276,
        0.25524199999999997,
        0.666241,
        0.335654,
        1.213707,
        0.345891
    ],
    [
        0.8279569999999999,
        1.284211,
        1.679414,
        0.760503,
        2.12388,
        2.121247,
        1.83744,
        1.9785540000000001,
        2.636638,
        0.68784,
        1.978395,
        1.910272,
        1.169691,
        1.5818240000000001,
        0.0,
        1.358929,
        1.530552,
        2.067578,
        1.0647719999999998,
        2.068597,
        1.3510199999999999,
        1.3118299999999998,
        1.879224,
        3.5325819999999997,
        1.338176,
        3.633533,
        1.8100999999999998,
        1.342688,
        1.63071,
        1.3455350000000001,
        1.882118,
        1.416769,
        1.622098,
        1.716736,
        1.407838,
        1.272865,
        3.852986,
        1.995173,
        0.987651,
        1.114774,
        1.4531690000000002,
        1.878481,
        1.113145,
        1.627669,
        0.668736,
        3.35044,
        1.915651,
        1.392786,
        1.635057,
        1.0090700000000001,
        1.562147,
        1.215955,
        2.146032,
        0.916252,
        1.595499,
        1.609458,
        2.0980079999999997,
        1.807537,
        0.945462,
        1.460237
    ],
    [
        0.6993809999999999,
        0.21285900000000002,
        1.074913,
        0.868813,
        0.850629,
        0.847996,
        0.777492,
        0.64544,
        1.363387,
        0.9690650000000001,
        0.907235,
        0.685991,
        0.666602,
        0.4027,
        1.358929,
        0.0,
        0.6656559999999999,
        0.729114,
        0.6406430000000001,
        0.787879,
        0.626133,
        0.451673,
        2.375724,
        2.261237,
        1.7251500000000002,
        2.307824,
        0.745546,
        0.695013,
        0.924936,
        0.697861,
        0.7671079999999999,
        0.691883,
        0.34884699999999996,
        0.5570689999999999,
        1.226086,
        0.547978,
        2.506539,
        1.846786,
        0.708724,
        0.6877409999999999,
        0.25804000000000005,
        0.501671,
        0.26802,
        0.535471,
        0.8400230000000001,
        1.9736300000000002,
        0.641577,
        0.651203,
        0.475703,
        0.39502499999999996,
        0.629111,
        0.532096,
        0.871958,
        0.908325,
        0.322248,
        0.679976,
        1.059844,
        0.6478700000000001,
        0.857054,
        0.709727
    ],
    [
        1.247805,
        0.835557,
        1.740568,
        0.857159,
        1.516285,
        1.513651,
        0.35472899999999996,
        0.675123,
        1.94852,
        0.9051549999999999,
        1.572891,
        0.606841,
        1.332257,
        0.301819,
        1.530552,
        0.6656559999999999,
        0.0,
        1.360673,
        1.1900609999999998,
        1.4194380000000002,
        0.336231,
        0.255733,
        2.939541,
        2.863366,
        1.370245,
        2.9402060000000003,
        0.145501,
        0.346435,
        0.262081,
        0.306481,
        1.399489,
        0.20864,
        0.91683,
        0.49785700000000005,
        1.858467,
        0.352545,
        3.138921,
        2.479167,
        1.258142,
        1.2371590000000001,
        0.881732,
        1.1340530000000002,
        0.507166,
        1.167853,
        1.080719,
        2.606012,
        1.2873379999999999,
        1.283585,
        0.451382,
        0.944443,
        0.149209,
        1.0815139999999999,
        1.517719,
        0.8730800000000001,
        0.890231,
        0.19652099999999997,
        0.511707,
        0.588658,
        1.406471,
        0.165166
    ],
    [
        1.116793,
        0.7397659999999999,
        0.5178959999999999,
        1.512249,
        0.5159779999999999,
        0.513344,
        1.211327,
        1.0794110000000001,
        1.028736,
        1.557371,
        0.34071300000000004,
        1.1142509999999999,
        0.763867,
        1.130992,
        2.067578,
        0.729114,
        1.360673,
        0.0,
        1.058055,
        0.062221,
        1.333733,
        1.178529,
        1.818707,
        2.077556,
        2.454826,
        1.8910550000000002,
        1.472402,
        1.402613,
        1.615671,
        1.40546,
        0.18546,
        1.399482,
        0.444759,
        1.1127449999999999,
        0.66907,
        1.255578,
        2.08977,
        1.304202,
        1.126136,
        1.008108,
        0.609217,
        0.224362,
        0.975619,
        0.647591,
        1.278499,
        1.627206,
        0.695584,
        0.763323,
        1.122346,
        1.036204,
        1.3559670000000001,
        0.8761209999999999,
        0.730985,
        1.549504,
        0.471357,
        1.3393869999999999,
        1.6167,
        1.113732,
        1.167493,
        1.44295
    ],
    [
        0.06777899999999999,
        0.457021,
        0.69875,
        0.609149,
        1.125981,
        1.1233469999999999,
        1.342365,
        1.183471,
        1.638739,
        0.536486,
        0.997732,
        1.250864,
        0.290658,
        0.9972960000000001,
        1.0647719999999998,
        0.6406430000000001,
        1.1900609999999998,
        1.058055,
        0.0,
        1.059075,
        1.046319,
        0.9655779999999999,
        1.758521,
        2.8142959999999997,
        1.731393,
        2.652409,
        1.338096,
        1.1494449999999998,
        1.328257,
        1.1522929999999998,
        0.872596,
        1.112068,
        0.9038120000000001,
        1.121942,
        0.834488,
        0.968164,
        2.871861,
        1.513844,
        0.077122,
        0.084268,
        0.397437,
        0.82275,
        0.6882050000000001,
        0.571937,
        0.257613,
        2.2947089999999997,
        1.197365,
        0.33705399999999996,
        1.040576,
        0.302156,
        1.221661,
        0.160223,
        1.427747,
        0.6486609999999999,
        0.877214,
        1.272526,
        1.6247170000000002,
        1.212743,
        0.247637,
        1.1555360000000001
    ],
    [
        1.1178130000000002,
        0.798531,
        0.512051,
        1.571015,
        0.594419,
        0.48178,
        1.2700930000000001,
        1.1381759999999999,
        0.997171,
        1.558391,
        0.335019,
        1.173016,
        0.764887,
        1.189757,
        2.068597,
        0.787879,
        1.4194380000000002,
        0.062221,
        1.059075,
        0.0,
        1.392498,
        1.2372940000000001,
        1.819727,
        2.0585880000000003,
        2.3525329999999998,
        1.885362,
        1.531167,
        1.4613779999999998,
        1.6744359999999998,
        1.464226,
        0.186479,
        1.458247,
        0.503524,
        1.171511,
        0.670089,
        1.314343,
        2.084076,
        1.298509,
        1.127156,
        1.0091269999999999,
        0.667982,
        0.283127,
        1.0343849999999999,
        0.6486109999999999,
        1.279518,
        1.6082370000000001,
        0.754349,
        0.764343,
        1.181111,
        1.042449,
        1.4147319999999999,
        0.877141,
        0.712016,
        1.447211,
        0.530122,
        1.398152,
        1.675465,
        1.1724970000000001,
        1.168513,
        1.5017159999999998
    ],
    [
        1.105057,
        0.692809,
        1.614911,
        0.611614,
        1.4575060000000002,
        1.454873,
        0.569865,
        0.871133,
        1.9702639999999998,
        0.659611,
        1.447234,
        0.802851,
        1.2066,
        0.497829,
        1.3510199999999999,
        0.626133,
        0.336231,
        1.333733,
        1.046319,
        1.392498,
        0.0,
        0.26992099999999997,
        2.802789,
        2.8759259999999998,
        1.2118030000000002,
        2.922514,
        0.480554,
        0.180821,
        0.341311,
        0.12433499999999999,
        1.314096,
        0.12759099999999998,
        0.9627129999999999,
        0.693867,
        1.773074,
        0.085145,
        3.121229,
        2.393773,
        1.12139,
        1.100407,
        0.7449790000000001,
        1.1163610000000002,
        0.37041399999999997,
        1.082459,
        0.908361,
        2.58832,
        1.256266,
        1.198191,
        0.6473920000000001,
        0.807691,
        0.364346,
        0.944762,
        1.486648,
        0.628058,
        0.936115,
        0.411657,
        0.843499,
        0.784668,
        1.269719,
        0.171059
    ],
    [
        1.024316,
        0.612068,
        1.534171,
        0.646437,
        1.3023019999999998,
        1.2996679999999998,
        0.489525,
        0.633532,
        1.81506,
        0.694434,
        1.366493,
        0.565249,
        1.125859,
        0.19620400000000002,
        1.3118299999999998,
        0.451673,
        0.255733,
        1.178529,
        0.9655779999999999,
        1.2372940000000001,
        0.26992099999999997,
        0.0,
        2.715059,
        2.7129090000000002,
        1.383195,
        2.7594969999999996,
        0.400214,
        0.353058,
        0.5132519999999999,
        0.291439,
        1.226365,
        0.266732,
        0.800519,
        0.452972,
        1.685344,
        0.18388300000000002,
        2.958212,
        2.3060430000000003,
        1.033659,
        1.012677,
        0.657249,
        0.9533440000000001,
        0.28268400000000005,
        0.9947290000000001,
        0.862182,
        2.425303,
        1.09325,
        1.110461,
        0.397594,
        0.719961,
        0.284005,
        0.857032,
        1.323631,
        0.6467849999999999,
        0.7739210000000001,
        0.33131700000000003,
        0.763159,
        0.5437730000000001,
        1.181989,
        0.29475799999999996
    ],
    [
        1.7541900000000001,
        2.3194969999999997,
        1.431004,
        2.358629,
        2.222011,
        2.242483,
        3.046567,
        2.9146509999999997,
        2.753793,
        2.2859659999999997,
        1.64509,
        2.949491,
        1.8327,
        2.7467759999999997,
        1.879224,
        2.375724,
        2.939541,
        1.818707,
        1.758521,
        1.819727,
        2.802789,
        2.715059,
        0.0,
        3.695812,
        3.178158,
        3.095422,
        3.0900309999999998,
        2.90138,
        3.0801909999999997,
        2.9042269999999997,
        1.629484,
        2.8640030000000003,
        2.2762350000000002,
        2.873876,
        1.143073,
        2.720098,
        2.97363,
        0.676905,
        1.683853,
        1.810977,
        2.210133,
        2.055838,
        2.44014,
        2.075241,
        1.9972,
        3.2454609999999997,
        2.52706,
        2.020601,
        2.79251,
        2.05409,
        2.973595,
        1.9121579999999998,
        2.53635,
        2.3882489999999996,
        2.302833,
        3.02446,
        3.376651,
        2.964677,
        1.641664,
        2.907471
    ],
    [
        2.873034,
        2.272712,
        2.451779,
        3.045195,
        1.63951,
        1.636876,
        2.614991,
        2.285101,
        1.217773,
        3.1454470000000003,
        2.216014,
        2.27831,
        2.454402,
        2.6103620000000003,
        3.5325819999999997,
        2.261237,
        2.863366,
        2.077556,
        2.8142959999999997,
        2.0585880000000003,
        2.8759259999999998,
        2.7129090000000002,
        3.695812,
        0.0,
        3.9851579999999998,
        1.512574,
        2.960302,
        3.02248,
        3.136775,
        3.046156,
        2.201815,
        2.967441,
        1.923846,
        2.4339920000000004,
        2.685608,
        2.875445,
        1.711288,
        3.0121860000000003,
        2.768237,
        2.6939409999999997,
        2.160681,
        1.92231,
        2.5954859999999997,
        2.323271,
        3.011534,
        0.495919,
        1.626813,
        2.439003,
        2.491011,
        2.566536,
        2.740349,
        2.5518009999999998,
        1.556467,
        3.079836,
        1.950444,
        2.702764,
        2.9371080000000003,
        2.2752950000000003,
        2.853327,
        2.923967
    ],
    [
        1.751681,
        1.73893,
        2.392974,
        1.1791530000000001,
        2.578599,
        2.5759659999999998,
        1.667479,
        2.016325,
        3.091357,
        1.2271489999999998,
        2.3722570000000003,
        1.948043,
        1.9848810000000001,
        1.643022,
        1.338176,
        1.7251500000000002,
        1.370245,
        2.454826,
        1.731393,
        2.3525329999999998,
        1.2118030000000002,
        1.383195,
        3.178158,
        3.9851579999999998,
        0.0,
        4.036618,
        1.302394,
        1.178082,
        1.123004,
        1.174831,
        2.4312199999999997,
        1.265748,
        2.076817,
        1.842383,
        2.531733,
        1.294526,
        4.2353320000000005,
        3.244952,
        1.802495,
        1.781512,
        1.7333450000000001,
        2.230464,
        1.549542,
        2.1995839999999998,
        1.375969,
        3.702424,
        2.37037,
        1.946543,
        1.795924,
        1.4668109999999999,
        1.519156,
        1.625867,
        2.6007510000000003,
        1.179585,
        2.0502190000000002,
        1.5570160000000002,
        1.5903019999999999,
        1.933184,
        1.950825,
        1.309216
    ],
    [
        2.711147,
        2.3193,
        1.953659,
        3.0917820000000003,
        1.491951,
        1.506581,
        2.81437,
        2.484481,
        1.1340640000000002,
        3.151725,
        1.683642,
        2.477689,
        2.3382449999999997,
        2.710525,
        3.633533,
        2.307824,
        2.9402060000000003,
        1.8910550000000002,
        2.652409,
        1.885362,
        2.922514,
        2.7594969999999996,
        3.095422,
        1.512574,
        4.036618,
        0.0,
        3.0395309999999998,
        2.969742,
        3.1828000000000003,
        2.9725900000000003,
        1.80589,
        2.966611,
        2.00963,
        2.556788,
        2.21385,
        2.822707,
        0.293566,
        2.416534,
        2.710116,
        2.592087,
        2.176346,
        1.791491,
        2.5427489999999997,
        2.1924520000000003,
        2.862478,
        1.050441,
        1.754354,
        2.308185,
        2.682236,
        2.603333,
        2.931574,
        2.420983,
        1.5727929999999999,
        3.1166329999999998,
        2.036228,
        2.893989,
        3.128333,
        2.46652,
        2.751473,
        3.01008
    ],
    [
        1.3968340000000001,
        0.984586,
        1.82046,
        1.001482,
        1.596176,
        1.593542,
        0.378675,
        0.7555299999999999,
        2.028927,
        1.0494780000000001,
        1.652782,
        0.6872480000000001,
        1.412148,
        0.38171,
        1.8100999999999998,
        0.745546,
        0.145501,
        1.472402,
        1.338096,
        1.531167,
        0.480554,
        0.400214,
        3.0900309999999998,
        2.960302,
        1.302394,
        3.0395309999999998,
        0.0,
        0.46722199999999997,
        0.17939,
        0.44975099999999996,
        1.512654,
        0.352723,
        0.996721,
        0.577748,
        1.971632,
        0.49662799999999996,
        3.252086,
        2.592332,
        1.399297,
        1.378314,
        1.003586,
        1.2472180000000002,
        0.648321,
        1.281018,
        1.229223,
        2.719177,
        1.367229,
        1.39675,
        0.531273,
        1.085598,
        0.2291,
        1.222669,
        1.59761,
        1.017163,
        0.9701219999999999,
        0.25403200000000004,
        0.419027,
        0.668549,
        1.5476269999999999,
        0.309249
    ],
    [
        1.169733,
        0.761689,
        1.683791,
        0.547308,
        1.526386,
        1.523753,
        0.580069,
        0.900463,
        2.039144,
        0.5953039999999999,
        1.516114,
        0.8321810000000001,
        1.27548,
        0.527159,
        1.342688,
        0.695013,
        0.346435,
        1.402613,
        1.1494449999999998,
        1.4613779999999998,
        0.180821,
        0.353058,
        2.90138,
        3.02248,
        1.178082,
        2.969742,
        0.46722199999999997,
        0.0,
        0.287832,
        0.056485999999999995,
        1.3759860000000002,
        0.137795,
        1.024604,
        0.723197,
        1.8968669999999999,
        0.179757,
        3.183119,
        2.455664,
        1.1676289999999998,
        1.146646,
        0.80687,
        1.178251,
        0.43230399999999997,
        1.1443489999999998,
        0.8431420000000001,
        2.65021,
        1.318157,
        1.260081,
        0.6767219999999999,
        0.831945,
        0.37454899999999997,
        0.991001,
        1.548538,
        0.5637519999999999,
        0.998005,
        0.421861,
        0.766915,
        0.813998,
        1.315959,
        0.181263
    ],
    [
        1.386995,
        0.9747469999999999,
        1.896849,
        0.83514,
        1.739444,
        1.73681,
        0.5594,
        0.932003,
        2.2054,
        0.883137,
        1.729171,
        0.863721,
        1.488538,
        0.5611,
        1.63071,
        0.924936,
        0.262081,
        1.615671,
        1.328257,
        1.6744359999999998,
        0.341311,
        0.5132519999999999,
        3.0801909999999997,
        3.136775,
        1.123004,
        3.1828000000000003,
        0.17939,
        0.287832,
        0.0,
        0.313446,
        1.5890440000000001,
        0.278314,
        1.1763219999999999,
        0.757717,
        2.048022,
        0.367082,
        3.3961770000000002,
        2.6687220000000003,
        1.3963379999999999,
        1.375355,
        1.019927,
        1.391309,
        0.645362,
        1.357407,
        1.1309749999999998,
        2.863268,
        1.54683,
        1.473139,
        0.7108909999999999,
        1.082639,
        0.396152,
        1.21971,
        1.777212,
        0.8515839999999999,
        1.149724,
        0.43401100000000004,
        0.480449,
        0.848518,
        1.544668,
        0.296836
    ],
    [
        1.1725809999999999,
        0.764536,
        1.6866379999999999,
        0.550155,
        1.529234,
        1.5266,
        0.540116,
        0.841384,
        2.041991,
        0.598151,
        1.518961,
        0.773101,
        1.278327,
        0.46808,
        1.3455350000000001,
        0.697861,
        0.306481,
        1.40546,
        1.1522929999999998,
        1.464226,
        0.12433499999999999,
        0.291439,
        2.9042269999999997,
        3.046156,
        1.174831,
        2.9725900000000003,
        0.44975099999999996,
        0.056485999999999995,
        0.313446,
        0.0,
        1.378833,
        0.097841,
        1.0274510000000001,
        0.664117,
        1.899714,
        0.161382,
        3.185967,
        2.458511,
        1.170477,
        1.149494,
        0.809717,
        1.181099,
        0.435152,
        1.1471969999999998,
        0.84599,
        2.653058,
        1.3210039999999998,
        1.2629290000000002,
        0.617659,
        0.834792,
        0.334596,
        0.9938490000000001,
        1.551385,
        0.5665990000000001,
        1.000853,
        0.381908,
        0.81375,
        0.754919,
        1.3188060000000001,
        0.141309
    ],
    [
        0.931334,
        0.710881,
        0.33243700000000004,
        1.444574,
        0.655624,
        0.676095,
        1.41332,
        1.281404,
        1.140399,
        1.371912,
        0.164759,
        1.3162429999999998,
        0.72117,
        1.169808,
        1.882118,
        0.7671079999999999,
        1.399489,
        0.18546,
        0.872596,
        0.186479,
        1.314096,
        1.226365,
        1.629484,
        2.201815,
        2.4312199999999997,
        1.80589,
        1.512654,
        1.3759860000000002,
        1.5890440000000001,
        1.378833,
        0.0,
        1.372855,
        0.646751,
        1.3214670000000002,
        0.48361000000000004,
        1.2289510000000001,
        2.036796,
        1.10431,
        0.940677,
        0.822648,
        0.605281,
        0.426354,
        0.9489930000000001,
        0.5282060000000001,
        1.093039,
        1.7514649999999998,
        0.897576,
        0.6439389999999999,
        1.2428109999999999,
        0.922044,
        1.3962180000000002,
        0.756737,
        0.8552430000000001,
        1.326807,
        0.67335,
        1.447084,
        1.824242,
        1.3157249999999998,
        0.982034,
        1.416323
    ],
    [
        1.170806,
        0.758558,
        1.680661,
        0.648518,
        1.523255,
        1.5206220000000001,
        0.442275,
        0.7626689999999999,
        2.036066,
        0.696515,
        1.512983,
        0.694386,
        1.272349,
        0.389365,
        1.416769,
        0.691883,
        0.20864,
        1.399482,
        1.112068,
        1.458247,
        0.12759099999999998,
        0.266732,
        2.8640030000000003,
        2.967441,
        1.265748,
        2.966611,
        0.352723,
        0.137795,
        0.278314,
        0.097841,
        1.372855,
        0.0,
        1.0214729999999999,
        0.5854020000000001,
        1.831834,
        0.143905,
        3.179988,
        2.452533,
        1.180149,
        1.1591669999999998,
        0.803739,
        1.17512,
        0.429174,
        1.141219,
        0.967121,
        2.64708,
        1.315026,
        1.256951,
        0.538944,
        0.866451,
        0.236755,
        1.003522,
        1.545408,
        0.66444,
        0.994875,
        0.284066,
        0.715908,
        0.6762039999999999,
        1.328479,
        0.04346800000000001
    ],
    [
        0.9625499999999999,
        0.359499,
        0.979188,
        1.131982,
        0.566274,
        0.56364,
        0.783436,
        0.6512960000000001,
        1.079032,
        1.2322339999999998,
        0.838543,
        0.6861349999999999,
        0.778168,
        0.653875,
        1.622098,
        0.34884699999999996,
        0.91683,
        0.444759,
        0.9038120000000001,
        0.503524,
        0.9627129999999999,
        0.800519,
        2.2762350000000002,
        1.923846,
        2.076817,
        2.00963,
        0.996721,
        1.024604,
        1.1763219999999999,
        1.0274510000000001,
        0.646751,
        1.0214729999999999,
        0.0,
