[
    [
        0.0,
        0.260295,
        1.660296,
        1.6258620000000001,
        2.352921,
        1.154047,
        0.696331,
        1.685185,
        2.925558,
        3.022702,
        1.6119919999999999,
        0.009869999999999999,
        1.445754,
        3.4859299999999998,
        1.6747059999999998,
        3.284105,
        4.159528,
        2.625413,
        0.486458,
        1.4939200000000001,
        2.258982,
        1.573964,
        1.1299290000000002,
        1.574471,
        3.0234270000000003,
        0.958525,
        1.168895,
        0.20535,
        2.082338,
        1.518604,
        1.59154,
        1.347999,
        1.587488,
        0.227227,
        1.584694,
        1.569874,
        1.6484459999999999,
        1.500144,
        0.7446029999999999,
        1.231104,
        4.9818549999999995,
        2.7705100000000003,
        3.070193,
        1.2402339999999998,
        1.4227550000000002,
        3.6576750000000002,
        1.6703679999999999,
        0.971792,
        1.392903,
        1.909984,
        2.4527449999999997,
        1.154464,
        0.20760900000000002,
        1.649471,
        0.262581,
        3.22571,
        0.044105,
        1.602269,
        0.6931499999999999,
        2.564717
    ],
    [
        0.260295,
        0.0,
        1.89877,
        1.8861569999999999,
        2.546591,
        1.1524670000000001,
        0.592785,
        1.94548,
        3.1324229999999997,
        2.9191550000000004,
        1.872287,
        0.27016500000000004,
        1.706049,
        3.417582,
        1.935001,
        3.215757,
        4.157948,
        2.8288629999999997,
        0.30093400000000003,
        1.7542149999999999,
        2.398484,
        1.834259,
        1.1283489999999998,
        1.470924,
        3.162929,
        1.21882,
        1.42919,
        0.204245,
        2.080758,
        1.7788989999999998,
        1.8518350000000001,
        1.303426,
        1.542915,
        0.210685,
        1.844989,
        1.8301690000000002,
        1.908741,
        1.760439,
        1.004898,
        1.491399,
        5.243182,
        2.9613090000000004,
        3.330488,
        1.500529,
        1.68305,
        3.656094,
        1.668787,
        1.232087,
        1.6531980000000002,
        2.107612,
        2.349198,
        1.414759,
        0.204396,
        1.842527,
        0.350738,
        3.486005,
        0.21619,
        1.809134,
        0.9534450000000001,
        2.774546
    ],
    [
        1.660296,
        1.89877,
        0.0,
        0.207981,
        0.767165,
        1.253549,
        1.915522,
        0.329929,
        1.352997,
        2.9349000000000003,
        0.46464999999999995,
        1.650426,
        0.285116,
        2.232658,
        0.256824,
        2.6233530000000003,
        2.681062,
        1.438135,
        2.105419,
        0.166376,
        2.6968829999999997,
        0.413326,
        1.294084,
        2.244834,
        2.5470900000000003,
        0.813371,
        0.6912039999999999,
        1.759544,
        0.891325,
        0.141692,
        0.327596,
        2.7643809999999998,
        3.00387,
        1.780477,
        0.334443,
        0.104024,
        0.230565,
        0.339506,
        0.9552670000000001,
        0.666301,
        3.4308229999999997,
        1.1979490000000002,
        1.618158,
        0.554727,
        0.237541,
        2.3972890000000002,
        0.891752,
        0.826638,
        0.971117,
        0.529057,
        2.184649,
        0.7324360000000001,
        1.7608599999999999,
        0.090919,
        1.7618479999999999,
        1.857878,
        1.704401,
        0.177307,
        1.000794,
        1.0301069999999999
    ],
    [
        1.6258620000000001,
        1.8861569999999999,
        0.207981,
        0.0,
        0.7899339999999999,
        1.433777,
        2.09575,
        0.214616,
        1.375766,
        3.1151269999999998,
        0.34933600000000004,
        1.6159919999999999,
        0.25068199999999996,
        2.4131460000000002,
        0.048844,
        2.8035810000000003,
        2.703831,
        1.460904,
        2.0709850000000003,
        0.131942,
        2.733522,
        0.347422,
        1.4743119999999998,
        2.425062,
        2.431777,
        0.778937,
        0.65677,
        1.72511,
        1.0715530000000002,
        0.10725799999999999,
        0.212283,
        2.729947,
        2.969436,
        1.7460429999999998,
        0.219129,
        0.19155,
        0.115251,
        0.303679,
        0.920833,
        0.631867,
        3.453592,
        1.220718,
        1.599623,
        0.520293,
        0.203107,
        2.577777,
        1.071979,
        0.7922039999999999,
        0.936683,
        0.7092849999999999,
        2.364877,
        0.698001,
        1.726426,
        0.27114699999999997,
        1.727414,
        1.8393430000000002,
        1.6699670000000002,
        0.291899,
        0.96636,
        1.052876
    ],
    [
        2.352921,
        2.546591,
        0.767165,
        0.7899339999999999,
        0.0,
        1.922156,
        2.58413,
        0.7125900000000001,
        0.6991539999999999,
        3.403427,
        0.8473099999999999,
        2.343051,
        0.9071670000000001,
        2.41094,
        0.74109,
        2.800392,
        2.267367,
        1.105637,
        2.5684319999999996,
        0.921627,
        3.00413,
        0.885338,
        1.962692,
        2.9134409999999997,
        2.3662669999999997,
        1.5059960000000001,
        1.383829,
        2.45217,
        1.230239,
        0.896942,
        0.761381,
        3.318411,
        3.5579,
        2.473102,
        0.768227,
        0.871189,
        0.7671,
        0.852777,
        1.6478920000000001,
        1.3589259999999999,
        2.833018,
        0.562969,
        1.138337,
        1.2380920000000002,
        0.992792,
        2.575571,
        1.5639020000000001,
        1.519263,
        1.663742,
        0.989869,
        2.627362,
        1.470605,
        2.453485,
        0.858084,
        2.2029229999999997,
        1.3952650000000002,
        2.397027,
        0.737457,
        1.693419,
        0.548494
    ],
    [
        1.154047,
        1.1524670000000001,
        1.253549,
        1.433777,
        1.922156,
        0.0,
        0.806218,
        1.530268,
        2.456599,
        2.405217,
        1.45356,
        1.104808,
        1.287323,
        2.401501,
        1.381337,
        2.3191439999999997,
        3.103439,
        1.7743550000000001,
        1.20417,
        1.292549,
        3.09817,
        1.415532,
        0.32980000000000004,
        1.14128,
        3.34166,
        1.03896,
        1.288306,
        1.2139259999999998,
        1.02625,
        1.300887,
        1.433109,
        2.356575,
        2.5960639999999997,
        1.057426,
        1.4262629999999998,
        1.216595,
        1.4307290000000001,
        1.341712,
        0.797048,
        1.4110850000000001,
        4.188674,
        2.2578069999999997,
        2.726732,
        0.903248,
        1.264323,
        2.566132,
        0.553403,
        1.052227,
        1.231916,
        1.259013,
        1.727713,
        1.3344449999999999,
        1.037808,
        1.1716739999999999,
        0.891466,
        2.9664520000000003,
        1.109942,
        1.138282,
        0.758019,
        2.070874
    ],
    [
        0.696331,
        0.592785,
        1.915522,
        2.09575,
        2.58413,
        0.806218,
        0.0,
        2.065474,
        3.118572,
        2.3263670000000003,
        1.992281,
        0.706202,
        1.8260429999999999,
        2.824793,
        2.04331,
        2.622969,
        3.765413,
        2.436329,
        0.6448769999999999,
        1.9143569999999999,
        2.9553130000000003,
        1.9542519999999999,
        0.6214379999999999,
        0.8781359999999999,
        3.5180149999999997,
        1.6274469999999999,
        1.7437070000000001,
        0.79703,
        1.688223,
        1.922694,
        1.971829,
        1.896211,
        2.1356990000000002,
        0.540107,
        1.964983,
        1.838403,
        2.0525369999999996,
        1.880432,
        1.319415,
        1.8059159999999999,
        4.850647,
        2.919781,
        3.388706,
        1.495368,
        1.803043,
        3.057549,
        1.201654,
        1.640714,
        1.877747,
        1.920987,
        1.7564110000000002,
        1.729276,
        0.533818,
        1.793482,
        0.512143,
        3.628426,
        0.652226,
        1.8002550000000002,
        1.267962,
        2.731317
    ],
    [
        1.685185,
        1.94548,
        0.329929,
        0.214616,
        0.7125900000000001,
        1.530268,
        2.065474,
        0.0,
        1.329032,
        3.23725,
        0.13472,
        1.675315,
        0.239431,
        2.3766019999999997,
        0.26345999999999997,
        2.766053,
        2.666582,
        1.423655,
        2.130308,
        0.253891,
        2.516248,
        0.17274899999999999,
        1.596434,
        2.547184,
        2.233228,
        0.8382609999999999,
        0.716094,
        1.784434,
        1.1959000000000002,
        0.229206,
        0.09364499999999999,
        2.742462,
        2.981951,
        1.805367,
        0.100491,
        0.313499,
        0.099365,
        0.18504099999999998,
        0.9801559999999999,
        0.6911900000000001,
        3.432765,
        1.2025599999999999,
        1.429861,
        0.579616,
        0.32505599999999996,
        2.541232,
        1.194102,
        0.8515280000000001,
        0.996006,
        0.831233,
        2.487,
        0.757325,
        1.785749,
        0.393096,
        1.7867380000000002,
        1.669581,
        1.729291,
        0.391986,
        1.025684,
        1.015627
    ],
    [
        2.925558,
        3.1324229999999997,
        1.352997,
        1.375766,
        0.6991539999999999,
        2.456599,
        3.118572,
        1.329032,
        0.0,
        3.96333,
        1.4637529999999999,
        2.959493,
        1.52361,
        2.835543,
        1.326922,
        3.3602950000000003,
        2.366,
        1.371619,
        3.192709,
        1.507708,
        3.620572,
        1.501781,
        2.522595,
        3.473344,
        2.461281,
        2.122439,
        2.000272,
        3.068612,
        1.7901420000000001,
        1.483024,
        1.377823,
        3.9348539999999996,
        4.1743429999999995,
        3.089545,
        1.38467,
        1.457021,
        1.383543,
        1.469219,
        2.264335,
        1.975369,
        2.6254470000000003,
        0.403727,
        0.710827,
        1.8239239999999999,
        1.578873,
        2.900126,
        2.123805,
        2.1357060000000003,
        2.280185,
        1.549772,
        3.187265,
        2.087048,
        3.0699270000000003,
        1.443916,
        2.8271990000000002,
        0.956533,
        3.013469,
        1.323289,
        2.309862,
        1.0645470000000001
    ],
    [
        3.022702,
        2.9191550000000004,
        2.9349000000000003,
        3.1151269999999998,
        3.403427,
        2.405217,
        2.3263670000000003,
        3.23725,
        3.96333,
        0.0,
        3.162773,
        3.032572,
        2.9965349999999997,
        1.831137,
        3.0905489999999998,
        1.227948,
        2.883525,
        2.833442,
        2.843365,
        3.0017620000000003,
        5.067176000000001,
        3.124744,
        2.286421,
        1.503788,
        5.2870870000000005,
        3.019597,
        3.233733,
        3.1234,
        2.347083,
        3.0100990000000003,
        3.142321,
        4.1338040000000005,
        4.345083,
        2.8664769999999997,
        3.135475,
        2.925808,
        3.139942,
        3.050924,
        3.108385,
        3.3565120000000004,
        4.9908339999999995,
        3.6880659999999996,
        4.2945079999999995,
        2.743976,
        2.973536,
        2.121037,
        2.157765,
        3.0328649999999997,
        3.177343,
        2.7008180000000004,
        0.82405,
        3.2798719999999997,
        2.860188,
        2.880886,
        2.838513,
        4.534228,
        2.978596,
        2.847494,
        2.966075,
        3.4401129999999998
    ],
    [
        1.6119919999999999,
        1.872287,
        0.46464999999999995,
        0.34933600000000004,
        0.8473099999999999,
        1.45356,
        1.992281,
        0.13472,
        1.4637529999999999,
        3.162773,
        0.0,
        1.6021210000000001,
        0.166238,
        2.5113220000000003,
        0.39818000000000003,
        2.848996,
        2.801303,
        1.558376,
        2.0571149999999996,
        0.284978,
        2.419041,
        0.038028,
        1.44474,
        2.3954899999999997,
        2.1360210000000004,
        0.765067,
        0.6429,
        1.71124,
        1.181873,
        0.363927,
        0.17316700000000002,
        2.645255,
        2.884744,
        1.732173,
        0.166321,
        0.36093200000000003,
        0.23408500000000002,
        0.11184699999999999,
        0.906963,
        0.6179969999999999,
        3.5674859999999997,
        1.337281,
        1.5645820000000001,
        0.506423,
        0.21381299999999998,
        2.675953,
        1.117395,
        0.778334,
        0.922813,
        0.878667,
        2.410292,
        0.6841309999999999,
        1.712556,
        0.440529,
        1.7135440000000002,
        1.8043019999999999,
        1.656097,
        0.526707,
        0.9524900000000001,
        1.150347
    ],
    [
        0.009869999999999999,
        0.27016500000000004,
        1.650426,
        1.6159919999999999,
        2.343051,
        1.104808,
        0.706202,
        1.675315,
        2.959493,
        3.032572,
        1.6021210000000001,
        0.0,
        1.435884,
        3.43669,
        1.664835,
        3.2348649999999997,
        4.110289,
        2.615542,
        0.496329,
        1.4840499999999999,
        2.249111,
        1.5640930000000002,
        1.0806900000000002,
        1.584341,
        3.013556,
        0.948654,
        1.1590250000000002,
        0.19548,
        2.033099,
        1.5087329999999999,
        1.5816700000000001,
        1.338129,
        1.577618,
        0.237097,
        1.574824,
        1.560004,
        1.638576,
        1.490273,
        0.734733,
        1.221234,
        4.971985,
        2.76064,
        3.060323,
        1.230364,
        1.412885,
        3.608435,
        1.621128,
        0.961921,
        1.383033,
        1.9001130000000002,
        2.462615,
        1.1445940000000001,
        0.21747999999999998,
        1.639601,
        0.27245199999999997,
        3.215839,
        0.053975999999999996,
        1.592399,
        0.683279,
        2.554846
    ],
    [
        1.445754,
        1.706049,
        0.285116,
        0.25068199999999996,
        0.9071670000000001,
        1.287323,
        1.8260429999999999,
        0.239431,
        1.52361,
        2.9965349999999997,
        0.166238,
        1.435884,
        0.0,
        2.407526,
        0.299526,
        2.6827579999999998,
        2.86116,
        1.618233,
        1.890877,
        0.11874,
        2.4703939999999998,
        0.12821000000000002,
        1.278502,
        2.229252,
        2.3022579999999997,
        0.598829,
        0.476662,
        1.545002,
        1.015635,
        0.143424,
        0.145786,
        2.549839,
        2.789328,
        1.5659349999999999,
        0.13894,
        0.19469399999999998,
        0.242818,
        0.054389,
        0.7407250000000001,
        0.451759,
        3.6273429999999998,
        1.397138,
        1.6244390000000002,
        0.340185,
        0.047575000000000006,
        2.5721570000000002,
        0.951157,
        0.612096,
        0.756575,
        0.712429,
        2.244054,
        0.517893,
        1.546318,
        0.274291,
        1.547306,
        1.8641590000000001,
        1.4898589999999998,
        0.376837,
        0.786252,
        1.210204
    ],
    [
        3.4859299999999998,
        3.417582,
        2.232658,
        2.4131460000000002,
        2.41094,
        2.401501,
        2.824793,
        2.3766019999999997,
        2.835543,
        1.831137,
        2.5113220000000003,
        3.43669,
        2.407526,
        0.0,
        2.279164,
        0.8663160000000001,
        1.052387,
        1.67898,
        3.431933,
        2.274806,
        4.680314,
        2.522785,
        2.395659,
        2.272377,
        4.466629,
        2.6327350000000003,
        2.706192,
        3.508069,
        1.391891,
        2.283143,
        2.398828,
        4.6507179999999995,
        4.890207,
        3.327163,
        2.405674,
        2.198852,
        2.404547,
        2.461916,
        2.750968,
        2.7887109999999997,
        3.196249,
        2.5169430000000004,
        3.302022,
        2.269533,
        2.384527,
        0.289899,
        1.8960050000000002,
        2.6460019999999997,
        2.790481,
        1.7083320000000002,
        1.23916,
        2.747423,
        3.33195,
        2.15393,
        3.185608,
        3.541741,
        3.4040839999999997,
        2.2584850000000003,
        2.7964949999999997,
        2.321192
    ],
    [
        1.6747059999999998,
        1.935001,
        0.256824,
        0.048844,
        0.74109,
        1.381337,
        2.04331,
        0.26345999999999997,
        1.326922,
        3.0905489999999998,
        0.39818000000000003,
        1.664835,
        0.299526,
        2.279164,
        0.0,
        2.776772,
        2.654987,
        1.4120599999999999,
        2.119829,
        0.180786,
        2.782365,
        0.396266,
        1.447503,
        2.398253,
        2.48062,
        0.827781,
        0.7056140000000001,
        1.773954,
        1.1096489999999999,
        0.156101,
        0.261127,
        2.778791,
        3.018279,
        1.794887,
        0.267973,
        0.240394,
        0.164095,
        0.35252300000000003,
        0.969677,
        0.6807110000000001,
        3.404748,
        1.171874,
        1.514041,
        0.5691369999999999,
        0.251951,
        2.528933,
        1.045171,
        0.841048,
        0.985527,
        0.715086,
        2.338069,
        0.746845,
        1.775269,
        0.31999099999999997,
        1.7762580000000001,
        1.75376,
        1.7188109999999999,
        0.243055,
        1.015204,
        1.004032
    ],
    [
        3.284105,
        3.215757,
        2.6233530000000003,
        2.8035810000000003,
        2.800392,
        2.3191439999999997,
        2.622969,
        2.766053,
        3.3602950000000003,
        1.227948,
        2.848996,
        3.2348649999999997,
        2.6827579999999998,
        0.8663160000000001,
        2.776772,
        0.0,
        1.902827,
        2.162609,
        3.230108,
        2.6879850000000003,
        4.7534,
        2.810968,
        2.304012,
        2.070552,
        4.8560810000000005,
        2.705821,
        2.919956,
        3.306244,
        1.799817,
        2.696323,
        2.828545,
        4.448893,
        4.688382,
        3.125338,
        2.821699,
        2.612031,
        2.826165,
        2.7371480000000004,
        2.794608,
        3.0427359999999997,
        4.004203,
        3.017233,
        3.691473,
        2.4301999999999997,
        2.659759,
        1.037813,
        1.843989,
        2.719088,
        2.863567,
        2.0977829999999997,
        1.0373350000000001,
        2.966096,
        3.130125,
        2.56711,
        2.983783,
        3.9311930000000004,
        3.2022600000000003,
        2.533718,
        2.8401359999999998,
        2.76928
    ],
    [
        4.159528,
        4.157948,
        2.681062,
        2.703831,
        2.267367,
        3.103439,
        3.765413,
        2.666582,
        2.366,
        2.883525,
        2.801303,
        4.110289,
        2.86116,
        1.052387,
        2.654987,
        1.902827,
        0.0,
        1.668548,
        4.241314999999999,
        2.833891,
        5.040393,
        2.843149,
        3.149795,
        3.326684,
        4.464774,
        3.278832,
        3.3587190000000002,
        4.251072,
        2.1343159999999997,
        2.809207,
        2.719191,
        5.344863,
        5.584352,
        4.094571,
        2.726038,
        2.771539,
        2.724911,
        2.810587,
        3.397065,
        3.3338159999999997,
        2.166839,
        2.069642,
        3.0758609999999997,
        2.91563,
        2.905056,
        1.054049,
        2.642034,
        3.2920990000000003,
        3.436578,
        2.269949,
        2.293466,
        3.39995,
        4.074954,
        2.7584340000000003,
        3.928611,
        3.321567,
        4.147087000000001,
        2.6378069999999996,
        3.4425920000000003,
        2.021528
    ],
    [
        2.625413,
        2.8288629999999997,
        1.438135,
        1.460904,
        1.105637,
        1.7743550000000001,
        2.436329,
        1.423655,
        1.371619,
        2.833442,
        1.558376,
        2.615542,
        1.618233,
        1.67898,
        1.4120599999999999,
        2.162609,
        1.668548,
        0.0,
        2.880567,
        1.309118,
        3.825266,
        1.596404,
        1.814891,
        2.466855,
        3.27433,
        1.906527,
        1.8339459999999999,
        2.890323,
        0.799412,
        1.562462,
        1.472446,
        4.085691,
        4.325181,
        2.733822,
        1.4792919999999998,
        1.233164,
        1.4781659999999999,
        1.5638420000000002,
        2.02476,
        1.809043,
        2.6359209999999997,
        1.076227,
        2.0824450000000003,
        1.535723,
        1.380283,
        1.766651,
        1.3071300000000001,
        1.919794,
        2.064273,
        0.888659,
        2.0878330000000003,
        1.8751769999999999,
        2.7142049999999998,
        1.188243,
        2.567863,
        2.328152,
        2.786339,
        1.3910619999999998,
        2.070287,
        0.828724
    ],
    [
        0.486458,
        0.30093400000000003,
        2.105419,
        2.0709850000000003,
        2.5684319999999996,
        1.20417,
        0.6448769999999999,
        2.130308,
        3.192709,
        2.843365,
        2.0571149999999996,
        0.496329,
        1.890877,
        3.431933,
        2.119829,
        3.230108,
        4.241314999999999,
        2.880567,
        0.0,
        1.9390429999999999,
        2.5642199999999997,
        2.019087,
        1.180441,
        1.3531410000000001,
        3.328665,
        1.403648,
        1.614018,
        0.49409800000000004,
        2.132849,
        1.963726,
        2.036663,
        1.3605740000000002,
        1.600063,
        0.350848,
        2.029817,
        1.93954,
        2.093569,
        1.9452660000000002,
        1.189726,
        1.6762270000000001,
        5.295273,
        3.013401,
        3.4496770000000003,
        1.596505,
        1.867878,
        3.708186,
        1.7208789999999998,
        1.416915,
        1.8380260000000002,
        2.159704,
        2.273408,
        1.599587,
        0.344559,
        1.894618,
        0.49090100000000003,
        3.7045459999999997,
        0.442353,
        1.861226,
        1.1382729999999999,
        2.826638
    ],
    [
        1.4939200000000001,
        1.7542149999999999,
        0.166376,
        0.131942,
        0.921627,
        1.292549,
        1.9143569999999999,
        0.253891,
        1.507708,
        3.0017620000000003,
        0.284978,
        1.4840499999999999,
        0.11874,
        2.274806,
        0.180786,
        2.6879850000000003,
        2.833891,
        1.309118,
        1.9390429999999999,
        0.0,
        2.530506,
        0.24694999999999998,
        1.3587159999999998,
        2.309466,
        2.4710520000000002,
        0.646995,
        0.524828,
        1.593168,
        0.955957,
        0.024684,
        0.251558,
        2.598005,
        2.837494,
        1.614101,
        0.258404,
        0.075954,
        0.154526,
        0.17313,
        0.788891,
        0.499925,
        3.585534,
        1.35266,
        1.638898,
        0.388351,
        0.071165,
        2.461921,
        0.956384,
        0.6602619999999999,
        0.804741,
        0.5936889999999999,
        2.249281,
        0.566059,
        1.594484,
        0.155551,
        1.595472,
        1.878618,
        1.5380250000000002,
        0.25809699999999997,
        0.834418,
        1.184818
    ],
    [
        2.258982,
        2.398484,
        2.6968829999999997,
        2.733522,
        3.00413,
        3.09817,
        2.9553130000000003,
        2.516248,
        3.620572,
        5.067176000000001,
        2.419041,
        2.249111,
        2.4703939999999998,
        4.680314,
        2.782365,
        4.7534,
        5.040393,
        3.825266,
        2.5642199999999997,
        2.530506,
        0.0,
        2.431978,
        3.0761480000000003,
        3.8334520000000003,
        1.433077,
        2.172012,
        1.9636,
        2.2656359999999998,
        3.257155,
        2.526939,
        2.587459,
        1.82307,
        2.0624890000000002,
        2.4862089999999997,
        2.594306,
        2.5782089999999998,
        2.593179,
        2.505797,
        2.335207,
        1.875373,
        5.716034,
        3.445986,
        3.2242159999999997,
        2.473035,
        2.43109,
        4.939512,
        2.926145,
        2.1587449999999997,
        2.431623,
        3.095944,
        4.29409,
        1.9223679999999999,
        2.4665909999999998,
        2.657806,
        2.488878,
        3.054843,
        2.303087,
        2.885801,
        2.362618,
        3.426358
    ],
    [
        1.573964,
        1.834259,
        0.413326,
        0.347422,
        0.885338,
        1.415532,
        1.9542519999999999,
        0.17274899999999999,
        1.501781,
        3.124744,
        0.038028,
        1.5640930000000002,
        0.12821000000000002,
        2.522785,
        0.396266,
        2.810968,
        2.843149,
        1.596404,
        2.019087,
        0.24694999999999998,
        2.431978,
        0.0,
        1.406712,
        2.357462,
        2.174048,
        0.727039,
        0.604872,
        1.673212,
        1.143845,
        0.27163299999999996,
        0.135139,
        2.678048,
        2.917537,
        1.694145,
        0.12829300000000002,
        0.32290399999999997,
        0.232171,
        0.073819,
        0.8689349999999999,
        0.5799690000000001,
        3.616695,
        1.38649,
        1.613792,
        0.468395,
        0.175785,
        2.7251619999999996,
        1.079366,
        0.740306,
        0.8847849999999999,
        0.840639,
        2.372264,
        0.646103,
        1.674527,
        0.402501,
        1.675516,
        1.853511,
        1.618069,
        0.505046,
        0.914462,
        1.199557
    ],
    [
        1.1299290000000002,
        1.1283489999999998,
        1.294084,
        1.4743119999999998,
        1.962692,
        0.32980000000000004,
        0.6214379999999999,
        1.596434,
        2.522595,
        2.286421,
        1.44474,
        1.0806900000000002,
        1.278502,
        2.395659,
        1.447503,
        2.304012,
        3.149795,
        1.814891,
        1.180441,
        1.3587159999999998,
        3.0761480000000003,
        1.406712,
        0.0,
        0.95075,
        3.486894,
        1.219404,
        1.433539,
        1.189808,
        1.066785,
        1.3414220000000001,
        1.473644,
        2.332458,
        2.571946,
        1.033308,
        1.466798,
        1.257131,
        1.471265,
        1.382247,
        0.929687,
        1.556319,
        4.229209,
        2.296812,
        2.767268,
        0.943783,
        1.304859,
        2.5424360000000004,
        0.580216,
        1.232671,
        1.37715,
        1.299548,
        1.608917,
        1.4796790000000002,
        1.01369,
        1.212209,
        0.867348,
        3.006987,
        1.0858240000000001,
        1.178817,
        0.890659,
        2.109878
    ],
    [
        1.574471,
        1.470924,
        2.244834,
        2.425062,
        2.9134409999999997,
        1.14128,
        0.8781359999999999,
        2.547184,
        3.473344,
        1.503788,
        2.3954899999999997,
        1.584341,
        2.229252,
        2.272377,
        2.398253,
        2.070552,
        3.326684,
        2.466855,
        1.3531410000000001,
        2.309466,
        3.8334520000000003,
        2.357462,
        0.95075,
        0.0,
        4.236196,
        2.121127,
        2.3842890000000003,
        1.6751690000000001,
        1.907058,
        2.292172,
        2.424394,
        2.6435790000000003,
        2.841084,
        1.4182460000000001,
        2.4175479999999996,
        2.2078800000000003,
        2.4220140000000003,
        2.3329969999999998,
        1.916153,
        2.507069,
        4.881174,
        3.247562,
        3.7180169999999997,
        1.8945329999999998,
        2.255608,
        2.562277,
        1.355512,
        2.134394,
        2.3279,
        2.139822,
        1.074076,
        2.430429,
        1.4119570000000001,
        2.162959,
        1.390282,
        3.9577370000000003,
        1.530365,
        2.129567,
        1.864699,
        3.073527
    ],
    [
        3.0234270000000003,
        3.162929,
        2.5470900000000003,
        2.431777,
        2.3662669999999997,
        3.34166,
        3.5180149999999997,
        2.233228,
        2.461281,
        5.2870870000000005,
        2.1360210000000004,
        3.013556,
        2.3022579999999997,
        4.466629,
        2.48062,
        4.8560810000000005,
        4.464774,
        3.27433,
        3.328665,
        2.4710520000000002,
        1.433077,
        2.174048,
        3.486894,
        4.236196,
        0.0,
        2.373936,
        2.08121,
        3.034931,
        3.272118,
        2.44,
        2.304438,
        2.636875,
        2.8762939999999997,
        3.107482,
        2.311284,
        2.524292,
        2.310158,
        2.2415,
        2.537132,
        1.975996,
        5.050817,
        2.829098,
        1.9246269999999999,
        2.6733719999999996,
        2.343466,
        4.61745,
        3.1264819999999998,
        2.3606689999999997,
        2.633547,
        3.031748,
        4.494427,
        2.041566,
        3.087865,
        2.603889,
        3.0499699999999996,
        1.755253,
        3.072382,
        2.602779,
        2.564542,
        2.787639
    ],
    [
        0.958525,
        1.21882,
        0.813371,
        0.778937,
        1.5059960000000001,
        1.03896,
        1.6274469999999999,
        0.8382609999999999,
        2.122439,
        3.019597,
        0.765067,
        0.948654,
        0.598829,
        2.6327350000000003,
        0.827781,
        2.705821,
        3.278832,
        1.906527,
        1.403648,
        0.646995,
        2.172012,
        0.727039,
        1.219404,
        2.121127,
        2.373936,
        0.0,
        0.42118700000000003,
        1.0431389999999998,
        1.240844,
        0.671679,
        0.7367910000000001,
        2.094652,
        2.3341410000000002,
        1.064072,
        0.7299450000000001,
        0.722949,
        0.8015209999999999,
        0.645394,
        0.223328,
        0.483396,
        4.218348,
        1.988143,
        2.2154439999999997,
        0.473322,
        0.5758300000000001,
        2.797366,
        0.926432,
        0.013267,
        0.375166,
        1.1912260000000001,
        2.294378,
        0.40675599999999995,
        1.044454,
        0.8025460000000001,
        1.006559,
        2.455163,
        0.987996,
        0.871567,
        0.250739,
        1.801209
    ],
    [
        1.168895,
        1.42919,
        0.6912039999999999,
        0.65677,
        1.383829,
        1.288306,
        1.7437070000000001,
        0.716094,
        2.000272,
        3.233733,
        0.6429,
        1.1590250000000002,
        0.476662,
        2.706192,
        0.7056140000000001,
        2.919956,
        3.3587190000000002,
        1.8339459999999999,
        1.614018,
        0.524828,
        1.9636,
        0.604872,
        1.433539,
        2.3842890000000003,
        2.08121,
        0.42118700000000003,
        0.0,
        1.258048,
        1.314301,
        0.563339,
        0.636276,
        2.0731770000000003,
        2.312666,
        1.278981,
        0.6294299999999999,
        0.6146090000000001,
        0.693182,
        0.544879,
        0.584383,
        0.11787099999999999,
        4.117832999999999,
        1.887627,
        2.114928,
        0.638851,
        0.46749,
        2.8708229999999997,
        1.113662,
        0.40792,
        0.616891,
        1.132344,
        2.481608,
        0.041231000000000004,
        1.259363,
        0.694207,
        1.2214690000000001,
        2.283828,
        1.202905,
        0.7967519999999999,
        0.611794,
        1.700694
    ],
    [
        0.20535,
        0.204245,
        1.759544,
        1.72511,
        2.45217,
        1.2139259999999998,
        0.79703,
        1.784434,
        3.068612,
        3.1234,
        1.71124,
        0.19548,
        1.545002,
        3.508069,
        1.773954,
        3.306244,
        4.251072,
        2.890323,
        0.49409800000000004,
        1.593168,
        2.2656359999999998,
        1.673212,
        1.189808,
        1.6751690000000001,
        3.034931,
        1.0431389999999998,
        1.258048,
        0.0,
        2.142217,
        1.617852,
        1.690789,
        1.1948910000000001,
        1.4343800000000002,
        0.41493,
        1.683943,
        1.669122,
        1.7476939999999999,
        1.5993920000000001,
        0.8438519999999999,
        1.319614,
        5.081104,
        2.869759,
        3.169441,
        1.339482,
        1.522003,
        3.7175540000000002,
        1.730247,
        1.218808,
        1.4921520000000001,
        2.009232,
        2.553444,
        1.242974,
        0.40864100000000003,
        1.7487190000000001,
        0.467931,
        3.282612,
        0.249455,
        1.701517,
        0.792398,
        2.663965
    ],
    [
        2.082338,
        2.080758,
        0.891325,
        1.0715530000000002,
        1.230239,
        1.02625,
        1.688223,
        1.1959000000000002,
        1.7901420000000001,
        2.347083,
        1.181873,
        2.033099,
        1.015635,
        1.391891,
        1.1096489999999999,
        1.799817,
        2.1343159999999997,
        0.799412,
        2.132849,
        0.955957,
        3.257155,
        1.143845,
        1.066785,
        1.907058,
        3.272118,
        1.240844,
        1.314301,
        2.142217,
        0.0,
        1.029199,
        1.161422,
        3.284866,
        3.524355,
        1.9857159999999998,
        1.1545750000000001,
        0.944908,
        1.159042,
        1.070025,
        1.359077,
        1.39682,
        3.21373,
        1.58982,
        2.120301,
        0.877642,
        0.992636,
        1.556522,
        0.559024,
        1.2541110000000002,
        1.39859,
        0.38515499999999997,
        1.571018,
        1.355532,
        1.966099,
        0.899987,
        1.819757,
        2.36002,
        2.038233,
        0.8665940000000001,
        1.404605,
        1.402886
    ],
    [
        1.518604,
        1.7788989999999998,
        0.141692,
        0.10725799999999999,
        0.896942,
        1.300887,
        1.922694,
        0.229206,
        1.483024,
        3.0100990000000003,
        0.363927,
        1.5087329999999999,
        0.143424,
        2.283143,
        0.156101,
        2.696323,
        2.809207,
        1.562462,
        1.963726,
        0.024684,
        2.526939,
        0.27163299999999996,
        1.3414220000000001,
        2.292172,
        2.44,
        0.671679,
        0.563339,
        1.617852,
        1.029199,
        0.0,
        0.226874,
        2.622688,
        2.862177,
        1.6387850000000002,
        0.23372,
        0.08429099999999999,
        0.129842,
        0.197813,
        0.8135739999999999,
        0.524609,
        3.56085,
        1.327976,
        1.614214,
        0.413034,
        0.095849,
        2.470259,
        0.964721,
        0.684946,
        0.8294239999999999,
        0.602026,
        2.257619,
        0.590743,
        1.619167,
        0.163889,
        1.620156,
        1.853934,
        1.5627090000000001,
        0.266434,
        0.8591019999999999,
        1.160133
    ],
    [
        1.59154,
        1.8518350000000001,
        0.327596,
        0.212283,
        0.761381,
        1.433109,
        1.971829,
        0.09364499999999999,
        1.377823,
        3.142321,
        0.17316700000000002,
        1.5816700000000001,
        0.145786,
        2.398828,
        0.261127,
        2.828545,
        2.719191,
        1.472446,
        2.036663,
        0.251558,
        2.587459,
        0.135139,
        1.473644,
        2.424394,
        2.304438,
        0.7367910000000001,
        0.636276,
        1.690789,
        1.161422,
        0.226874,
        0.0,
        2.695625,
        2.935114,
        1.711722,
        0.006846,
        0.311166,
        0.097032,
        0.091396,
        0.8865109999999999,
        0.597545,
        3.4815569999999996,
        1.251352,
        1.478653,
        0.485971,
        0.19336099999999998,
        2.590023,
        1.096943,
        0.7578830000000001,
        0.902361,
        0.828901,
        2.389841,
        0.6636799999999999,
        1.692104,
        0.39076299999999997,
        1.693092,
        1.718372,
        1.635646,
        0.440777,
        0.932039,
        1.0644179999999999
    ],
    [
        1.347999,
        1.303426,
        2.7643809999999998,
        2.729947,
        3.318411,
        2.356575,
        1.896211,
        2.742462,
        3.9348539999999996,
        4.1338040000000005,
        2.645255,
        1.338129,
        2.549839,
        4.6507179999999995,
        2.778791,
        4.448893,
        5.344863,
        4.085691,
        1.3605740000000002,
        2.598005,
        1.82307,
        2.678048,
        2.332458,
        2.6435790000000003,
        2.636875,
        2.094652,
        2.0731770000000003,
        1.1948910000000001,
        3.284866,
        2.622688,
        2.695625,
        0.0,
        0.322846,
        1.575226,
        2.681458,
        2.666638,
        2.74521,
        2.596908,
        1.986501,
        2.126458,
        6.068718,
        3.798669,
        3.576639,
        2.482132,
        2.519519,
        4.860203,
        2.8728960000000003,
        2.081385,
        2.469818,
        3.151881,
        3.563847,
        2.010797,
        1.555609,
        2.746235,
        1.61058,
        3.477097,
        1.392104,
        2.848781,
        1.935047,
        3.6800859999999997
    ],
    [
        1.587488,
        1.542915,
        3.00387,
        2.969436,
        3.5579,
        2.5960639999999997,
        2.1356990000000002,
        2.981951,
        4.1743429999999995,
        4.345083,
        2.884744,
        1.577618,
        2.789328,
        4.890207,
        3.018279,
        4.688382,
        5.584352,
        4.325181,
        1.600063,
        2.837494,
        2.0624890000000002,
        2.917537,
        2.571946,
        2.841084,
        2.8762939999999997,
        2.3341410000000002,
