[
    [
        0.0,
        1.0827390000000001,
        0.137577,
        1.0952680000000001,
        0.28105399999999997,
        0.40916800000000003,
        1.231898,
        1.0771549999999999,
        0.8556849999999999,
        0.283491,
        0.409284,
        1.291358,
        0.941159,
        0.645263,
        0.547566,
        1.4857159999999998,
        0.31411399999999995,
        1.953468,
        0.767363,
        0.515393
    ],
    [
        1.0827390000000001,
        0.0,
        0.999741,
        1.8481679999999998,
        0.994284,
        0.633867,
        2.036311,
        1.431374,
        1.608584,
        1.008366,
        1.2123030000000001,
        2.153521,
        1.694058,
        1.212201,
        1.1530340000000001,
        1.8296890000000001,
        1.176277,
        1.9922650000000002,
        1.343856,
        1.1941089999999999
    ],
    [
        0.137577,
        0.999741,
        0.0,
        1.1342480000000001,
        0.252214,
        0.441516,
        1.0943209999999999,
        1.116134,
        0.894664,
        0.254652,
        0.34683800000000004,
        1.306298,
        0.980139,
        0.616423,
        0.518726,
        1.456876,
        0.32905399999999996,
        1.992448,
        0.642884,
        0.554373
    ],
    [
        1.0952680000000001,
        1.8481679999999998,
        1.1342480000000001,
        0.0,
        1.319064,
        1.312375,
        1.356182,
        0.7111109999999999,
        0.378558,
        1.321501,
        1.242704,
        1.275072,
        0.5248590000000001,
        1.565291,
        1.5814670000000002,
        2.4351700000000003,
        0.837596,
        1.110228,
        1.517229,
        0.687298
    ],
    [
        0.28105399999999997,
        0.994284,
        0.252214,
        1.319064,
        0.0,
        0.370021,
        1.0415,
        1.253988,
        1.032518,
        0.013555999999999999,
        0.211321,
        1.295053,
        1.1179919999999999,
        0.37494700000000003,
        0.27725,
        1.2154010000000002,
        0.490948,
        2.130301,
        0.497427,
        0.6922269999999999
    ],
    [
        0.40916800000000003,
        0.633867,
        0.441516,
        1.312375,
        0.370021,
        0.0,
        1.412048,
        1.1065909999999999,
        1.076147,
        0.384103,
        0.58804,
        1.5391089999999998,
        1.161621,
        0.668585,
        0.5708880000000001,
        1.509038,
        0.5618650000000001,
        1.896948,
        0.867975,
        0.653215
    ],
    [
        1.231898,
        2.036311,
        1.0943209999999999,
        1.356182,
        1.0415,
        1.412048,
        0.0,
        1.756206,
        1.515987,
        1.156242,
        0.952423,
        0.399141,
        1.601461,
        1.213897,
        1.248434,
        1.685031,
        1.023215,
        2.365686,
        1.092647,
        1.216344
    ],
    [
        1.0771549999999999,
        1.431374,
        1.116134,
        0.7111109999999999,
        1.253988,
        1.1065909999999999,
        1.756206,
        0.0,
        0.339534,
        1.305445,
        1.228543,
        1.68295,
        0.193232,
        1.5511300000000001,
        1.565411,
        2.4261179999999998,
        0.8215399999999999,
        0.920956,
        1.5081769999999999,
        0.6664589999999999
    ],
    [
        0.8556849999999999,
        1.608584,
        0.894664,
        0.378558,
        1.032518,
        1.076147,
        1.515987,
        0.339534,
        0.0,
        1.081918,
        1.00312,
        1.456055,
        0.146301,
        1.325708,
        1.341884,
        2.195587,
        0.598012,
        1.157413,
        1.277646,
        0.445183
    ],
    [
        0.283491,
        1.008366,
        0.254652,
        1.321501,
        0.013555999999999999,
        0.384103,
        1.156242,
        1.305445,
        1.081918,
        0.0,
        0.197766,
        1.281498,
        1.12043,
        0.388503,
        0.290806,
        1.228956,
        0.493385,
        2.132739,
        0.499865,
        0.694664
    ],
    [
        0.409284,
        1.2123030000000001,
        0.34683800000000004,
        1.242704,
        0.211321,
        0.58804,
        0.952423,
        1.228543,
        1.00312,
        0.197766,
        0.0,
        1.182386,
        1.0808019999999998,
        0.322587,
        0.312122,
        1.1863489999999999,
        0.44335,
        2.093111,
        0.296046,
        0.676373
    ],
    [
        1.291358,
        2.153521,
        1.306298,
        1.275072,
        1.295053,
        1.5391089999999998,
        0.399141,
        1.68295,
        1.456055,
        1.281498,
        1.182386,
        0.0,
        1.5178230000000001,
        1.4674500000000001,
        1.5019870000000002,
        2.001068,
        0.963398,
        2.2820479999999996,
        1.3462,
        1.132706
    ],
    [
        0.941159,
        1.694058,
        0.980139,
        0.5248590000000001,
        1.1179919999999999,
        1.161621,
        1.601461,
        0.193232,
        0.146301,
        1.12043,
        1.0808019999999998,
        1.5178230000000001,
        0.0,
        1.411182,
        1.427358,
        2.2810610000000002,
        0.683486,
        1.011112,
        1.3631199999999999,
        0.5320349999999999
    ],
    [
        0.645263,
        1.212201,
        0.616423,
        1.565291,
        0.37494700000000003,
        0.668585,
        1.213897,
        1.5511300000000001,
        1.325708,
        0.388503,
        0.322587,
        1.4674500000000001,
        1.411182,
        0.0,
        0.142029,
        0.9659009999999999,
        0.7162759999999999,
        2.366037,
        0.152724,
        0.949298
    ],
    [
        0.547566,
        1.1530340000000001,
        0.518726,
        1.5814670000000002,
        0.27725,
        0.5708880000000001,
        1.248434,
        1.565411,
        1.341884,
        0.290806,
        0.312122,
        1.5019870000000002,
        1.427358,
        0.142029,
        0.0,
        0.9381499999999999,
        0.75816,
        2.297389,
        0.273685,
        0.922308
    ],
    [
        1.4857159999999998,
        1.8296890000000001,
        1.456876,
        2.4351700000000003,
        1.2154010000000002,
        1.509038,
        1.685031,
        2.4261179999999998,
        2.195587,
        1.228956,
        1.1863489999999999,
        2.001068,
        2.2810610000000002,
        0.9659009999999999,
        0.9381499999999999,
        0.0,
        1.69631,
        3.23554,
        1.016486,
        1.8604580000000002
    ],
    [
        0.31411399999999995,
        1.176277,
        0.32905399999999996,
        0.837596,
        0.490948,
        0.5618650000000001,
        1.023215,
        0.8215399999999999,
        0.598012,
        0.493385,
        0.44335,
        0.963398,
        0.683486,
        0.7162759999999999,
        0.75816,
        1.69631,
        0.0,
        1.700267,
        0.7229840000000001,
        0.261077
    ],
    [
        1.953468,
        1.9922650000000002,
        1.992448,
        1.110228,
        2.130301,
        1.896948,
        2.365686,
        0.920956,
        1.157413,
        2.132739,
        2.093111,
        2.2820479999999996,
        1.011112,
        2.366037,
        2.297389,
        3.23554,
        1.700267,
        0.0,
        2.3736509999999997,
        1.531933
    ],
    [
        0.767363,
        1.343856,
        0.642884,
        1.517229,
        0.497427,
        0.867975,
        1.092647,
        1.5081769999999999,
        1.277646,
        0.499865,
        0.296046,
        1.3462,
        1.3631199999999999,
        0.152724,
        0.273685,
        1.016486,
        0.7229840000000001,
        2.3736509999999997,
        0.0,
        1.0166849999999998
    ],
    [
        0.515393,
        1.1941089999999999,
        0.554373,
        0.687298,
        0.6922269999999999,
        0.653215,
        1.216344,
        0.6664589999999999,
        0.445183,
        0.694664,
        0.676373,
        1.132706,
        0.5320349999999999,
        0.949298,
        0.922308,
        1.8604580000000002,
        0.261077,
        1.531933,
        1.0166849999999998,
        0.0
    ]
]