[
    [
        0.0,
        2.635741,
        1.194601,
        1.533764,
        0.171854,
        2.530153,
        0.967296,
        0.8820650000000001,
        0.579576,
        1.06769,
        2.2279769999999997,
        2.990084,
        1.763425,
        0.8556849999999999,
        3.09478,
        1.514127,
        2.9681010000000003,
        1.930518,
        2.9753600000000002,
        2.387489,
        1.5414960000000002,
        1.363697,
        0.380442,
        2.366602,
        3.115824,
        1.010985,
        1.019438,
        3.143773,
        2.534993,
        3.404309,
        0.8570610000000001,
        2.976178,
        2.9934209999999997,
        1.9530509999999999,
        0.35098599999999996,
        1.9506089999999998
    ],
    [
        2.635741,
        0.0,
        1.733885,
        1.3292599999999999,
        2.464276,
        1.040012,
        1.709841,
        3.1822150000000002,
        3.215706,
        2.3970949999999998,
        2.209641,
        3.7710909999999997,
        1.092682,
        2.618255,
        0.975504,
        1.599876,
        3.749107,
        1.6548409999999998,
        1.6413710000000001,
        4.495952,
        1.115252,
        2.250112,
        2.2868969999999997,
        3.147608,
        1.051403,
        1.7670139999999999,
        1.7619829999999999,
        3.92478,
        1.501533,
        2.303441,
        2.017682,
        2.1720520000000003,
        3.774427,
        1.4533989999999999,
        2.285144,
        1.455841
    ],
    [
        1.194601,
        1.733885,
        0.0,
        0.40462400000000004,
        1.0227469999999999,
        1.401014,
        0.955725,
        1.7406869999999999,
        1.774177,
        1.582181,
        2.216406,
        3.211785,
        1.638212,
        1.377366,
        2.64055,
        0.774597,
        3.1898020000000002,
        1.834538,
        1.84622,
        3.115996,
        1.407159,
        1.6109280000000001,
        0.892872,
        2.588302,
        2.661594,
        0.6087720000000001,
        1.007867,
        3.3654740000000003,
        1.3833820000000001,
        3.392738,
        0.34925900000000004,
        2.964607,
        3.215122,
        1.827838,
        0.891119,
        1.825396
    ],
    [
        1.533764,
        1.3292599999999999,
        0.40462400000000004,
        0.0,
        1.3619100000000002,
        0.99639,
        1.148676,
        2.0798490000000003,
        2.11334,
        1.921343,
        2.206031,
        3.445742,
        1.411964,
        1.716529,
        2.339372,
        0.8919020000000001,
        3.423759,
        1.60829,
        1.565835,
        3.455158,
        1.1837449999999998,
        1.8448849999999999,
        1.232035,
        2.8222600000000004,
        2.415272,
        0.947935,
        1.241825,
        3.599431,
        1.158001,
        3.232446,
        0.688422,
        2.804315,
        3.4490790000000002,
        1.6015899999999998,
        1.2302819999999999,
        1.599148
    ],
    [
        0.171854,
        2.464276,
        1.0227469999999999,
        1.3619100000000002,
        0.0,
        2.3583000000000003,
        0.795442,
        0.76006,
        0.7514299999999999,
        0.945686,
        2.056123,
        2.86808,
        1.5915709999999998,
        0.733681,
        2.922926,
        1.342272,
        2.846096,
        1.758664,
        2.803506,
        2.265485,
        1.369642,
        1.241692,
        0.208588,
        2.244597,
        2.9439699999999998,
        0.839131,
        0.8475839999999999,
        3.021769,
        2.389064,
        3.232455,
        0.685207,
        2.8043240000000003,
        2.871417,
        1.781197,
        0.179132,
        1.778755
    ],
    [
        2.530153,
        1.040012,
        1.401014,
        0.99639,
        2.3583000000000003,
        0.0,
        1.7423170000000001,
        3.023016,
        2.994067,
        2.540163,
        2.799673,
        4.039383,
        1.7783330000000002,
        2.659696,
        2.015516,
        1.4855440000000002,
        4.0174,
        2.201932,
        0.651477,
        4.398326,
        1.715878,
        2.438527,
        2.175202,
        3.415901,
        2.091415,
        1.652682,
        1.8354659999999998,
        4.193072,
        0.461521,
        3.343453,
        1.631589,
        3.212064,
        4.04272,
        2.13905,
        2.173449,
        2.1414920000000004
    ],
    [
        0.967296,
        1.709841,
        0.955725,
        1.148676,
        0.795442,
        1.7423170000000001,
        0.0,
        1.513381,
        1.546872,
        0.797846,
        1.3016880000000002,
        2.2970659999999996,
        0.837136,
        1.019006,
        2.168491,
        0.592751,
        2.275083,
        1.004229,
        2.325328,
        3.021928,
        0.615207,
        0.69621,
        0.618063,
        1.673584,
        2.189535,
        0.433838,
        0.093149,
        2.4507559999999997,
        2.006293,
        2.47802,
        0.618185,
        2.0498890000000003,
        2.3004029999999998,
        1.026762,
        0.6163099999999999,
        1.02432
    ],
    [
        0.8820650000000001,
        3.1822150000000002,
        1.7406869999999999,
        2.0798490000000003,
        0.76006,
        3.023016,
        1.513381,
        0.0,
        0.968096,
        1.0810119999999999,
        2.138816,
        2.342708,
        2.29622,
        0.869007,
        3.627574,
        2.064788,
        2.320725,
        2.1211309999999997,
        3.526021,
        1.6393630000000001,
        2.074291,
        1.377019,
        0.908336,
        1.7192260000000001,
        3.470165,
        1.5616459999999999,
        1.437438,
        2.496397,
        3.128644,
        3.1004329999999998,
        1.407722,
        3.092136,
        2.346045,
        2.114431,
        0.9016470000000001,
        2.111989
    ],
    [
        0.579576,
        3.215706,
        1.774177,
        2.11334,
        0.7514299999999999,
        2.994067,
        1.546872,
        0.968096,
        0.0,
        1.620098,
        2.743131,
        3.248523,
        2.343001,
        1.408093,
        3.6743560000000004,
        2.093703,
        3.22654,
        2.510094,
        3.4924969999999997,
        2.628693,
        2.1210720000000003,
        1.916105,
        0.960018,
        2.625041,
        3.6954000000000002,
        1.590561,
        1.599014,
        3.402212,
        2.951918,
        3.9838850000000003,
        1.436637,
        3.555754,
        3.25186,
        2.5326269999999997,
        0.930562,
        2.530185
    ],
    [
        1.06769,
        2.3970949999999998,
        1.582181,
        1.921343,
        0.945686,
        2.540163,
        0.797846,
        1.0810119999999999,
        1.620098,
        0.0,
        1.123033,
        1.922394,
        1.551948,
        0.212005,
        2.856135,
        1.390597,
        1.900411,
        1.131144,
        3.123174,
        2.31998,
        1.3028499999999998,
        0.296007,
        0.8724379999999999,
        1.298912,
        2.712029,
        1.220889,
        0.735193,
        2.076083,
        2.804138,
        2.355216,
        1.244641,
        2.176804,
        1.925731,
        1.191231,
        0.9018930000000001,
        1.188789
    ],
    [
        2.2279769999999997,
        2.209641,
        2.216406,
        2.206031,
        2.056123,
        2.799673,
        1.3016880000000002,
        2.138816,
        2.743131,
        1.123033,
        0.0,
        1.650704,
        1.116959,
        1.335038,
        2.470932,
        1.856203,
        1.628721,
        0.612004,
        3.342384,
        2.3755659999999996,
        1.1437739999999998,
        0.8270270000000001,
        1.876819,
        1.027222,
        2.2178809999999998,
        1.7355260000000001,
        1.239035,
        1.804394,
        3.028062,
        1.232183,
        1.878866,
        1.141329,
        1.6540409999999999,
        0.7780159999999999,
        1.8750660000000001,
        0.780458
    ],
    [
        2.990084,
        3.7710909999999997,
        3.211785,
        3.445742,
        2.86808,
        4.039383,
        2.2970659999999996,
        2.342708,
        3.248523,
        1.922394,
        1.650704,
        0.0,
        2.6757910000000003,
        2.128871,
        4.029764,
        2.88429,
        0.021981999999999998,
        2.170836,
        4.616867,
        1.068816,
        2.7026060000000003,
        1.62086,
        2.789304,
        0.6234829999999999,
        3.510544,
        2.725377,
        2.228886,
        0.153689,
        4.297831,
        1.93228,
        2.868717,
        2.237596,
        0.003337,
        2.336848,
        2.81876,
        2.33929
    ],
    [
        1.763425,
        1.092682,
        1.638212,
        1.411964,
        1.5915709999999998,
        1.7783330000000002,
        0.837136,
        2.29622,
        2.343001,
        1.551948,
        1.116959,
        2.6757910000000003,
        0.0,
        1.763954,
        1.3539729999999999,
        1.092527,
        2.656425,
        0.562159,
        2.361344,
        3.40327,
        0.24293700000000001,
        1.2559420000000001,
        1.4145809999999999,
        2.054926,
        1.3750170000000002,
        1.132872,
        0.889667,
        2.832098,
        2.059867,
        2.112761,
        1.414704,
        1.68463,
        2.681746,
        0.360717,
        1.412828,
        0.36316000000000004
    ],
    [
        0.8556849999999999,
        2.618255,
        1.377366,
        1.716529,
        0.733681,
        2.659696,
        1.019006,
        0.869007,
        1.408093,
        0.212005,
        1.335038,
        2.128871,
        1.763954,
        0.0,
        3.0772939999999998,
        1.611757,
        2.112416,
        1.343149,
        3.158125,
        2.1079760000000003,
        1.52401,
        0.508012,
        0.667624,
        1.5109169999999998,
        2.9240340000000002,
        1.19375,
        0.9563529999999999,
        2.288088,
        2.743684,
        2.567221,
        1.039826,
        2.388809,
        2.137736,
        1.4032360000000001,
        0.697079,
        1.400794
    ],
    [
        3.09478,
        0.975504,
        2.64055,
        2.339372,
        2.922926,
        2.015516,
        2.168491,
        3.627574,
        3.6743560000000004,
        2.856135,
        2.470932,
        4.029764,
        1.3539729999999999,
        3.0772939999999998,
        0.0,
        2.219764,
        4.010398,
        1.9161320000000002,
        2.616875,
        4.757243000000001,
        1.5742909999999999,
        2.609915,
        2.745547,
        3.408899,
        0.943568,
        2.354588,
        2.221022,
        4.186071,
        2.4770369999999997,
        2.33811,
        2.625846,
        2.206721,
        4.035719,
        1.71469,
        2.743793,
        1.717132
    ],
    [
        1.514127,
        1.599876,
        0.774597,
        0.8919020000000001,
        1.342272,
        1.4855440000000002,
        0.592751,
        2.064788,
        2.093703,
        1.390597,
        1.856203,
        2.88429,
        1.092527,
        1.611757,
        2.219764,
        0.0,
        2.8678339999999998,
        1.274136,
        2.068555,
        3.38847,
        0.849591,
        1.288961,
        1.2123979999999999,
        2.266335,
        2.2444349999999997,
        0.503116,
        0.6859,
        3.043507,
        1.749519,
        2.898291,
        0.6709769999999999,
        2.47016,
        2.893154,
        1.267436,
        1.210645,
        1.264994
    ],
    [
        2.9681010000000003,
        3.749107,
        3.1898020000000002,
        3.423759,
        2.846096,
        4.0174,
        2.275083,
        2.320725,
        3.22654,
        1.900411,
        1.628721,
        0.021981999999999998,
        2.656425,
        2.112416,
        4.010398,
        2.8678339999999998,
        0.0,
        2.148853,
        4.594882999999999,
        1.069107,
        2.680623,
        1.598876,
        2.767321,
        0.6015,
        3.4885610000000002,
        2.703394,
        2.2069029999999996,
        0.175671,
        4.275848,
        1.910296,
        2.846734,
        2.215613,
        0.025318999999999998,
        2.3148649999999997,
        2.796777,
        2.317307
    ],
    [
        1.930518,
        1.6548409999999998,
        1.834538,
        1.60829,
        1.758664,
        2.201932,
        1.004229,
        2.1211309999999997,
        2.510094,
        1.131144,
        0.612004,
        2.170836,
        0.562159,
        1.343149,
        1.9161320000000002,
        1.274136,
        2.148853,
        0.0,
        2.744643,
        2.898315,
        0.546033,
        0.835138,
        1.5793599999999999,
        1.549971,
        1.760823,
        1.314481,
        0.941576,
        2.327143,
        2.4303209999999997,
        1.638418,
        1.581407,
        1.2102870000000001,
        2.17679,
        0.21552600000000002,
        1.577607,
        0.213084
    ],
    [
        2.9753600000000002,
        1.6413710000000001,
        1.84622,
        1.565835,
        2.803506,
        0.651477,
        2.325328,
        3.526021,
        3.4924969999999997,
        3.123174,
        3.342384,
        4.616867,
        2.361344,
        3.158125,
        2.616875,
        2.068555,
        4.594882999999999,
        2.744643,
        0.0,
        4.896755,
        2.298889,
        3.024867,
        2.673631,
        3.998912,
        2.692774,
        2.239021,
        2.421806,
        4.779413,
        0.9569059999999999,
        3.9448119999999998,
        2.130018,
        3.813423,
        4.629060000000001,
        2.722061,
        2.668834,
        2.7245030000000003
    ],
    [
        2.387489,
        4.495952,
        3.115996,
        3.455158,
        2.265485,
        4.398326,
        3.021928,
        1.6393630000000001,
        2.628693,
        2.31998,
        2.3755659999999996,
        1.068816,
        3.40327,
        2.1079760000000003,
        4.757243000000001,
        3.38847,
        1.069107,
        2.898315,
        4.896755,
        0.0,
        3.427993,
        2.346247,
        2.406253,
        1.3488699999999998,
        4.493394,
        2.93238,
        2.954273,
        1.1435119999999999,
        4.482313,
        2.915128,
        2.7784560000000003,
        3.2204450000000002,
        1.072153,
        3.0622350000000003,
        2.371213,
        3.064677
    ],
    [
        1.5414960000000002,
        1.115252,
        1.407159,
        1.1837449999999998,
        1.369642,
        1.715878,
        0.615207,
        2.074291,
        2.1210720000000003,
        1.3028499999999998,
        1.1437739999999998,
        2.7026060000000003,
        0.24293700000000001,
        1.52401,
        1.5742909999999999,
        0.849591,
        2.680623,
        0.546033,
        2.298889,
        3.427993,
        0.0,
        1.155866,
        1.1922629999999999,
        2.081741,
        1.595335,
        0.8899349999999999,
        0.667738,
        2.858913,
        1.984567,
        2.170188,
        1.161193,
        1.742057,
        2.70856,
        0.502716,
        1.190899,
        0.505159
    ],
    [
        1.363697,
        2.250112,
        1.6109280000000001,
        1.8448849999999999,
        1.241692,
        2.438527,
        0.69621,
        1.377019,
        1.916105,
        0.296007,
        0.8270270000000001,
        1.62086,
        1.2559420000000001,
        0.508012,
        2.609915,
        1.288961,
        1.598876,
        0.835138,
        3.024867,
        2.346247,
        1.155866,
        0.0,
        1.168445,
        1.002905,
        2.416022,
        1.130048,
        0.633557,
        1.780077,
        2.702502,
        2.0592089999999996,
        1.273388,
        1.880797,
        1.629724,
        0.895225,
        1.1979000000000002,
        0.8927820000000001
    ],
    [
        0.380442,
        2.2868969999999997,
        0.892872,
        1.232035,
        0.208588,
        2.175202,
        0.618063,
        0.908336,
        0.960018,
        0.8724379999999999,
        1.876819,
        2.789304,
        1.4145809999999999,
        0.667624,
        2.745547,
        1.2123979999999999,
        2.767321,
        1.5793599999999999,
        2.673631,
        2.406253,
        1.1922629999999999,
        1.168445,
        0.0,
        2.17135,
        2.766591,
        0.709256,
        0.670205,
        2.9485210000000004,
        2.2591900000000003,
        3.055076,
        0.555332,
        2.626945,
        2.7981689999999997,
        1.603818,
        0.029455,
        1.601376
    ],
    [
        2.366602,
        3.147608,
        2.588302,
        2.8222600000000004,
        2.244597,
        3.415901,
        1.673584,
        1.7192260000000001,
        2.625041,
        1.298912,
        1.027222,
        0.6234829999999999,
        2.054926,
        1.5109169999999998,
        3.408899,
        2.266335,
        0.6015,
        1.549971,
        3.998912,
        1.3488699999999998,
        2.081741,
        1.002905,
        2.17135,
        0.0,
        3.125154,
        2.1018939999999997,
        1.605403,
        0.777172,
        3.674348,
        1.755719,
        2.245234,
        1.952298,
        0.62682,
        1.713365,
        2.195277,
        1.715808
    ],
    [
        3.115824,
        1.051403,
        2.661594,
        2.415272,
        2.9439699999999998,
        2.091415,
        2.189535,
        3.470165,
        3.6954000000000002,
        2.712029,
        2.2178809999999998,
        3.510544,
        1.3750170000000002,
        2.9240340000000002,
        0.943568,
        2.2444349999999997,
        3.4885610000000002,
        1.760823,
        2.692774,
        4.493394,
        1.595335,
        2.416022,
        2.766591,
        3.125154,
        0.0,
        2.3756329999999997,
        2.276878,
        3.6628670000000003,
        2.5529360000000003,
        1.614462,
        2.64689,
        1.483073,
        3.512515,
        1.731972,
        2.8000390000000004,
        1.734415
    ],
    [
        1.010985,
        1.7670139999999999,
        0.6087720000000001,
        0.947935,
        0.839131,
        1.652682,
        0.433838,
        1.5616459999999999,
        1.590561,
        1.220889,
        1.7355260000000001,
        2.725377,
        1.132872,
        1.19375,
        2.354588,
        0.503116,
        2.703394,
        1.314481,
        2.239021,
        2.93238,
        0.8899349999999999,
        1.130048,
        0.709256,
        2.1018939999999997,
        2.3756329999999997,
        0.0,
        0.526987,
        2.884594,
        1.9166569999999998,
        2.911858,
        0.27123200000000003,
        2.483727,
        2.734242,
        1.310615,
        0.707503,
        1.3081720000000001
    ],
    [
        1.019438,
        1.7619829999999999,
        1.007867,
        1.241825,
        0.8475839999999999,
        1.8354659999999998,
        0.093149,
        1.437438,
        1.599014,
        0.735193,
        1.239035,
        2.228886,
        0.889667,
        0.9563529999999999,
        2.221022,
        0.6859,
        2.2069029999999996,
        0.941576,
        2.421806,
        2.954273,
        0.667738,
        0.633557,
        0.670205,
        1.605403,
        2.276878,
        0.526987,
        0.0,
        2.388103,
        2.0994409999999997,
        2.4153670000000003,
        0.670327,
        1.987236,
        2.2377510000000003,
        1.001663,
        0.668452,
        0.999221
    ],
    [
        3.143773,
        3.92478,
        3.3654740000000003,
        3.599431,
        3.021769,
        4.193072,
        2.4507559999999997,
        2.496397,
        3.402212,
        2.076083,
        1.804394,
        0.153689,
        2.832098,
        2.288088,
        4.186071,
        3.043507,
        0.175671,
        2.327143,
        4.779413,
        1.1435119999999999,
        2.858913,
        1.780077,
        2.9485210000000004,
        0.777172,
        3.6628670000000003,
        2.884594,
        2.388103,
        0.0,
        4.451521,
        2.085969,
        3.022406,
        2.391285,
        0.150352,
        2.490537,
        2.972449,
        2.4929789999999996
    ],
    [
        2.534993,
        1.501533,
        1.3833820000000001,
        1.158001,
        2.389064,
        0.461521,
        2.006293,
        3.128644,
        2.951918,
        2.804138,
        3.028062,
        4.297831,
        2.059867,
        2.743684,
        2.4770369999999997,
        1.749519,
        4.275848,
        2.4303209999999997,
        0.9569059999999999,
        4.482313,
        1.984567,
        2.702502,
        2.2591900000000003,
        3.674348,
        2.5529360000000003,
        1.9166569999999998,
        2.0994409999999997,
        4.451521,
        0.0,
        3.804974,
        1.715577,
        3.677924,
        4.32001,
        2.41634,
        2.257437,
        2.418782
    ],
    [
        3.404309,
        2.303441,
        3.392738,
        3.232446,
        3.232455,
        3.343453,
        2.47802,
        3.1004329999999998,
        3.9838850000000003,
        2.355216,
        1.232183,
        1.93228,
        2.112761,
        2.567221,
        2.33811,
        2.898291,
        1.910296,
        1.638418,
        3.9448119999999998,
        2.915128,
        2.170188,
        2.0592089999999996,
        3.055076,
        1.755719,
        1.614462,
        2.911858,
        2.4153670000000003,
        2.085969,
        3.804974,
        0.0,
        3.055198,
        0.428131,
        1.93425,
        1.773817,
        3.0513980000000003,
        1.77626
    ],
    [
        0.8570610000000001,
        2.017682,
        0.34925900000000004,
        0.688422,
        0.685207,
        1.631589,
        0.618185,
        1.407722,
        1.436637,
        1.244641,
        1.878866,
        2.868717,
        1.414704,
        1.039826,
        2.625846,
        0.6709769999999999,
        2.846734,
        1.581407,
        2.130018,
        2.7784560000000003,
        1.161193,
        1.273388,
        0.555332,
        2.245234,
        2.64689,
        0.27123200000000003,
        0.670327,
        3.022406,
        1.715577,
        3.055198,
        0.0,
        2.627067,
        2.877582,
        1.5818720000000002,
        0.5535789999999999,
        1.5794300000000001
    ],
    [
        2.976178,
        2.1720520000000003,
        2.964607,
        2.804315,
        2.8043240000000003,
        3.212064,
        2.0498890000000003,
        3.092136,
        3.555754,
        2.176804,
        1.141329,
        2.237596,
        1.68463,
        2.388809,
        2.206721,
        2.47016,
        2.215613,
        1.2102870000000001,
        3.813423,
        3.2204450000000002,
        1.742057,
        1.880797,
        2.626945,
        1.952298,
        1.483073,
        2.483727,
        1.987236,
        2.391285,
        3.677924,
        0.428131,
        2.627067,
        0.0,
        2.239567,
        1.3456869999999999,
        2.623268,
        1.348129
    ],
    [
        2.9934209999999997,
        3.774427,
        3.215122,
        3.4490790000000002,
        2.871417,
        4.04272,
        2.3004029999999998,
        2.346045,
        3.25186,
        1.925731,
        1.6540409999999999,
        0.003337,
        2.681746,
        2.137736,
        4.035719,
        2.893154,
        0.025318999999999998,
        2.17679,
        4.629060000000001,
        1.072153,
        2.70856,
        1.629724,
        2.7981689999999997,
        0.62682,
        3.512515,
        2.734242,
        2.2377510000000003,
        0.150352,
        4.32001,
        1.93425,
        2.877582,
        2.239567,
        0.0,
        2.340185,
        2.8220970000000003,
        2.342627
    ],
    [
        1.9530509999999999,
        1.4533989999999999,
        1.827838,
        1.6015899999999998,
        1.781197,
        2.13905,
        1.026762,
        2.114431,
        2.5326269999999997,
        1.191231,
        0.7780159999999999,
        2.336848,
        0.360717,
        1.4032360000000001,
        1.71469,
        1.267436,
        2.3148649999999997,
        0.21552600000000002,
        2.722061,
        3.0622350000000003,
        0.502716,
        0.895225,
        1.603818,
        1.713365,
        1.731972,
        1.310615,
        1.001663,
        2.490537,
        2.41634,
        1.773817,
        1.5818720000000002,
        1.3456869999999999,
        2.340185,
        0.0,
        1.602454,
        0.002442
    ],
    [
        0.35098599999999996,
        2.285144,
        0.891119,
        1.2302819999999999,
        0.179132,
        2.173449,
        0.6163099999999999,
        0.9016470000000001,
        0.930562,
        0.9018930000000001,
        1.8750660000000001,
        2.81876,
        1.412828,
        0.697079,
        2.743793,
        1.210645,
        2.796777,
        1.577607,
        2.668834,
        2.371213,
        1.190899,
        1.1979000000000002,
        0.029455,
        2.195277,
        2.8000390000000004,
        0.707503,
        0.668452,
        2.972449,
        2.257437,
        3.0513980000000003,
        0.5535789999999999,
        2.623268,
        2.8220970000000003,
        1.602454,
        0.0,
        1.599623
    ],
    [
        1.9506089999999998,
        1.455841,
        1.825396,
        1.599148,
        1.778755,
        2.1414920000000004,
        1.02432,
        2.111989,
        2.530185,
        1.188789,
        0.780458,
        2.33929,
        0.36316000000000004,
        1.400794,
        1.717132,
        1.264994,
        2.317307,
        0.213084,
        2.7245030000000003,
        3.064677,
        0.505159,
        0.8927820000000001,
        1.601376,
        1.715808,
        1.734415,
        1.3081720000000001,
        0.999221,
        2.4929789999999996,
        2.418782,
        1.77626,
        1.5794300000000001,
        1.348129,
        2.342627,
        0.002442,
        1.599623,
        0.0
    ]
]