[
    [
        0.0,
        1.542651,
        1.104571,
        1.4303599999999999,
        1.115435,
        1.474718,
        1.821804,
        2.187422,
        1.817021,
        0.9673529999999999,
        1.764962,
        1.1361590000000001,
        2.530234,
        1.32124,
        1.305567,
        1.0401449999999999,
        1.065898,
        1.125637,
        2.1261289999999997,
        1.4547919999999999
    ],
    [
        1.542651,
        0.0,
        1.197282,
        1.178241,
        1.48493,
        0.26063200000000003,
        1.055149,
        1.268348,
        1.056989,
        1.393182,
        0.998307,
        1.167084,
        2.8828110000000002,
        1.015179,
        1.0748550000000001,
        0.615909,
        1.617456,
        1.516432,
        1.2294500000000002,
        0.688136
    ],
    [
        1.104571,
        1.197282,
        0.0,
        0.38424,
        0.437809,
        1.089999,
        0.957393,
        1.4684549999999998,
        0.959233,
        0.349235,
        0.900551,
        0.091122,
        1.965036,
        0.227561,
        0.259935,
        0.588576,
        0.564671,
        0.469311,
        1.407162,
        0.59038
    ],
    [
        1.4303599999999999,
        1.178241,
        0.38424,
        0.0,
        0.758008,
        1.2063989999999998,
        0.191589,
        1.051272,
        0.197886,
        0.66826,
        0.27365,
        0.349428,
        2.026344,
        0.44036000000000003,
        0.376335,
        0.899103,
        0.88487,
        0.78951,
        0.989979,
        0.70678
    ],
    [
        1.115435,
        1.48493,
        0.437809,
        0.758008,
        0.0,
        1.422793,
        1.336263,
        1.847325,
        1.338103,
        0.20100200000000001,
        1.2794210000000001,
        0.469397,
        1.7722449999999998,
        0.655541,
        0.638805,
        0.874684,
        0.115226,
        0.06436,
        1.7860319999999998,
        0.96925
    ],
    [
        1.474718,
        0.26063200000000003,
        1.089999,
        1.2063989999999998,
        1.422793,
        0.0,
        0.93963,
        1.007662,
        0.94147,
        1.3255029999999999,
        0.882788,
        1.051565,
        2.767292,
        0.96069,
        0.959336,
        0.5482290000000001,
        1.549776,
        1.448752,
        0.968763,
        0.5656
    ],
    [
        1.821804,
        1.055149,
        0.957393,
        0.191589,
        1.336263,
        0.93963,
        0.0,
        0.969746,
        0.074794,
        1.304713,
        0.151159,
        0.985881,
        2.309681,
        1.076813,
        1.012789,
        1.1005550000000002,
        1.5213240000000001,
        1.4259629999999999,
        0.908453,
        0.747695
    ],
    [
        2.187422,
        1.268348,
        1.4684549999999998,
        1.051272,
        1.847325,
        1.007662,
        0.969746,
        0.0,
        0.922489,
        1.763865,
        0.76949,
        1.4433710000000002,
        2.69073,
        1.366463,
        1.3511410000000001,
        1.294096,
        1.979301,
        1.883941,
        0.061293,
        0.890262
    ],
    [
        1.817021,
        1.056989,
        0.959233,
        0.197886,
        1.338103,
        0.94147,
        0.074794,
        0.922489,
        0.0,
        1.3154590000000002,
        0.152999,
        0.9966269999999999,
        2.320427,
        1.087559,
        1.0235349999999999,
        1.102395,
        1.53207,
        1.436709,
        0.866737,
        0.749535
    ],
    [
        0.9673529999999999,
        1.393182,
        0.349235,
        0.66826,
        0.20100200000000001,
        1.3255029999999999,
        1.304713,
        1.763865,
        1.3154590000000002,
        0.0,
        1.2000419999999998,
        0.390018,
        1.9192049999999998,
        0.55813,
        0.5594260000000001,
        0.777274,
        0.276021,
        0.225155,
        1.706653,
        0.889871
    ],
    [
        1.764962,
        0.998307,
        0.900551,
        0.27365,
        1.2794210000000001,
        0.882788,
        0.151159,
        0.76949,
        0.152999,
        1.2000419999999998,
        0.0,
        1.06757,
        2.391369,
        1.070779,
        1.055458,
        0.947438,
        1.6030119999999999,
        1.507652,
        0.71178,
        0.5945779999999999
    ],
    [
        1.1361590000000001,
        1.167084,
        0.091122,
        0.349428,
        0.469397,
        1.051565,
        0.985881,
        1.4433710000000002,
        0.9966269999999999,
        0.390018,
        1.06757,
        0.0,
        1.910383,
        0.25964,
        0.23022499999999999,
        0.6201639999999999,
        0.59626,
        0.500899,
        1.377452,
        0.56067
    ],
    [
        2.530234,
        2.8828110000000002,
        1.965036,
        2.026344,
        1.7722449999999998,
        2.767292,
        2.309681,
        2.69073,
        2.320427,
        1.9192049999999998,
        2.391369,
        1.910383,
        0.0,
        2.025345,
        1.96132,
        2.3976170000000003,
        1.709521,
        1.716758,
        2.63123,
        2.291765
    ],
    [
        1.32124,
        1.015179,
        0.227561,
        0.44036000000000003,
        0.655541,
        0.96069,
        1.076813,
        1.366463,
        1.087559,
        0.55813,
        1.070779,
        0.25964,
        2.025345,
        0.0,
        0.06402500000000001,
        0.44775,
        0.77674,
        0.68138,
        1.2988199999999999,
        0.482038
    ],
    [
        1.305567,
        1.0748550000000001,
        0.259935,
        0.376335,
        0.638805,
        0.959336,
        1.012789,
        1.3511410000000001,
        1.0235349999999999,
        0.5594260000000001,
        1.055458,
        0.23022499999999999,
        1.96132,
        0.06402500000000001,
        0.0,
        0.6892659999999999,
        0.765667,
        0.670307,
        1.284735,
        0.46795299999999995
    ],
    [
        1.0401449999999999,
        0.615909,
        0.588576,
        0.899103,
        0.874684,
        0.5482290000000001,
        1.1005550000000002,
        1.294096,
        1.102395,
        0.777274,
        0.947438,
        0.6201639999999999,
        2.3976170000000003,
        0.44775,
        0.6892659999999999,
        0.0,
        0.995884,
        0.9005230000000001,
        1.17722,
        0.426094
    ],
    [
        1.065898,
        1.617456,
        0.564671,
        0.88487,
        0.115226,
        1.549776,
        1.5213240000000001,
        1.979301,
        1.53207,
        0.276021,
        1.6030119999999999,
        0.59626,
        1.709521,
        0.77674,
        0.765667,
        0.995884,
        0.0,
        0.059738,
        1.912895,
        1.096112
    ],
    [
        1.125637,
        1.516432,
        0.469311,
        0.78951,
        0.06436,
        1.448752,
        1.4259629999999999,
        1.883941,
        1.436709,
        0.225155,
        1.507652,
        0.500899,
        1.716758,
        0.68138,
        0.670307,
        0.9005230000000001,
        0.059738,
        0.0,
        1.8175340000000002,
        1.0007519999999999
    ],
    [
        2.1261289999999997,
        1.2294500000000002,
        1.407162,
        0.989979,
        1.7860319999999998,
        0.968763,
        0.908453,
        0.061293,
        0.866737,
        1.706653,
        0.71178,
        1.377452,
        2.63123,
        1.2988199999999999,
        1.284735,
        1.17722,
        1.912895,
        1.8175340000000002,
        0.0,
        0.824258
    ],
    [
        1.4547919999999999,
        0.688136,
        0.59038,
        0.70678,
        0.96925,
        0.5656,
        0.747695,
        0.890262,
        0.749535,
        0.889871,
        0.5945779999999999,
        0.56067,
        2.291765,
        0.482038,
        0.46795299999999995,
        0.426094,
        1.096112,
        1.0007519999999999,
        0.824258,
        0.0
    ]
]