[
    [
        0.0,
        3.029217,
        2.071025,
        2.353275,
        2.5193890000000003,
        1.88506,
        0.131402,
        1.8695350000000002,
        4.370038999999999,
        2.070747,
        0.284353,
        2.095493,
        1.915436,
        0.41471800000000003,
        1.825736,
        1.288251,
        1.886695,
        1.8986079999999999
    ],
    [
        3.029217,
        0.0,
        2.434672,
        1.847279,
        4.361184000000001,
        2.606194,
        2.9493009999999997,
        2.2289749999999997,
        2.340574,
        4.661493999999999,
        2.747258,
        2.636197,
        2.543933,
        2.647814,
        2.0825210000000003,
        1.729831,
        2.652567,
        1.225891
    ],
    [
        2.071025,
        2.434672,
        0.0,
        0.9214410000000001,
        4.566255,
        0.217808,
        2.085782,
        0.22528399999999998,
        4.230063,
        3.968587,
        2.055026,
        0.203103,
        0.166497,
        1.877837,
        0.40732999999999997,
        1.1388589999999998,
        0.260115,
        1.4380950000000001
    ],
    [
        2.353275,
        1.847279,
        0.9214410000000001,
        0.0,
        4.853529000000001,
        1.11333,
        2.374037,
        0.8064629999999999,
        3.848807,
        4.415412,
        2.227095,
        1.122917,
        1.051069,
        2.058058,
        0.7340059999999999,
        1.2475809999999998,
        1.1608289999999999,
        1.025186
    ],
    [
        2.5193890000000003,
        4.361184000000001,
        4.566255,
        4.853529000000001,
        0.0,
        4.37622,
        2.54221,
        4.3606940000000005,
        5.359259,
        0.6889919999999999,
        2.752738,
        4.586652,
        4.406595,
        2.9083829999999997,
        4.316896,
        3.781568,
        4.377854,
        3.875016
    ],
    [
        1.88506,
        2.606194,
        0.217808,
        1.11333,
        4.37622,
        0.0,
        1.899818,
        0.39942300000000003,
        4.2308,
        3.782622,
        1.8690609999999999,
        0.24227600000000002,
        0.062218,
        1.691872,
        0.56301,
        1.1492550000000001,
        0.14304,
        1.6096169999999999
    ],
    [
        0.131402,
        2.9493009999999997,
        2.085782,
        2.374037,
        2.54221,
        1.899818,
        0.0,
        1.8864480000000001,
        4.2859989999999994,
        2.098204,
        0.301267,
        2.112407,
        1.93235,
        0.431632,
        1.8426500000000001,
        1.305165,
        1.9036089999999999,
        1.814568
    ],
    [
        1.8695350000000002,
        2.2289749999999997,
        0.22528399999999998,
        0.8064629999999999,
        4.3606940000000005,
        0.39942300000000003,
        1.8864480000000001,
        0.0,
        4.021636,
        3.782615,
        1.854527,
        0.428387,
        0.33716199999999996,
        1.677338,
        0.199935,
        0.931465,
        0.445797,
        1.2307000000000001
    ],
    [
        4.370038999999999,
        2.340574,
        4.230063,
        3.848807,
        5.359259,
        4.2308,
        4.2859989999999994,
        4.021636,
        0.0,
        5.672822,
        4.084831,
        4.383122,
        4.261175000000001,
        3.987543,
        3.8325329999999997,
        3.1127469999999997,
        4.25213,
        2.891929
    ],
    [
        2.070747,
        4.661493999999999,
        3.968587,
        4.415412,
        0.6889919999999999,
        3.782622,
        2.098204,
        3.782615,
        5.672822,
        0.0,
        2.313529,
        3.971122,
        3.791065,
        2.470514,
        3.877687,
        3.3423580000000004,
        3.762324,
        3.449012
    ],
    [
        0.284353,
        2.747258,
        2.055026,
        2.227095,
        2.752738,
        1.8690609999999999,
        0.301267,
        1.854527,
        4.084831,
        2.313529,
        0.0,
        2.07583,
        1.895772,
        0.171286,
        1.685499,
        1.0418040000000002,
        1.86929,
        1.6142550000000002
    ],
    [
        2.095493,
        2.636197,
        0.203103,
        1.122917,
        4.586652,
        0.24227600000000002,
        2.112407,
        0.428387,
        4.383122,
        3.971122,
        2.07583,
        0.0,
        0.207828,
        1.9023050000000001,
        0.6071,
        1.301577,
        0.284584,
        1.639621
    ],
    [
        1.915436,
        2.543933,
        0.166497,
        1.051069,
        4.406595,
        0.062218,
        1.93235,
        0.33716199999999996,
        4.261175000000001,
        3.791065,
        1.895772,
        0.207828,
        0.0,
        1.722248,
        0.500748,
        1.1796300000000002,
        0.108592,
        1.547356
    ],
    [
        0.41471800000000003,
        2.647814,
        1.877837,
        2.058058,
        2.9083829999999997,
        1.691872,
        0.431632,
        1.677338,
        3.987543,
        2.470514,
        0.171286,
        1.9023050000000001,
        1.722248,
        0.0,
        1.5164849999999999,
        0.913655,
        1.6957650000000002,
        1.529517
    ],
    [
        1.825736,
        2.0825210000000003,
        0.40732999999999997,
        0.7340059999999999,
        4.316896,
        0.56301,
        1.8426500000000001,
        0.199935,
        3.8325329999999997,
        3.877687,
        1.685499,
        0.6071,
        0.500748,
        1.5164849999999999,
        0.0,
        0.741632,
        0.609383,
        1.085944
    ],
    [
        1.288251,
        1.729831,
        1.1388589999999998,
        1.2475809999999998,
        3.781568,
        1.1492550000000001,
        1.305165,
        0.931465,
        3.1127469999999997,
        3.3423580000000004,
        1.0418040000000002,
        1.301577,
        1.1796300000000002,
        0.913655,
        0.741632,
        0.0,
        1.170586,
        0.627593
    ],
    [
        1.886695,
        2.652567,
        0.260115,
        1.1608289999999999,
        4.377854,
        0.14304,
        1.9036089999999999,
        0.445797,
        4.25213,
        3.762324,
        1.86929,
        0.284584,
        0.108592,
        1.6957650000000002,
        0.609383,
        1.170586,
        0.0,
        1.655991
    ],
    [
        1.8986079999999999,
        1.225891,
        1.4380950000000001,
        1.025186,
        3.875016,
        1.6096169999999999,
        1.814568,
        1.2307000000000001,
        2.891929,
        3.449012,
        1.6142550000000002,
        1.639621,
        1.547356,
        1.529517,
        1.085944,
        0.627593,
        1.655991,
        0.0
    ]
]