[
    [
        0.0,
        1.056229,
        0.213608,
        1.746971,
        2.685773,
        4.003519,
        3.6611599999999997,
        1.746694,
        1.856819,
        2.695928,
        1.965095,
        1.992718,
        2.06007,
        0.949431,
        0.981939,
        2.201349,
        0.910821
    ],
    [
        1.056229,
        0.0,
        1.239674,
        2.119389,
        1.748186,
        3.0659319999999997,
        2.723573,
        1.6406079999999998,
        2.090723,
        1.7586330000000001,
        2.826951,
        2.014087,
        2.181722,
        1.053978,
        0.5627770000000001,
        2.3231599999999997,
        0.439604
    ],
    [
        0.213608,
        1.239674,
        0.0,
        1.639219,
        2.889773,
        4.2078109999999995,
        3.86516,
        1.704625,
        1.6429500000000001,
        2.899928,
        1.751227,
        1.950648,
        2.018,
        0.907361,
        1.178141,
        2.1058310000000002,
        1.1070229999999999
    ],
    [
        1.746971,
        2.119389,
        1.639219,
        0.0,
        2.5632989999999998,
        3.023454,
        2.674031,
        3.312109,
        3.250435,
        2.5098249999999998,
        3.358711,
        3.556525,
        3.6254850000000003,
        2.514846,
        2.562198,
        3.714219,
        2.4910799999999997
    ],
    [
        2.685773,
        1.748186,
        2.889773,
        2.5632989999999998,
        0.0,
        1.365931,
        1.03327,
        3.045147,
        3.847856,
        0.059551,
        4.584244,
        3.7036599999999997,
        3.9385630000000003,
        2.811112,
        2.32321,
        4.080002,
        2.212583
    ],
    [
        4.003519,
        3.0659319999999997,
        4.2078109999999995,
        3.023454,
        1.365931,
        0.0,
        0.39962200000000003,
        4.362010000000001,
        5.166046000000001,
        1.318265,
        5.900656,
        5.0854,
        5.255426000000001,
        4.127683,
        3.639781,
        5.396998,
        3.529154
    ],
    [
        3.6611599999999997,
        2.723573,
        3.86516,
        2.674031,
        1.03327,
        0.39962200000000003,
        0.0,
        4.018773,
        4.8225169999999995,
        0.9747359999999999,
        5.557126,
        4.676702000000001,
        4.911896,
        3.784154,
        3.296252,
        5.053176000000001,
        3.185624
    ],
    [
        1.746694,
        1.6406079999999998,
        1.704625,
        3.312109,
        3.045147,
        4.362010000000001,
        4.018773,
        0.0,
        1.358619,
        3.045906,
        2.0352170000000003,
        1.019444,
        1.389828,
        0.7970280000000001,
        1.172488,
        1.5312670000000002,
        1.196647
    ],
    [
        1.856819,
        2.090723,
        1.6429500000000001,
        3.250435,
        3.847856,
        5.166046000000001,
        4.8225169999999995,
        1.358619,
        0.0,
        3.8496750000000004,
        0.805508,
        0.51136,
        0.47845299999999996,
        1.054637,
        1.533303,
        0.44499299999999997,
        1.656476
    ],
    [
        2.695928,
        1.7586330000000001,
        2.899928,
        2.5098249999999998,
        0.059551,
        1.318265,
        0.9747359999999999,
        3.045906,
        3.8496750000000004,
        0.0,
        4.594107,
        3.7135230000000004,
        3.948719,
        2.820975,
        2.333074,
        4.0902899999999995,
        2.2224459999999997
    ],
    [
        1.965095,
        2.826951,
        1.751227,
        3.358711,
        4.584244,
        5.900656,
        5.557126,
        2.0352170000000003,
        0.805508,
        4.594107,
        0.0,
        1.02066,
        0.6444099999999999,
        1.784203,
        2.262868,
        0.5795119999999999,
        2.386041
    ],
    [
        1.992718,
        2.014087,
        1.950648,
        3.556525,
        3.7036599999999997,
        5.0854,
        4.676702000000001,
        1.019444,
        0.51136,
        3.7135230000000004,
        1.02066,
        0.0,
        0.37767700000000004,
        1.052551,
        1.531501,
        0.519115,
        1.570493
    ],
    [
        2.06007,
        2.181722,
        2.018,
        3.6254850000000003,
        3.9385630000000003,
        5.255426000000001,
        4.911896,
        1.389828,
        0.47845299999999996,
        3.948719,
        0.6444099999999999,
        0.37767700000000004,
        0.0,
        1.144811,
        1.6234760000000001,
        0.141465,
        1.746649
    ],
    [
        0.949431,
        1.053978,
        0.907361,
        2.514846,
        2.811112,
        4.127683,
        3.784154,
        0.7970280000000001,
        1.054637,
        2.820975,
        1.784203,
        1.052551,
        1.144811,
        0.0,
        0.47895,
        1.292241,
        0.6021230000000001
    ],
    [
        0.981939,
        0.5627770000000001,
        1.178141,
        2.562198,
        2.32321,
        3.639781,
        3.296252,
        1.172488,
        1.533303,
        2.333074,
        2.262868,
        1.531501,
        1.6234760000000001,
        0.47895,
        0.0,
        1.764915,
        0.123173
    ],
    [
        2.201349,
        2.3231599999999997,
        2.1058310000000002,
        3.714219,
        4.080002,
        5.396998,
        5.053176000000001,
        1.5312670000000002,
        0.44499299999999997,
        4.0902899999999995,
        0.5795119999999999,
        0.519115,
        0.141465,
        1.292241,
        1.764915,
        0.0,
        1.888088
    ],
    [
        0.910821,
        0.439604,
        1.1070229999999999,
        2.4910799999999997,
        2.212583,
        3.529154,
        3.185624,
        1.196647,
        1.656476,
        2.2224459999999997,
        2.386041,
        1.570493,
        1.746649,
        0.6021230000000001,
        0.123173,
        1.888088,
        0.0
    ]
]