[
    [
        0.0,
        0.306973,
        0.404021,
        1.5518109999999998,
        1.736785,
        1.4741739999999999,
        0.039776000000000006,
        1.983641,
        2.2466709999999996,
        1.961571,
        0.849405,
        0.185547,
        1.940306,
        1.866133,
        2.155847,
        0.27750400000000003,
        0.384681,
        1.862399,
        1.382658,
        2.3490819999999997
    ],
    [
        0.306973,
        0.0,
        0.097048,
        1.463038,
        1.4462449999999998,
        1.506626,
        0.350852,
        2.242547,
        2.473272,
        2.261695,
        1.076006,
        0.149832,
        2.291441,
        2.166257,
        2.2237460000000002,
        0.0294,
        0.077708,
        2.089,
        1.641564,
        2.575683
    ],
    [
        0.404021,
        0.097048,
        0.0,
        1.378547,
        1.4030129999999998,
        1.496208,
        0.39564699999999997,
        2.211958,
        2.57032,
        2.189888,
        1.173054,
        0.24688,
        2.168623,
        2.0944499999999997,
        2.243308,
        0.126448,
        0.067291,
        2.186048,
        1.6109760000000002,
        2.672731
    ],
    [
        1.5518109999999998,
        1.463038,
        1.378547,
        0.0,
        1.143818,
        2.454881,
        1.5058019999999999,
        1.5869559999999998,
        3.312364,
        1.1633959999999999,
        1.985196,
        1.53594,
        1.327806,
        0.994856,
        0.873761,
        1.523264,
        1.416156,
        3.1906399999999997,
        2.0971909999999996,
        3.414775
    ],
    [
        1.736785,
        1.4462449999999998,
        1.4030129999999998,
        1.143818,
        0.0,
        2.386797,
        1.69701,
        2.682299,
        3.941354,
        2.258739,
        2.452344,
        1.596077,
        2.423149,
        1.981797,
        1.862906,
        1.475644,
        1.368536,
        3.557082,
        2.87615,
        4.043765
    ],
    [
        1.4741739999999999,
        1.506626,
        1.496208,
        2.454881,
        2.386797,
        0.0,
        1.717972,
        3.387922,
        3.3960500000000002,
        3.4589380000000003,
        2.221381,
        1.783373,
        3.436817,
        3.3635,
        3.653213,
        1.875329,
        1.773565,
        3.0117779999999996,
        2.786939,
        3.498461
    ],
    [
        0.039776000000000006,
        0.350852,
        0.39564699999999997,
        1.5058019999999999,
        1.69701,
        1.717972,
        0.0,
        1.941463,
        2.286447,
        1.9193930000000001,
        0.88918,
        0.229426,
        1.898128,
        1.8239539999999999,
        2.113668,
        0.321383,
        0.42856,
        1.902174,
        1.3404800000000001,
        2.388857
    ],
    [
        1.983641,
        2.242547,
        2.211958,
        1.5869559999999998,
        2.682299,
        3.387922,
        1.941463,
        0.0,
        2.086667,
        0.5354070000000001,
        1.643212,
        2.121121,
        0.275443,
        0.913902,
        1.272375,
        2.213078,
        2.320255,
        1.930818,
        1.5269949999999999,
        2.1554409999999997
    ],
    [
        2.2466709999999996,
        2.473272,
        2.57032,
        3.312364,
        3.941354,
        3.3960500000000002,
        2.286447,
        2.086667,
        0.0,
        2.358858,
        1.938969,
        2.3518470000000002,
        2.103761,
        2.7658020000000003,
        3.1242739999999998,
        2.443803,
        2.55098,
        0.384272,
        1.5697260000000002,
        0.104191
    ],
    [
        1.961571,
        2.261695,
        2.189888,
        1.1633959999999999,
        2.258739,
        3.4589380000000003,
        1.9193930000000001,
        0.5354070000000001,
        2.358858,
        0.0,
        1.9350509999999999,
        2.211981,
        0.255097,
        0.5561130000000001,
        0.959114,
        2.303938,
        2.32889,
        2.251306,
        1.847484,
        2.475441
    ],
    [
        0.849405,
        1.076006,
        1.173054,
        1.985196,
        2.452344,
        2.221381,
        0.88918,
        1.643212,
        1.938969,
        1.9350509999999999,
        0.0,
        0.9550080000000001,
        1.6921059999999999,
        2.007647,
        2.297361,
        1.046965,
        1.154142,
        1.555125,
        1.042229,
        2.041808
    ],
    [
        0.185547,
        0.149832,
        0.24688,
        1.53594,
        1.596077,
        1.783373,
        0.229426,
        2.121121,
        2.3518470000000002,
        2.211981,
        0.9550080000000001,
        0.0,
        2.170016,
        2.044832,
        2.220991,
        0.120364,
        0.227541,
        1.967575,
        1.520139,
        2.454258
    ],
    [
        1.940306,
        2.291441,
        2.168623,
        1.327806,
        2.423149,
        3.436817,
        1.898128,
        0.275443,
        2.103761,
        0.255097,
        1.6921059999999999,
        2.170016,
        0.0,
        0.720523,
        1.07563,
        2.261973,
        2.235915,
        1.9962090000000001,
        1.592387,
        2.220344
    ],
    [
        1.866133,
        2.166257,
        2.0944499999999997,
        0.994856,
        1.981797,
        3.3635,
        1.8239539999999999,
        0.913902,
        2.7658020000000003,
        0.5561130000000001,
        2.007647,
        2.044832,
        0.720523,
        0.0,
        0.5781029999999999,
        2.140005,
        2.164958,
        2.675966,
        2.141477,
        2.9001
    ],
    [
        2.155847,
        2.2237460000000002,
        2.243308,
        0.873761,
        1.862906,
        3.653213,
        2.113668,
        1.272375,
        3.1242739999999998,
        0.959114,
        2.297361,
        2.220991,
        1.07563,
        0.5781029999999999,
        0.0,
        2.327467,
        2.173332,
        3.035918,
        2.442341,
        3.260053
    ],
    [
        0.27750400000000003,
        0.0294,
        0.126448,
        1.523264,
        1.475644,
        1.875329,
        0.321383,
        2.213078,
        2.443803,
        2.303938,
        1.046965,
        0.120364,
        2.261973,
        2.140005,
        2.327467,
        0.0,
        0.10710800000000001,
        2.059531,
        1.612095,
        2.546215
    ],
    [
        0.384681,
        0.077708,
        0.067291,
        1.416156,
        1.368536,
        1.773565,
        0.42856,
        2.320255,
        2.55098,
        2.32889,
        1.154142,
        0.227541,
        2.235915,
        2.164958,
        2.173332,
        0.10710800000000001,
        0.0,
        2.1667080000000003,
        1.719272,
        2.653391
    ],
    [
        1.862399,
        2.089,
        2.186048,
        3.1906399999999997,
        3.557082,
        3.0117779999999996,
        1.902174,
        1.930818,
        0.384272,
        2.251306,
        1.555125,
        1.967575,
        1.9962090000000001,
        2.675966,
        3.035918,
        2.059531,
        2.1667080000000003,
        0.0,
        1.354455,
        0.486683
    ],
    [
        1.382658,
        1.641564,
        1.6109760000000002,
        2.0971909999999996,
        2.87615,
        2.786939,
        1.3404800000000001,
        1.5269949999999999,
        1.5697260000000002,
        1.847484,
        1.042229,
        1.520139,
        1.592387,
        2.141477,
        2.442341,
        1.612095,
        1.719272,
        1.354455,
        0.0,
        1.672137
    ],
    [
        2.3490819999999997,
        2.575683,
        2.672731,
        3.414775,
        4.043765,
        3.498461,
        2.388857,
        2.1554409999999997,
        0.104191,
        2.475441,
        2.041808,
        2.454258,
        2.220344,
        2.9001,
        3.260053,
        2.546215,
        2.653391,
        0.486683,
        1.672137,
        0.0
    ]
]