[
    [
        0.0,
        1.032977,
        0.38217599999999996,
        1.03158,
        0.382538,
        0.34593,
        0.27909500000000004,
        0.62391,
        0.415844,
        0.147157,
        0.615737,
        1.432785,
        0.721755,
        0.7461639999999999,
        2.7982530000000003,
        2.3110880000000003,
        0.71224,
        2.27836,
        1.0748389999999999,
        0.6157809999999999
    ],
    [
        1.032977,
        0.0,
        0.884129,
        0.6555209999999999,
        1.3506749999999998,
        1.206408,
        1.089716,
        0.962611,
        1.136493,
        0.936275,
        0.9802179999999999,
        1.450876,
        0.831345,
        0.740494,
        3.203161,
        2.2626370000000002,
        1.089888,
        3.122952,
        1.565215,
        1.570964
    ],
    [
        0.38217599999999996,
        0.884129,
        0.0,
        0.7795829999999999,
        0.724862,
        0.354213,
        0.185971,
        0.199787,
        0.311541,
        0.235019,
        0.755464,
        1.574292,
        0.228579,
        0.245174,
        2.530987,
        2.6092,
        0.579831,
        2.286643,
        1.062135,
        0.624064
    ],
    [
        1.03158,
        0.6555209999999999,
        0.7795829999999999,
        0.0,
        1.349279,
        1.064109,
        1.088319,
        0.820312,
        0.9941939999999999,
        0.9155249999999999,
        1.294736,
        2.13632,
        0.689046,
        0.519617,
        3.038059,
        2.946588,
        1.3954490000000002,
        3.1760859999999997,
        1.8760029999999999,
        1.5135070000000002
    ],
    [
        0.382538,
        1.3506749999999998,
        0.724862,
        1.349279,
        0.0,
        0.461306,
        0.5651309999999999,
        0.75513,
        0.53122,
        0.48984300000000003,
        0.49477,
        1.132403,
        0.852975,
        0.9339,
        2.7973850000000002,
        2.170792,
        0.369702,
        1.77899,
        0.480571,
        0.14771299999999998
    ],
    [
        0.34593,
        1.206408,
        0.354213,
        1.064109,
        0.461306,
        0.0,
        0.283372,
        0.293825,
        0.069914,
        0.357525,
        0.72149,
        1.5258019999999999,
        0.39167,
        0.567453,
        2.541326,
        2.5752260000000002,
        0.5458569999999999,
        2.111977,
        0.908456,
        0.449398
    ],
    [
        0.27909500000000004,
        1.089716,
        0.185971,
        1.088319,
        0.5651309999999999,
        0.283372,
        0.0,
        0.389923,
        0.26900599999999997,
        0.074152,
        0.789836,
        1.606883,
        0.487767,
        0.663551,
        2.721123,
        2.485186,
        0.649683,
        2.215802,
        1.0122820000000001,
        0.5532229999999999
    ],
    [
        0.62391,
        0.962611,
        0.199787,
        0.820312,
        0.75513,
        0.293825,
        0.389923,
        0.0,
        0.22391,
        0.434805,
        1.015315,
        1.819626,
        0.147872,
        0.323656,
        2.3312,
        2.869051,
        0.839682,
        2.405802,
        1.202281,
        0.7432219999999999
    ],
    [
        0.415844,
        1.136493,
        0.311541,
        0.9941939999999999,
        0.53122,
        0.069914,
        0.26900599999999997,
        0.22391,
        0.0,
        0.36432400000000004,
        0.791405,
        1.595716,
        0.321755,
        0.49753800000000004,
        2.513469,
        2.64514,
        0.6157720000000001,
        2.1818910000000002,
        0.978371,
        0.519312
    ],
    [
        0.147157,
        0.936275,
        0.235019,
        0.9155249999999999,
        0.48984300000000003,
        0.357525,
        0.074152,
        0.434805,
        0.36432400000000004,
        0.0,
        0.520445,
        1.339273,
        0.463598,
        0.444056,
        2.766006,
        2.374181,
        0.344812,
        2.175437,
        0.827116,
        0.627375
    ],
    [
        0.615737,
        0.9802179999999999,
        0.755464,
        1.294736,
        0.49477,
        0.72149,
        0.789836,
        1.015315,
        0.791405,
        0.520445,
        0.0,
        0.853186,
        1.098419,
        1.127124,
        3.061849,
        1.79934,
        0.244618,
        2.179917,
        0.6221810000000001,
        0.7089829999999999
    ],
    [
        1.432785,
        1.450876,
        1.574292,
        2.13632,
        1.132403,
        1.5258019999999999,
        1.606883,
        1.819626,
        1.595716,
        1.339273,
        0.853186,
        0.0,
        1.916142,
        1.965643,
        3.583295,
        1.7485719999999998,
        1.080189,
        1.8347829999999998,
        0.768806,
        1.2130940000000001
    ],
    [
        0.721755,
        0.831345,
        0.228579,
        0.689046,
        0.852975,
        0.39167,
        0.487767,
        0.147872,
        0.321755,
        0.463598,
        1.098419,
        1.916142,
        0.0,
        0.19238999999999998,
        2.423645,
        2.849024,
        0.937527,
        2.5036460000000003,
        1.300126,
        0.841067
    ],
    [
        0.7461639999999999,
        0.740494,
        0.245174,
        0.519617,
        0.9339,
        0.567453,
        0.663551,
        0.323656,
        0.49753800000000004,
        0.444056,
        1.127124,
        1.965643,
        0.19238999999999998,
        0.0,
        2.564206,
        2.804299,
        1.11331,
        2.67943,
        1.4759090000000001,
        1.01685
    ],
    [
        2.7982530000000003,
        3.203161,
        2.530987,
        3.038059,
        2.7973850000000002,
        2.541326,
        2.721123,
        2.3312,
        2.513469,
        2.766006,
        3.061849,
        3.583295,
        2.423645,
        2.564206,
        0.0,
        4.929684,
        2.9003159999999997,
        3.332594,
        2.842513,
        2.5468960000000003
    ],
    [
        2.3110880000000003,
        2.2626370000000002,
        2.6092,
        2.946588,
        2.170792,
        2.5752260000000002,
        2.485186,
        2.869051,
        2.64514,
        2.374181,
        1.79934,
        1.7485719999999998,
        2.849024,
        2.804299,
        4.929684,
        0.0,
        2.0753429999999997,
        3.467555,
        2.1463539999999997,
        2.539708
    ],
    [
        0.71224,
        1.089888,
        0.579831,
        1.3954490000000002,
        0.369702,
        0.5458569999999999,
        0.649683,
        0.839682,
        0.6157720000000001,
        0.344812,
        0.244618,
        1.080189,
        0.937527,
        1.11331,
        2.9003159999999997,
        2.0753429999999997,
        0.0,
        2.154505,
        0.5967680000000001,
        0.548092
    ],
    [
        2.27836,
        3.122952,
        2.286643,
        3.1760859999999997,
        1.77899,
        2.111977,
        2.215802,
        2.405802,
        2.1818910000000002,
        2.175437,
        2.179917,
        1.8347829999999998,
        2.5036460000000003,
        2.67943,
        3.332594,
        3.467555,
        2.154505,
        0.0,
        1.5577370000000001,
        1.704442
    ],
    [
        1.0748389999999999,
        1.565215,
        1.062135,
        1.8760029999999999,
        0.480571,
        0.908456,
        1.0122820000000001,
        1.202281,
        0.978371,
        0.827116,
        0.6221810000000001,
        0.768806,
        1.300126,
        1.4759090000000001,
        2.842513,
        2.1463539999999997,
        0.5967680000000001,
        1.5577370000000001,
        0.0,
        0.48539699999999997
    ],
    [
        0.6157809999999999,
        1.570964,
        0.624064,
        1.5135070000000002,
        0.14771299999999998,
        0.449398,
        0.5532229999999999,
        0.7432219999999999,
        0.519312,
        0.627375,
        0.7089829999999999,
        1.2130940000000001,
        0.841067,
        1.01685,
        2.5468960000000003,
        2.539708,
        0.548092,
        1.704442,
        0.48539699999999997,
        0.0
    ]
]