[
    [
        0.0,
        1.164302,
        2.08437,
        1.153278,
        1.101595,
        1.367296,
        1.376503,
        1.040984,
        1.568033,
        1.902959,
        1.104486,
        1.158283,
        1.3320260000000002,
        0.974023,
        0.823125,
        1.941762,
        2.220146,
        0.880443,
        2.4916419999999997,
        1.440278
    ],
    [
        1.164302,
        0.0,
        1.108984,
        0.017018000000000002,
        0.120215,
        0.993657,
        0.395123,
        0.899302,
        1.0345540000000002,
        2.673983,
        2.29674,
        0.846144,
        2.072813,
        2.1662779999999997,
        0.743819,
        2.639809,
        3.092511,
        1.62123,
        3.6838960000000003,
        2.1810639999999997
    ],
    [
        2.08437,
        1.108984,
        0.0,
        0.974427,
        0.988769,
        1.579806,
        0.878051,
        1.485451,
        1.620703,
        3.260132,
        3.139919,
        1.4322929999999998,
        2.836553,
        3.009456,
        1.428598,
        3.225958,
        3.67866,
        2.3849699999999996,
        4.406319000000001,
        2.944804
    ],
    [
        1.153278,
        0.017018000000000002,
        0.974427,
        0.0,
        0.103198,
        0.976639,
        0.378105,
        0.882284,
        1.017536,
        2.656965,
        2.279723,
        0.829126,
        2.0557950000000003,
        2.1492600000000004,
        0.726801,
        2.622792,
        3.075494,
        1.604212,
        3.666878,
        2.164047
    ],
    [
        1.101595,
        0.120215,
        0.988769,
        0.103198,
        0.0,
        0.873442,
        0.27490699999999996,
        0.7790860000000001,
        0.914338,
        2.5537669999999997,
        2.2307770000000002,
        0.7259289999999999,
        2.006849,
        2.100315,
        0.696747,
        2.519594,
        2.9722959999999996,
        1.555267,
        3.699955,
        2.115101
    ],
    [
        1.367296,
        0.993657,
        1.579806,
        0.976639,
        0.873442,
        0.0,
        0.8659439999999999,
        0.418046,
        0.27769900000000003,
        2.016512,
        1.948799,
        0.35518099999999997,
        1.533585,
        1.818337,
        0.604317,
        1.982338,
        2.435041,
        1.1938499999999999,
        3.162699,
        1.641836
    ],
    [
        1.376503,
        0.395123,
        0.878051,
        0.378105,
        0.27490699999999996,
        0.8659439999999999,
        0.0,
        0.7715890000000001,
        0.906841,
        2.54627,
        2.4260569999999997,
        0.718431,
        2.1226909999999997,
        2.295594,
        0.714737,
        2.5120970000000002,
        2.964799,
        1.671108,
        3.6924580000000002,
        2.230942
    ],
    [
        1.040984,
        0.899302,
        1.485451,
        0.882284,
        0.7790860000000001,
        0.418046,
        0.7715890000000001,
        0.0,
        0.618784,
        1.890704,
        1.682118,
        0.141451,
        1.378752,
        1.551655,
        0.217859,
        1.856531,
        2.3092330000000003,
        0.927169,
        2.972522,
        1.4870029999999999
    ],
    [
        1.568033,
        1.0345540000000002,
        1.620703,
        1.017536,
        0.914338,
        0.27769900000000003,
        0.906841,
        0.618784,
        0.0,
        2.188905,
        2.1495369999999996,
        0.555918,
        1.734323,
        2.0190740000000003,
        0.8050539999999999,
        2.136848,
        2.5895509999999997,
        1.394588,
        3.131694,
        1.8425740000000002
    ],
    [
        1.902959,
        2.673983,
        3.260132,
        2.656965,
        2.5537669999999997,
        2.016512,
        2.54627,
        1.890704,
        2.188905,
        0.0,
        1.265771,
        1.827839,
        0.674476,
        1.287067,
        2.076975,
        0.13635,
        0.513452,
        1.1000640000000002,
        1.263464,
        0.5597989999999999
    ],
    [
        1.104486,
        2.29674,
        3.139919,
        2.279723,
        2.2307770000000002,
        1.948799,
        2.4260569999999997,
        1.682118,
        2.1495369999999996,
        1.265771,
        0.0,
        1.8486980000000002,
        0.8066319999999999,
        0.190909,
        1.797976,
        1.400289,
        1.45759,
        0.9559610000000001,
        1.6697650000000002,
        0.898805
    ],
    [
        1.158283,
        0.846144,
        1.4322929999999998,
        0.829126,
        0.7259289999999999,
        0.35518099999999997,
        0.718431,
        0.141451,
        0.555918,
        1.827839,
        1.8486980000000002,
        0.0,
        1.344911,
        1.5903969999999998,
        0.327721,
        1.793665,
        2.2463670000000002,
        0.9659099999999999,
        2.974026,
        1.453163
    ],
    [
        1.3320260000000002,
        2.072813,
        2.836553,
        2.0557950000000003,
        2.006849,
        1.533585,
        2.1226909999999997,
        1.378752,
        1.734323,
        0.674476,
        0.8066319999999999,
        1.344911,
        0.0,
        0.716134,
        1.553641,
        0.713279,
        1.013976,
        0.514737,
        1.607762,
        0.21179499999999998
    ],
    [
        0.974023,
        2.1662779999999997,
        3.009456,
        2.1492600000000004,
        2.100315,
        1.818337,
        2.295594,
        1.551655,
        2.0190740000000003,
        1.287067,
        0.190909,
        1.5903969999999998,
        0.716134,
        0.0,
        1.667513,
        1.3213679999999999,
        1.462939,
        0.8770399999999999,
        1.677796,
        0.8198840000000001
    ],
    [
        0.823125,
        0.743819,
        1.428598,
        0.726801,
        0.696747,
        0.604317,
        0.714737,
        0.217859,
        0.8050539999999999,
        2.076975,
        1.797976,
        0.327721,
        1.553641,
        1.667513,
        0.0,
        2.042802,
        2.4955030000000002,
        1.118774,
        3.1641280000000003,
        1.6786079999999999
    ],
    [
        1.941762,
        2.639809,
        3.225958,
        2.622792,
        2.519594,
        1.982338,
        2.5120970000000002,
        1.856531,
        2.136848,
        0.13635,
        1.400289,
        1.793665,
        0.713279,
        1.3213679999999999,
        2.042802,
        0.0,
        0.534993,
        1.1380599999999998,
        1.279715,
        0.597796
    ],
    [
        2.220146,
        3.092511,
        3.67866,
        3.075494,
        2.9722959999999996,
        2.435041,
        2.964799,
        2.3092330000000003,
        2.5895509999999997,
        0.513452,
        1.45759,
        2.2463670000000002,
        1.013976,
        1.462939,
        2.4955030000000002,
        0.534993,
        0.0,
        1.537269,
        0.851009,
        0.997005
    ],
    [
        0.880443,
        1.62123,
        2.3849699999999996,
        1.604212,
        1.555267,
        1.1938499999999999,
        1.671108,
        0.927169,
        1.394588,
        1.1000640000000002,
        0.9559610000000001,
        0.9659099999999999,
        0.514737,
        0.8770399999999999,
        1.118774,
        1.1380599999999998,
        1.537269,
        0.0,
        2.108507,
        0.6229880000000001
    ],
    [
        2.4916419999999997,
        3.6838960000000003,
        4.406319000000001,
        3.666878,
        3.699955,
        3.162699,
        3.6924580000000002,
        2.972522,
        3.131694,
        1.263464,
        1.6697650000000002,
        2.974026,
        1.607762,
        1.677796,
        3.1641280000000003,
        1.279715,
        0.851009,
        2.108507,
        0.0,
        1.760454
    ],
    [
        1.440278,
        2.1810639999999997,
        2.944804,
        2.164047,
        2.115101,
        1.641836,
        2.230942,
        1.4870029999999999,
        1.8425740000000002,
        0.5597989999999999,
        0.898805,
        1.453163,
        0.21179499999999998,
        0.8198840000000001,
        1.6786079999999999,
        0.597796,
        0.997005,
        0.6229880000000001,
        1.760454,
        0.0
    ]
]