[
    [
        0.0,
        0.157021,
        0.050921999999999995,
        1.208966,
        0.028535,
        1.885517,
        1.01583,
        1.187358,
        0.078222,
        1.855366,
        2.6781610000000002,
        1.3468040000000001,
        1.4227729999999998,
        1.37845,
        0.49234100000000003,
        2.2022820000000003,
        1.9725270000000001,
        0.246887,
        0.081009,
        1.207349
    ],
    [
        0.157021,
        0.0,
        0.124257,
        1.3650170000000001,
        0.185534,
        2.041568,
        1.114337,
        1.343409,
        0.23522,
        2.003675,
        2.834212,
        1.502855,
        1.578824,
        1.526759,
        0.6406499999999999,
        2.358333,
        1.646002,
        0.18145599999999998,
        0.238007,
        1.3634000000000002
    ],
    [
        0.050921999999999995,
        0.124257,
        0.0,
        1.259888,
        0.079457,
        1.936439,
        1.066751,
        1.23828,
        0.129143,
        1.906643,
        2.729083,
        1.397726,
        1.473695,
        1.429726,
        0.543617,
        2.253204,
        1.671781,
        0.207235,
        0.13193000000000002,
        1.25827
    ],
    [
        1.208966,
        1.3650170000000001,
        1.259888,
        0.0,
        1.213394,
        1.1966759999999999,
        1.0158049999999998,
        0.444387,
        1.263081,
        2.3579630000000003,
        1.521291,
        0.49903800000000004,
        0.5750069999999999,
        1.866493,
        1.152458,
        1.045412,
        2.4620680000000004,
        1.356876,
        1.265868,
        0.001618
    ],
    [
        0.028535,
        0.185534,
        0.079457,
        1.213394,
        0.0,
        1.9033440000000001,
        1.0336569999999998,
        1.2051859999999999,
        0.049686,
        1.873194,
        2.695989,
        1.364632,
        1.440601,
        1.3962780000000001,
        0.510168,
        2.22011,
        1.986944,
        0.218352,
        0.052473,
        1.2251759999999998
    ],
    [
        1.885517,
        2.041568,
        1.936439,
        1.1966759999999999,
        1.9033440000000001,
        0.0,
        1.835863,
        1.28236,
        1.8849570000000002,
        2.6310059999999997,
        1.873499,
        1.337011,
        1.4129800000000001,
        2.174308,
        1.729873,
        1.052195,
        2.735111,
        2.053623,
        1.8877439999999999,
        1.132891
    ],
    [
        1.01583,
        1.114337,
        1.066751,
        1.0158049999999998,
        1.0336569999999998,
        1.835863,
        0.0,
        0.541173,
        1.041843,
        2.4696219999999998,
        1.949963,
        0.700619,
        0.776588,
        1.9781520000000001,
        1.087846,
        1.556097,
        2.573727,
        0.931643,
        1.0446300000000002,
        0.929746
    ],
    [
        1.187358,
        1.343409,
        1.23828,
        0.444387,
        1.2051859999999999,
        1.28236,
        0.541173,
        0.0,
        1.254872,
        2.513067,
        1.4861099999999998,
        0.21687700000000001,
        0.292846,
        2.021598,
        1.259374,
        1.072355,
        2.617172,
        1.1872770000000001,
        1.257659,
        0.446005
    ],
    [
        0.078222,
        0.23522,
        0.129143,
        1.263081,
        0.049686,
        1.8849570000000002,
        1.041843,
        1.254872,
        0.0,
        1.9228800000000001,
        2.7456750000000003,
        1.414318,
        1.4902870000000001,
        1.445964,
        0.559855,
        2.269796,
        2.040041,
        0.216254,
        0.002787,
        1.2748620000000002
    ],
    [
        1.855366,
        2.003675,
        1.906643,
        2.3579630000000003,
        1.873194,
        2.6310059999999997,
        2.4696219999999998,
        2.513067,
        1.9228800000000001,
        0.0,
        4.05,
        2.718644,
        2.794613,
        0.5403830000000001,
        1.349288,
        3.16994,
        0.104105,
        2.060882,
        1.895004,
        2.358992
    ],
    [
        2.6781610000000002,
        2.834212,
        2.729083,
        1.521291,
        2.695989,
        1.873499,
        1.949963,
        1.4861099999999998,
        2.7456750000000003,
        4.05,
        0.0,
        1.602885,
        1.678854,
        3.2680059999999997,
        2.5539720000000004,
        0.821305,
        3.863581,
        2.675451,
        2.745833,
        1.522909
    ],
    [
        1.3468040000000001,
        1.502855,
        1.397726,
        0.49903800000000004,
        1.364632,
        1.337011,
        0.700619,
        0.21687700000000001,
        1.414318,
        2.718644,
        1.602885,
        0.0,
        0.655164,
        1.893722,
        1.179688,
        1.125569,
        2.489297,
        1.384105,
        1.293097,
        0.098693
    ],
    [
        1.4227729999999998,
        1.578824,
        1.473695,
        0.5750069999999999,
        1.440601,
        1.4129800000000001,
        0.776588,
        0.292846,
        1.4902870000000001,
        2.794613,
        1.678854,
        0.655164,
        0.0,
        1.961284,
        1.24725,
        0.959842,
        2.5568589999999998,
        1.443509,
        1.360659,
        0.139737
    ],
    [
        1.37845,
        1.526759,
        1.429726,
        1.866493,
        1.3962780000000001,
        2.174308,
        1.9781520000000001,
        2.021598,
        1.445964,
        0.5403830000000001,
        3.2680059999999997,
        1.893722,
        1.961284,
        0.0,
        0.886109,
        2.713242,
        0.5487839999999999,
        1.241508,
        1.4318250000000001,
        1.904684
    ],
    [
        0.49234100000000003,
        0.6406499999999999,
        0.543617,
        1.152458,
        0.510168,
        1.729873,
        1.087846,
        1.259374,
        0.559855,
        1.349288,
        2.5539720000000004,
        1.179688,
        1.24725,
        0.886109,
        0.0,
        2.2573719999999997,
        1.46713,
        0.711595,
        0.545716,
        1.239303
    ],
    [
        2.2022820000000003,
        2.358333,
        2.253204,
        1.045412,
        2.22011,
        1.052195,
        1.556097,
        1.072355,
        2.269796,
        3.16994,
        0.821305,
        1.125569,
        0.959842,
        2.713242,
        2.2573719999999997,
        0.0,
        3.253888,
        2.202201,
        2.272583,
        1.04703
    ],
    [
        1.9725270000000001,
        1.646002,
        1.671781,
        2.4620680000000004,
        1.986944,
        2.735111,
        2.573727,
        2.617172,
        2.040041,
        0.104105,
        3.863581,
        2.489297,
        2.5568589999999998,
        0.5487839999999999,
        1.46713,
        3.253888,
        0.0,
        1.7335019999999999,
        2.042828,
        2.4630970000000003
    ],
    [
        0.246887,
        0.18145599999999998,
        0.207235,
        1.356876,
        0.218352,
        2.053623,
        0.931643,
        1.1872770000000001,
        0.216254,
        2.060882,
        2.675451,
        1.384105,
        1.443509,
        1.241508,
        0.711595,
        2.202201,
        1.7335019999999999,
        0.0,
        0.21904099999999999,
        1.57585
    ],
    [
        0.081009,
        0.238007,
        0.13193000000000002,
        1.265868,
        0.052473,
        1.8877439999999999,
        1.0446300000000002,
        1.257659,
        0.002787,
        1.895004,
        2.745833,
        1.293097,
        1.360659,
        1.4318250000000001,
        0.545716,
        2.272583,
        2.042828,
        0.21904099999999999,
        0.0,
        1.2776489999999998
    ],
    [
        1.207349,
        1.3634000000000002,
        1.25827,
        0.001618,
        1.2251759999999998,
        1.132891,
        0.929746,
        0.446005,
        1.2748620000000002,
        2.358992,
        1.522909,
        0.098693,
        0.139737,
        1.904684,
        1.239303,
        1.04703,
        2.4630970000000003,
        1.57585,
        1.2776489999999998,
        0.0
    ]
]