[
    [
        0.0,
        1.393562,
        1.128483,
        1.03597,
        1.0072910000000002,
        0.543063,
        1.953925,
        1.192968,
        1.551006,
        1.4345150000000002,
        1.186858,
        0.089812,
        1.0831890000000002,
        0.471185,
        1.450614,
        0.08611100000000001,
        1.1059590000000001,
        0.970197,
        0.929634,
        3.9940369999999996
    ],
    [
        1.393562,
        0.0,
        1.41943,
        1.649612,
        1.31468,
        0.810278,
        1.932415,
        1.720349,
        2.047021,
        1.970395,
        0.461399,
        1.429568,
        0.334571,
        1.378595,
        0.792548,
        1.433269,
        1.2691020000000002,
        1.844071,
        1.225109,
        3.535671
    ],
    [
        1.128483,
        1.41943,
        0.0,
        0.992466,
        0.147822,
        0.800883,
        2.653028,
        0.426059,
        0.752731,
        0.758141,
        1.1665519999999998,
        1.284012,
        1.5082449999999998,
        1.6139659999999998,
        1.965413,
        1.280312,
        1.799288,
        1.286102,
        0.29030900000000004,
        3.3433
    ],
    [
        1.03597,
        1.649612,
        0.992466,
        0.0,
        0.8730220000000001,
        1.0982850000000002,
        2.913853,
        0.576138,
        0.512317,
        0.395826,
        1.502233,
        1.047524,
        1.8364880000000001,
        1.21326,
        2.293656,
        1.043824,
        2.060114,
        0.329049,
        0.808554,
        3.679725
    ],
    [
        1.0072910000000002,
        1.31468,
        0.147822,
        0.8730220000000001,
        0.0,
        0.679691,
        2.530889,
        0.444214,
        0.770885,
        0.69426,
        1.0215,
        1.1628209999999999,
        1.355755,
        1.4927750000000002,
        1.812923,
        1.15912,
        1.6771500000000001,
        1.1649100000000001,
        0.169117,
        3.3578200000000002
    ],
    [
        0.543063,
        0.810278,
        0.800883,
        1.0982850000000002,
        0.679691,
        0.0,
        1.916134,
        1.097275,
        1.423946,
        1.347321,
        0.704998,
        0.632875,
        1.066365,
        0.863281,
        1.43263,
        0.629174,
        1.062395,
        1.073203,
        0.602034,
        3.4396
    ],
    [
        1.953925,
        1.932415,
        2.653028,
        2.913853,
        2.530889,
        1.916134,
        0.0,
        3.055876,
        3.262531,
        3.297424,
        2.172008,
        1.790022,
        1.628703,
        1.6996010000000001,
        1.2725090000000001,
        1.793723,
        0.904876,
        2.727599,
        2.4406190000000003,
        4.843033
    ],
    [
        1.192968,
        1.720349,
        0.426059,
        0.576138,
        0.444214,
        1.097275,
        3.055876,
        0.0,
        0.36909800000000004,
        0.35707,
        1.42717,
        1.2045219999999999,
        1.7614239999999999,
        1.370258,
        2.218593,
        1.200821,
        2.241617,
        0.8680249999999999,
        0.561649,
        3.4078589999999997
    ],
    [
        1.551006,
        2.047021,
        0.752731,
        0.512317,
        0.770885,
        1.423946,
        3.262531,
        0.36909800000000004,
        0.0,
        0.131875,
        1.753841,
        1.554436,
        2.088096,
        1.720172,
        2.545264,
        1.550735,
        2.421405,
        0.704587,
        0.928507,
        3.180826
    ],
    [
        1.4345150000000002,
        1.970395,
        0.758141,
        0.395826,
        0.69426,
        1.347321,
        3.297424,
        0.35707,
        0.131875,
        0.0,
        1.6772159999999998,
        1.437945,
        2.01147,
        1.6036810000000001,
        2.468639,
        1.434245,
        2.47504,
        0.60426,
        0.812016,
        3.312701
    ],
    [
        1.186858,
        0.461399,
        1.1665519999999998,
        1.502233,
        1.0215,
        0.704998,
        2.172008,
        1.42717,
        1.753841,
        1.6772159999999998,
        0.0,
        1.27667,
        0.553095,
        1.3940270000000001,
        1.0102630000000001,
        1.272969,
        1.486817,
        1.755635,
        0.972231,
        3.285831
    ],
    [
        0.089812,
        1.429568,
        1.284012,
        1.047524,
        1.1628209999999999,
        0.632875,
        1.790022,
        1.2045219999999999,
        1.554436,
        1.437945,
        1.27667,
        0.0,
        1.119195,
        0.289853,
        1.4866199999999998,
        0.003701,
        1.084279,
        0.981752,
        1.0987149999999999,
        4.140204
    ],
    [
        1.0831890000000002,
        0.334571,
        1.5082449999999998,
        1.8364880000000001,
        1.355755,
        1.066365,
        1.628703,
        1.7614239999999999,
        2.088096,
        2.01147,
        0.553095,
        1.119195,
        0.0,
        1.069382,
        0.482176,
        1.124056,
        0.958729,
        1.9916489999999998,
        1.335266,
        3.468706
    ],
    [
        0.471185,
        1.378595,
        1.6139659999999998,
        1.21326,
        1.4927750000000002,
        0.863281,
        1.6996010000000001,
        1.370258,
        1.720172,
        1.6036810000000001,
        1.3940270000000001,
        0.289853,
        1.069382,
        0.0,
        1.435647,
        0.293553,
        1.0333050000000001,
        1.1474870000000001,
        1.4286690000000002,
        4.183861
    ],
    [
        1.450614,
        0.792548,
        1.965413,
        2.293656,
        1.812923,
        1.43263,
        1.2725090000000001,
        2.218593,
        2.545264,
        2.468639,
        1.0102630000000001,
        1.4866199999999998,
        0.482176,
        1.435647,
        0.0,
        1.490321,
        0.642635,
        2.395438,
        1.7924339999999999,
        3.9443449999999998
    ],
    [
        0.08611100000000001,
        1.433269,
        1.280312,
        1.043824,
        1.15912,
        0.629174,
        1.793723,
        1.200821,
        1.550735,
        1.434245,
        1.272969,
        0.003701,
        1.124056,
        0.293553,
        1.490321,
        0.0,
        1.08798,
        0.978051,
        1.095015,
        4.136502999999999
    ],
    [
        1.1059590000000001,
        1.2691020000000002,
        1.799288,
        2.060114,
        1.6771500000000001,
        1.062395,
        0.904876,
        2.241617,
        2.421405,
        2.47504,
        1.486817,
        1.084279,
        0.958729,
        1.0333050000000001,
        0.642635,
        1.08798,
        0.0,
        2.026569,
        1.6257709999999999,
        4.4199139999999995
    ],
    [
        0.970197,
        1.844071,
        1.286102,
        0.329049,
        1.1649100000000001,
        1.073203,
        2.727599,
        0.8680249999999999,
        0.704587,
        0.60426,
        1.755635,
        0.981752,
        1.9916489999999998,
        1.1474870000000001,
        2.395438,
        0.978051,
        2.026569,
        0.0,
        1.11726,
        3.855807
    ],
    [
        0.929634,
        1.225109,
        0.29030900000000004,
        0.808554,
        0.169117,
        0.602034,
        2.4406190000000003,
        0.561649,
        0.928507,
        0.812016,
        0.972231,
        1.0987149999999999,
        1.335266,
        1.4286690000000002,
        1.7924339999999999,
        1.095015,
        1.6257709999999999,
        1.11726,
        0.0,
        3.4268620000000003
    ],
    [
        3.9940369999999996,
        3.535671,
        3.3433,
        3.679725,
        3.3578200000000002,
        3.4396,
        4.843033,
        3.4078589999999997,
        3.180826,
        3.312701,
        3.285831,
        4.140204,
        3.468706,
        4.183861,
        3.9443449999999998,
        4.136502999999999,
        4.4199139999999995,
        3.855807,
        3.4268620000000003,
        0.0
    ]
]