[
    [
        0.0,
        1.5704179999999999,
        0.094263,
        1.155865,
        0.893789,
        1.52777,
        1.024612,
        2.593009,
        1.301445,
        2.3504029999999996,
        2.4474050000000003,
        3.13415,
        2.716768,
        1.146758,
        2.119466,
        1.453128,
        2.238937,
        2.732282,
        1.934285,
        1.9625039999999998,
        1.420715,
        2.00751,
        1.866878,
        1.250754,
        0.925986,
        2.682479,
        0.439207,
        3.06915,
        0.880276,
        2.95333,
        2.472339,
        2.888071,
        2.7262220000000004,
        1.457756,
        2.271944,
        3.373134,
        2.740211,
        2.733875,
        2.2786999999999997,
        2.461169,
        2.7838380000000003,
        1.669354,
        3.3528890000000002,
        2.767154,
        2.343828,
        1.145251,
        2.334917,
        3.062656,
        0.839152,
        3.907295,
        2.039347,
        2.303748,
        3.042807,
        3.152792,
        2.1635169999999997,
        2.035456,
        2.70982,
        1.180753,
        3.245683,
        2.344732
    ],
    [
        1.5704179999999999,
        0.0,
        1.553397,
        0.412735,
        1.8518119999999998,
        0.48039299999999996,
        1.253523,
        1.022591,
        0.9723769999999999,
        0.779985,
        0.876986,
        3.708897,
        1.283819,
        1.012232,
        0.6865180000000001,
        3.046361,
        0.6685180000000001,
        1.3157249999999998,
        1.892523,
        2.5825120000000004,
        0.508324,
        0.577806,
        3.1420749999999997,
        2.8587979999999997,
        1.8903530000000002,
        4.316008,
        1.818688,
        2.142903,
        1.9282260000000002,
        1.523626,
        3.11157,
        3.9037040000000003,
        1.293273,
        3.050989,
        3.646738,
        5.0326580000000005,
        1.3236539999999999,
        4.318930999999999,
        0.7082820000000001,
        1.797808,
        3.488775,
        3.3291720000000002,
        5.012412,
        1.334206,
        1.344289,
        1.059696,
        0.764499,
        4.670701,
        2.447197,
        4.462865,
        3.4112669999999996,
        3.675669,
        4.229266,
        3.948572,
        0.730568,
        2.826644,
        1.293262,
        1.772267,
        4.516787,
        1.6813699999999998
    ],
    [
        0.094263,
        1.553397,
        0.0,
        1.1009680000000002,
        0.843825,
        1.469023,
        0.9357880000000001,
        2.543082,
        1.2126210000000002,
        2.300476,
        2.397477,
        3.1171309999999997,
        2.6551370000000003,
        1.057934,
        2.057836,
        1.547443,
        2.18901,
        2.670652,
        1.845461,
        1.945485,
        1.361968,
        1.945879,
        1.862445,
        1.345068,
        0.757038,
        2.776793,
        0.533522,
        3.0204389999999997,
        0.8632569999999999,
        2.891699,
        2.45532,
        2.8847150000000004,
        2.6645920000000003,
        1.552071,
        2.267512,
        3.4674490000000002,
        2.6785810000000003,
        2.77801,
        2.2287730000000003,
        2.412458,
        2.766819,
        1.7636679999999998,
        3.447203,
        2.705524,
        2.255004,
        1.056427,
        2.2849899999999996,
        3.156971,
        0.9334669999999999,
        3.902863,
        2.034915,
        2.2993159999999997,
        3.131771,
        3.1483600000000003,
        2.101886,
        2.018436,
        2.648189,
        1.008956,
        3.241251,
        2.296021
    ],
    [
        1.155865,
        0.412735,
        1.1009680000000002,
        0.0,
        1.437259,
        0.468657,
        1.061837,
        1.435326,
        0.86838,
        1.19272,
        1.289721,
        3.7007339999999997,
        1.6965540000000001,
        0.760802,
        1.099253,
        2.4368290000000004,
        1.081253,
        1.72846,
        1.884359,
        2.574348,
        0.299151,
        0.990541,
        2.7275210000000003,
        2.444245,
        1.4758,
        3.666179,
        1.404135,
        2.37569,
        1.513673,
        1.936361,
        3.103406,
        3.748108,
        1.706009,
        2.4414569999999998,
        3.23181,
        4.35654,
        1.736389,
        3.906926,
        1.1210170000000002,
        1.7677100000000001,
        3.4806109999999997,
        2.653054,
        4.336294,
        1.746941,
        1.6050909999999998,
        0.913876,
        1.177234,
        4.256147,
        2.032643,
        4.454702,
        2.996339,
        3.2607399999999997,
        4.018928,
        3.9404079999999997,
        1.1433030000000002,
        2.818479,
        1.705997,
        1.635304,
        4.105721,
        1.6512719999999999
    ],
    [
        0.893789,
        1.8518119999999998,
        0.843825,
        1.437259,
        0.0,
        1.792305,
        0.627017,
        2.7534710000000002,
        0.937433,
        2.510865,
        2.607867,
        2.4882429999999998,
        2.865527,
        0.868309,
        2.2682249999999997,
        2.183523,
        2.399399,
        2.7712,
        1.4513710000000002,
        1.314209,
        1.64096,
        2.156269,
        1.380422,
        1.3792200000000001,
        0.142612,
        3.427031,
        1.1696030000000002,
        3.453927,
        0.166574,
        2.965357,
        1.826432,
        2.4013850000000003,
        2.874981,
        2.188151,
        1.9042249999999998,
        4.040075,
        2.7791289999999997,
        2.628314,
        2.439163,
        2.845946,
        2.1379319999999997,
        2.399749,
        4.01983,
        2.915913,
        1.979816,
        0.781239,
        2.49538,
        3.548438,
        1.569547,
        3.315538,
        1.649615,
        1.914017,
        3.773203,
        2.5610340000000003,
        2.3122759999999998,
        1.389549,
        2.858578,
        0.251834,
        2.758997,
        2.7295079999999996
    ],
    [
        1.52777,
        0.48039299999999996,
        1.469023,
        0.468657,
        1.792305,
        0.0,
        1.479476,
        1.3701130000000001,
        1.137714,
        1.127507,
        1.224509,
        3.874234,
        1.764212,
        1.177568,
        1.166911,
        2.626436,
        1.016041,
        1.7961179999999999,
        2.057859,
        2.747849,
        0.233904,
        1.0581990000000001,
        3.226975,
        2.792821,
        1.975253,
        3.896083,
        1.570559,
        1.962577,
        2.013126,
        2.004019,
        3.276907,
        4.069041,
        1.773666,
        2.631064,
        3.731161,
        4.612732,
        1.804047,
        4.275942,
        1.0558040000000002,
        1.354596,
        3.654111,
        2.9092469999999997,
        4.592487,
        1.8145989999999999,
        1.672749,
        1.225032,
        1.1120219999999998,
        4.604724,
        2.381219,
        4.628202,
        3.496167,
        3.760569,
        3.806839,
        4.113909,
        1.210961,
        2.99198,
        1.773655,
        1.937604,
        4.605549,
        1.2381579999999999
    ],
    [
        1.024612,
        1.253523,
        0.9357880000000001,
        1.061837,
        0.627017,
        1.479476,
        0.0,
        2.295815,
        0.400541,
        2.053209,
        2.1502109999999997,
        2.8391100000000002,
        2.407871,
        0.241292,
        1.81057,
        2.478351,
        1.941743,
        2.234308,
        1.022736,
        1.7127249999999998,
        1.183305,
        1.6986130000000002,
        2.019733,
        1.813078,
        0.7680119999999999,
        3.7077020000000003,
        1.4644300000000001,
        3.154566,
        0.805885,
        2.428464,
        2.241783,
        3.0406950000000004,
        2.417325,
        2.482979,
        2.524397,
        4.3980619999999995,
        2.2422370000000003,
        3.062172,
        1.9815070000000001,
        2.546585,
        2.618987,
        2.694577,
        4.377817,
        2.458257,
        1.4429239999999999,
        0.244346,
        2.037724,
        4.08788,
        1.864375,
        3.5930779999999998,
        2.288926,
        2.5533270000000003,
        4.06803,
        3.078785,
        1.85462,
        1.795425,
        2.3778200000000003,
        0.583766,
        3.394445,
        2.430147
    ],
    [
        2.593009,
        1.022591,
        2.543082,
        1.435326,
        2.7534710000000002,
        1.3701130000000001,
        2.295815,
        0.0,
        1.9813450000000001,
        0.519043,
        0.145604,
        4.717865,
        1.266533,
        2.021199,
        0.929399,
        3.5633139999999996,
        0.420626,
        1.6343299999999998,
        2.90149,
        3.5914789999999996,
        1.530915,
        1.009271,
        4.123085,
        3.79506,
        2.912944,
        4.636101,
        2.6846439999999996,
        1.311342,
        2.950817,
        1.699928,
        4.120538,
        4.912672,
        1.2759880000000001,
        3.567942,
        4.868976,
        5.561557,
        1.660248,
        5.195506,
        0.557707,
        1.0820999999999998,
        4.497742000000001,
        3.858072,
        5.541310999999999,
        1.31692,
        2.116082,
        2.068664,
        0.268649,
        5.501328,
        3.367491,
        5.471832999999999,
        4.636379,
        4.90078,
        4.315305,
        4.95754,
        0.737191,
        3.8356109999999997,
        1.328995,
        2.781235,
        5.503577,
        0.9801
    ],
    [
        1.301445,
        0.9723769999999999,
        1.2126210000000002,
        0.86838,
        0.937433,
        1.137714,
        0.400541,
        1.9813450000000001,
        0.0,
        1.752362,
        1.849363,
        2.73652,
        2.188926,
        0.183481,
        1.509722,
        2.749961,
        1.640896,
        1.8743130000000001,
        0.920145,
        1.610134,
        1.045868,
        1.3977650000000001,
        2.14174,
        2.206998,
        1.0800450000000001,
        3.9793119999999997,
        1.73604,
        3.042382,
        1.104007,
        2.068469,
        2.139193,
        2.931327,
        2.1983800000000002,
        2.7545889999999997,
        2.839503,
        4.669671999999999,
        1.882242,
        3.456092,
        1.6806590000000001,
        2.434402,
        2.516397,
        2.9661869999999997,
        4.649426999999999,
        2.259441,
        1.082929,
        0.156194,
        1.736877,
        4.359489,
        2.1359850000000002,
        3.490488,
        2.514687,
        2.7790880000000002,
        4.33964,
        2.976195,
        1.553772,
        1.854266,
        2.017825,
        0.8687659999999999,
        3.522232,
        2.317964
    ],
    [
        2.3504029999999996,
        0.779985,
        2.300476,
        1.19272,
        2.510865,
        1.127507,
        2.053209,
        0.519043,
        1.752362,
        0.0,
        0.373438,
        4.475259,
        0.712052,
        1.778593,
        0.414145,
        3.633514,
        0.25655,
        1.0798489999999998,
        2.658885,
        3.348874,
        1.288309,
        0.49401799999999996,
        3.880479,
        3.638783,
        2.670338,
        4.9178869999999995,
        2.598673,
        1.840298,
        2.708211,
        1.1454469999999999,
        3.877932,
        4.670065999999999,
        0.721506,
        3.6381419999999998,
        4.426723,
        5.620106,
        1.105767,
        5.101463,
        0.071703,
        1.4546379999999999,
        4.287292000000001,
        3.9163249999999996,
        5.59986,
        0.762439,
        1.600828,
        1.826057,
        0.317379,
        5.450685,
        3.227181,
        5.229227,
        4.191252,
        4.455653,
        4.597090000000001,
        4.714934,
        0.333029,
        3.5930050000000002,
        0.774513,
        2.538629,
        5.260971,
        1.352638
    ],
    [
        2.4474050000000003,
        0.876986,
        2.397477,
        1.289721,
        2.607867,
        1.224509,
        2.1502109999999997,
        0.145604,
        1.849363,
        0.373438,
        0.0,
        4.57226,
        1.08549,
        1.8755950000000001,
        0.783794,
        3.599303,
        0.275022,
        1.453287,
        2.755886,
        3.445875,
        1.385311,
        0.8636670000000001,
        3.977481,
        3.735784,
        2.7673389999999998,
        4.67209,
        2.695674,
        1.4053309999999999,
        2.805212,
        1.518885,
        3.974934,
        4.767067,
        1.094944,
        3.603931,
        4.523725000000001,
        5.4583010000000005,
        1.4792049999999999,
        5.198465000000001,
        0.41210199999999997,
        1.1180889999999999,
        4.352138,
        3.75452,
        5.43776,
        1.135877,
        1.970477,
        1.923059,
        0.123045,
        5.547687,
        3.324183,
        5.326228,
        4.288254,
        4.552655,
        4.351293,
        4.811935,
        0.591587,
        3.690007,
        1.147951,
        2.63563,
        5.357972,
        1.016089
    ],
    [
        3.13415,
        3.708897,
        3.1171309999999997,
        3.7007339999999997,
        2.4882429999999998,
        3.874234,
        2.8391100000000002,
        4.717865,
        2.73652,
        4.475259,
        4.57226,
        0.0,
        4.930298,
        2.802696,
        4.240552,
        4.04939,
        4.3717250000000005,
        4.615685999999999,
        2.061534,
        1.224269,
        3.813294,
        4.128595000000001,
        1.704422,
        3.11395,
        2.327124,
        4.859655,
        3.360927,
        5.805879,
        2.2948560000000002,
        4.809842,
        1.102065,
        0.955545,
        4.939752,
        4.054018,
        2.29744,
        5.589506999999999,
        4.623614,
        3.694554,
        4.4114889999999995,
        5.197898,
        0.8117770000000001,
        4.265616,
        5.569262,
        5.000813,
        3.611341,
        2.7636529999999997,
        4.467706,
        4.326912,
        3.677954,
        0.839603,
        1.882376,
        2.2018090000000003,
        5.666308,
        0.5272899999999999,
        4.284602,
        1.095239,
        4.759197,
        2.225266,
        1.5323710000000001,
        5.08146
    ],
    [
        2.716768,
        1.283819,
        2.6551370000000003,
        1.6965540000000001,
        2.865527,
        1.764212,
        2.407871,
        1.266533,
        2.188926,
        0.712052,
        1.08549,
        4.930298,
        0.0,
        2.155232,
        0.697426,
        4.248316,
        0.968602,
        0.450315,
        2.9212179999999996,
        3.82442,
        1.839818,
        0.7719790000000001,
        4.524395999999999,
        4.190292,
        3.164911,
        5.629938,
        3.1501819999999996,
        2.3901120000000002,
        3.08426,
        0.5159130000000001,
        4.329606,
        5.12174,
        0.009454,
        4.252944,
        5.284737,
        6.234613,
        0.548024,
        5.456523,
        0.772904,
        2.211761,
        4.121832,
        4.531127000000001,
        6.214367,
        0.084345,
        1.4979280000000001,
        2.1364479999999997,
        1.029431,
        6.002194,
        3.77869,
        5.617542,
        4.897342,
        5.161743,
        5.309142,
        5.2292749999999995,
        0.651629,
        4.176712,
        0.22333,
        2.8490189999999997,
        5.9048869999999996,
        2.06469
    ],
    [
        1.146758,
        1.012232,
        1.057934,
        0.760802,
        0.868309,
        1.177568,
        0.241292,
        2.021199,
        0.183481,
        1.778593,
        1.8755950000000001,
        2.802696,
        2.155232,
        0.0,
        1.549576,
        2.5999380000000003,
        1.68075,
        2.008746,
        0.9920119999999999,
        1.682001,
        1.0489490000000001,
        1.43762,
        2.213607,
        2.05437,
        1.009679,
        3.829289,
        1.586017,
        3.107327,
        1.0475519999999998,
        2.2029029999999996,
        2.211059,
        3.003193,
        2.156332,
        2.6045659999999997,
        2.765689,
        4.519649,
        2.0166749999999998,
        3.300916,
        1.720513,
        2.499346,
        2.588263,
        2.816164,
        4.499404,
        2.197264,
        1.217362,
        0.099481,
        1.776731,
        4.209466,
        1.985962,
        3.562354,
        2.326573,
        2.590975,
        4.189617,
        3.048061,
        1.593626,
        1.926132,
        2.152258,
        0.812052,
        3.594098,
        2.382909
    ],
    [
        2.119466,
        0.6865180000000001,
        2.057836,
        1.099253,
        2.2682249999999997,
        1.166911,
        1.81057,
        0.929399,
        1.509722,
        0.414145,
        0.783794,
        4.240552,
        0.697426,
        1.549576,
        0.0,
        3.603743,
        0.64,
        0.760355,
        2.635313,
        3.1124319999999996,
        1.195245,
        0.12740600000000002,
        3.644038,
        3.545719,
        2.299341,
        4.8733900000000006,
        2.5056089999999998,
        2.250654,
        2.337214,
        0.98523,
        3.6414899999999997,
        4.433624,
        0.706058,
        3.608371,
        4.055727,
        5.59004,
        0.768284,
        4.593501,
        0.426113,
        1.838088,
        3.8984870000000003,
        3.8865540000000003,
        5.569794,
        0.746991,
        1.2120229999999999,
        1.589616,
        0.727735,
        5.357621,
        3.1341170000000003,
        5.394197,
        3.8202559999999997,
        4.084657,
        4.754768,
        4.478492,
        0.17949500000000002,
        3.356563,
        0.737893,
        2.302187,
        5.024529,
        1.736088
    ],
    [
        1.453128,
        3.046361,
        1.547443,
        2.4368290000000004,
        2.183523,
        2.626436,
        2.478351,
        3.5633139999999996,
        2.749961,
        3.633514,
        3.599303,
        4.04939,
        4.248316,
        2.5999380000000003,
        3.603743,
        0.0,
        3.432369,
        4.224876,
        3.387464,
        3.2192629999999998,
        2.515188,
        3.5117510000000003,
        2.4346680000000003,
        0.93544,
        2.1827449999999997,
        1.326432,
        1.2326169999999999,
        3.640411,
        2.137035,
        4.448978,
        3.48292,
        3.490568,
        4.202425,
        0.004628,
        2.115459,
        2.0815569999999997,
        4.232805999999999,
        2.0324590000000002,
        3.5735770000000002,
        3.0324299999999997,
        3.8114879999999998,
        0.38608600000000004,
        2.071323,
        4.243357,
        3.797008,
        2.59843,
        3.496713,
        2.155277,
        0.752555,
        4.499251,
        2.153745,
        2.325174,
        1.885888,
        3.85485,
        3.6397199999999996,
        3.068939,
        4.202414,
        2.4375120000000003,
        3.7077109999999998,
        2.915992
    ],
    [
        2.238937,
        0.6685180000000001,
        2.18901,
        1.081253,
        2.399399,
        1.016041,
        1.941743,
        0.420626,
        1.640896,
        0.25655,
        0.275022,
        4.3717250000000005,
        0.968602,
        1.68075,
        0.64,
        3.432369,
        0.0,
        1.336399,
        2.547418,
        3.237407,
        1.176843,
        0.7198730000000001,
        3.7690129999999997,
        3.527317,
        2.558871,
        4.661336,
        2.4224870000000003,
        1.532941,
        2.596744,
        1.4019970000000002,
        3.766465,
        4.5586,
        0.9780570000000001,
        3.299506,
        4.315257,
        5.2814700000000006,
        1.362317,
        4.915124,
        0.213887,
        1.198088,
        4.143669,
        3.577689,
        5.261224,
        1.018989,
        1.833302,
        1.714591,
        0.16253499999999999,
        5.2209449999999995,
        3.1157150000000002,
        5.117761000000001,
        4.079785,
        4.344187,
        4.34054,
        4.603466999999999,
        0.383118,
        3.481539,
        1.031063,
        2.4271619999999996,
        5.149504,
        1.096088
    ],
    [
        2.732282,
        1.3157249999999998,
        2.670652,
        1.72846,
        2.7712,
        1.7961179999999999,
        2.234308,
        1.6343299999999998,
        1.8743130000000001,
        1.0798489999999998,
        1.453287,
        4.615685999999999,
        0.450315,
        2.008746,
        0.760355,
        4.224876,
        1.336399,
        0.0,
        2.62617,
        3.529373,
        1.882084,
        0.744008,
        4.229348,
        4.095896,
        3.05083,
        5.533479000000001,
        3.1924479999999997,
        2.761053,
        2.970179,
        0.266502,
        4.034558,
        4.826692,
        0.459769,
        4.26846,
        4.989689,
        6.250129,
        0.097709,
        5.342442,
        1.05468,
        2.5827020000000003,
        3.826784,
        4.546643,
        6.229883,
        0.5346599999999999,
        1.2028800000000002,
        2.022366,
        1.3112059999999999,
        6.044461,
        3.820957,
        5.322494,
        4.602294,
        4.866695,
        5.414857,
        4.934227,
        0.925276,
        3.8816640000000002,
        0.143512,
        2.734938,
        5.609839,
        2.3636709999999996
    ],
    [
        1.934285,
        1.892523,
        1.845461,
        1.884359,
        1.4513710000000002,
        2.057859,
        1.022736,
        2.90149,
        0.920145,
        2.658885,
        2.755886,
        2.061534,
        2.9212179999999996,
        0.9920119999999999,
        2.635313,
        3.387464,
        2.547418,
        2.62617,
        0.0,
        0.964711,
        1.9826510000000002,
        2.2979520000000004,
        1.816362,
        2.492314,
        1.342997,
        4.571524999999999,
        2.328254,
        4.018389,
        1.3107280000000001,
        2.839341,
        1.469897,
        2.262031,
        2.969252,
        3.3468020000000003,
        2.576703,
        5.2618860000000005,
        2.653114,
        3.899427,
        2.580846,
        3.410408,
        1.847101,
        3.5584000000000002,
        5.24164,
        3.030312,
        1.579862,
        0.93301,
        2.637063,
        4.642278,
        2.728198,
        2.821192,
        2.189308,
        2.453709,
        4.931854,
        2.306899,
        2.453959,
        1.337059,
        2.788697,
        1.168957,
        2.9392840000000002,
        3.295688
    ],
    [
        1.9625039999999998,
        2.5825120000000004,
        1.945485,
        2.574348,
        1.314209,
        2.747849,
        1.7127249999999998,
        3.5914789999999996,
        1.610134,
        3.348874,
        3.445875,
        1.224269,
        3.82442,
        1.682001,
        3.1124319999999996,
        3.2192629999999998,
        3.237407,
        3.529373,
        0.964711,
        0.0,
        2.663477,
        2.984124,
        1.032071,
        2.4823600000000003,
        1.177724,
        4.32134,
        2.2139140000000004,
        4.699215000000001,
        1.145455,
        3.548946,
        0.616186,
        1.40832,
        3.678856,
        3.232463,
        1.913202,
        4.9196040000000005,
        3.3627190000000002,
        3.235926,
        3.267018,
        4.091234,
        0.863202,
        3.44406,
        4.899358,
        3.7399169999999997,
        2.289467,
        1.613836,
        3.323235,
        3.978776,
        2.6138589999999997,
        1.967481,
        1.525806,
        1.790208,
        4.817514,
        1.4531880000000001,
        3.139837,
        0.460748,
        3.4983020000000002,
        1.066532,
        2.130512,
        3.9765140000000003
    ],
    [
        1.420715,
        0.508324,
        1.361968,
        0.299151,
        1.64096,
        0.233904,
        1.183305,
        1.530915,
        1.045868,
        1.288309,
        1.385311,
        3.813294,
        1.839818,
        1.0489490000000001,
        1.195245,
        2.515188,
        1.176843,
        1.882084,
        1.9826510000000002,
        2.663477,
        0.0,
        1.084614,
        3.11992,
        2.685766,
        1.868198,
        3.841829,
        1.463504,
        2.1409380000000002,
        1.9060709999999998,
        2.030434,
        3.185061,
        4.140506,
        1.8000820000000002,
        2.57681,
        3.6241060000000003,
        4.558479,
        1.830462,
        4.168887,
        1.21509,
        1.5329570000000001,
        3.562265,
        2.854994,
        4.538234,
        1.841014,
        1.699165,
        1.133187,
        1.2713079999999999,
        4.497668,
        2.2741640000000003,
        4.536356,
        3.389112,
        3.653514,
        3.6927,
        4.022063,
        1.237377,
        2.900134,
        1.800071,
        1.956186,
        4.498494,
        1.416519
    ],
    [
        2.00751,
        0.577806,
        1.945879,
        0.990541,
        2.156269,
        1.0581990000000001,
        1.6986130000000002,
        1.009271,
        1.3977650000000001,
        0.49401799999999996,
        0.8636670000000001,
        4.128595000000001,
        0.7719790000000001,
        1.43762,
        0.12740600000000002,
        3.5117510000000003,
        0.7198730000000001,
        0.744008,
        2.2979520000000004,
        2.984124,
        1.084614,
        0.0,
        3.5320810000000002,
        3.4885509999999997,
        2.187384,
        4.789471,
        2.448441,
        2.169486,
        2.225257,
        0.9458200000000001,
        3.529533,
        4.321667000000001,
        0.780612,
        3.524452,
        3.9437689999999996,
        5.506121,
        0.732665,
        4.478996,
        0.505985,
        1.834633,
        3.822009,
        3.8026350000000004,
        5.485875,
        0.8215439999999999,
        1.135546,
        1.477659,
        0.791082,
        5.300453,
        3.076949,
        5.317719,
        3.7082979999999997,
        3.9726999999999997,
        4.6708490000000005,
        4.366535,
        0.259367,
        3.244606,
        0.702274,
        2.19023,
        4.912572,
        1.732633
    ],
    [
        1.866878,
        3.1420749999999997,
        1.862445,
        2.7275210000000003,
        1.380422,
        3.226975,
        2.019733,
        4.123085,
        2.14174,
        3.880479,
        3.977481,
        1.704422,
        4.524395999999999,
        2.213607,
        3.644038,
        2.4346680000000003,
        3.7690129999999997,
        4.229348,
        1.816362,
        1.032071,
        3.11992,
        3.5320810000000002,
        0.0,
        1.521591,
        1.240087,
        3.3605720000000003,
        2.168855,
        4.66723,
        1.1939819999999999,
        4.411537999999999,
        1.0481179999999999,
        1.176689,
        4.088284,
        2.461659,
        0.9295599999999999,
        3.958835,
        4.225311,
        2.275157,
        3.6524650000000003,
        4.059248999999999,
        1.4510070000000002,
        2.673257,
        3.938589,
        4.129216,
        3.1520590000000004,
        1.908986,
        3.708683,
        2.9951350000000003,
        2.085596,
        2.1853730000000002,
        0.5465599999999999,
        0.806566,
        4.173776,
        1.507963,
        3.525579,
        0.644934,
        4.356609000000001,
        1.196415,
        1.466971,
        3.9428110000000003
    ],
    [
        1.250754,
        2.8587979999999997,
        1.345068,
        2.444245,
        1.3792200000000001,
        2.792821,
        1.813078,
        3.79506,
        2.206998,
        3.638783,
        3.735784,
        3.11395,
        4.190292,
        2.05437,
        3.545719,
        0.93544,
        3.527317,
        4.095896,
        2.492314,
        2.4823600000000003,
        2.685766,
        3.4885509999999997,
        1.521591,
        0.0,
        1.27032,
        2.164791,
        1.333755,
        4.028337,
        1.2246089999999998,
        4.117891999999999,
        2.54748,
        2.5551280000000003,
        3.890784,
        0.940068,
        1.310451,
        2.796107,
        3.904773,
        1.532777,
        3.4549659999999998,
        3.4203560000000004,
        2.876048,
        1.1516659999999999,
        2.775861,
        3.931717,
        3.1994520000000004,
        2.000875,
        3.511183,
        2.256191,
        0.5640040000000001,
        3.5638110000000003,
        1.218305,
        1.385379,
        2.652184,
        2.919409,
        3.3280790000000002,
        2.1334989999999996,
        3.874382,
        1.684615,
        2.7722710000000004,
        3.303918
    ],
    [
        0.925986,
        1.8903530000000002,
        0.757038,
        1.4758,
        0.142612,
        1.975253,
        0.7680119999999999,
        2.912944,
        1.0800450000000001,
        2.670338,
        2.7673389999999998,
        2.327124,
        3.164911,
        1.009679,
        2.299341,
        2.1827449999999997,
        2.558871,
        3.05083,
        1.342997,
        1.177724,
        1.868198,
        2.187384,
        1.240087,
        1.27032,
        0.0,
        3.3206219999999997,
        1.179576,
        3.485343,
        0.055083,
        3.133505,
        1.692126,
        2.289894,
        2.906397,
        2.198125,
        1.815997,
        3.933667,
        2.920386,
        2.5219050000000003,
        2.4705790000000003,
        2.877363,
        2.003626,
        2.409723,
        3.913421,
        2.94733,
        2.1224279999999998,
        0.923851,
        2.526796,
        3.4420279999999996,
        1.579521,
        3.204046,
        1.538124,
        1.802526,
        3.783176,
        2.4495430000000002,
        2.343692,
        1.2552429999999999,
        2.889995,
        0.298147,
        2.647506,
        2.7609250000000003
    ],
    [
        2.682479,
        4.316008,
        2.776793,
        3.666179,
        3.427031,
        3.896083,
        3.7077020000000003,
        4.636101,
        3.9793119999999997,
        4.9178869999999995,
        4.67209,
        4.859655,
        5.629938,
        3.829289,
        4.8733900000000006,
        1.326432,
        4.661336,
        5.533479000000001,
        4.571524999999999,
        4.32134,
        3.841829,
        4.789471,
        3.3605720000000003,
        2.164791,
        3.3206219999999997,
        0.0,
        2.762712,
        4.397105,
        3.4187570000000003,
        5.719398,
        4.428026,
        4.343711,
        5.49383,
        1.321804,
        2.591824,
        1.098132,
        5.502452,
        1.945727,
        4.729661,
        3.99781,
        4.7418059999999995,
        1.1620650000000001,
        1.077887,
        5.534762,
        5.078729,
        3.880152,
        4.580118000000001,
        1.655716,
        2.034276,
        5.3523950000000005,
        3.0794189999999997,
        2.801539,
        1.1672090000000002,
        4.698766,
        4.798597,
        3.999256,
        5.472061,
        3.7192339999999997,
        4.529977,
        3.881372
    ],
    [
        0.439207,
        1.818688,
        0.533522,
        1.404135,
        1.1696030000000002,
        1.570559,
        1.4644300000000001,
        2.6846439999999996,
        1.73604,
        2.598673,
        2.695674,
        3.360927,
        3.1501819999999996,
        1.586017,
        2.5056089999999998,
        1.2326169999999999,
        2.4224870000000003,
        3.1924479999999997,
        2.328254,
        2.2139140000000004,
        1.463504,
        2.448441,
        2.168855,
        1.333755,
        1.179576,
        2.762712,
        0.0,
        2.933083,
        1.1975619999999998,
        3.297415,
        2.792608,
        3.216275,
        3.0703069999999997,
        1.237245,
        2.4577080000000002,
        3.152328,
        3.0842959999999997,
        2.840773,
        2.5070230000000002,
        2.325102,
        3.104107,
        1.448843,
        3.132083,
        3.1112399999999996,
        2.826082,
        1.6275050000000002,
        2.56324,
        3.169554,
        0.94605,
        4.182987,
        2.3155799999999997,
        2.532636,
        2.814717,
        3.428484,
        2.507602,
        2.355725,
        3.0539050000000003,
        1.498039,
        3.4834140000000002,
        2.208664
    ],
    [
        3.06915,
        2.142903,
        3.0204389999999997,
        2.37569,
        3.453927,
        1.962577,
        3.154566,
        1.311342,
        3.042382,
        1.840298,
        1.4053309999999999,
        5.805879,
        2.3901120000000002,
        3.107327,
        2.250654,
        3.640411,
        1.532941,
        2.761053,
        4.018389,
        4.699215000000001,
        2.1409380000000002,
        2.169486,
        4.66723,
        4.028337,
        3.485343,
        4.397105,
        2.933083,
        0.0,
        3.553271,
        2.756545,
        5.213129,
        5.788082,
        2.310549,
        3.604926,
        5.0873800000000005,
        5.290757999999999,
        2.7886550000000003,
        5.4093729999999995,
        1.590773,
        0.447602,
        5.682861,
        3.880348,
        5.270513,
        2.271771,
        3.151632,
        3.297576,
        1.44123,
        5.7863180000000005,
        3.585896,
        6.702235,
        4.8547839999999995,
        5.119185000000001,
        3.496019,
        5.947731,
        1.733166,
        4.776246,
        2.521069,
        3.604242,
        6.145695,
        0.647537
    ],
    [
        0.880276,
        1.9282260000000002,
        0.8632569999999999,
        1.513673,
        0.166574,
        2.013126,
        0.805885,
        2.950817,
        1.104007,
        2.708211,
        2.805212,
        2.2948560000000002,
        3.08426,
        1.0475519999999998,
        2.337214,
        2.137035,
        2.596744,
        2.970179,
        1.3107280000000001,
        1.145455,
        1.9060709999999998,
        2.225257,
        1.1939819999999999,
        1.2246089999999998,
        0.055083,
        3.4187570000000003,
        1.1975619999999998,
        3.553271,
        0.0,
        3.157467,
        1.659858,
        2.234811,
        2.9303589999999997,
        2.152415,
        1.760914,
        3.887956,
        2.9443479999999997,
        2.476195,
        2.4945410000000003,
        2.9013240000000002,
        1.971358,
        2.3640120000000002,
        3.867711,
        2.9712910000000003,
        2.14639,
        0.947813,
        2.5507579999999996,
        3.3963180000000004,
        1.5338109999999998,
        3.148964,
        1.4830409999999998,
        1.747443,
        3.737466,
        2.39446,
        2.367654,
        1.222975,
        2.913957,
        0.345614,
        2.5885610000000003,
        2.7848870000000003
    ],
    [
        2.95333,
        1.523626,
        2.891699,
        1.936361,
        2.965357,
        2.004019,
        2.428464,
        1.699928,
        2.068469,
        1.1454469999999999,
        1.518885,
        4.809842,
        0.5159130000000001,
        2.2029029999999996,
        0.98523,
        4.448978,
        1.4019970000000002,
        0.266502,
        2.839341,
        3.548946,
        2.030434,
        0.9458200000000001,
        4.411537999999999,
        4.117891999999999,
        3.133505,
        5.719398,
        3.297415,
        2.756545,
        3.157467,
        0.0,
        4.228714,
        5.020848,
        0.5253669999999999,
        4.534962,
        5.183846,
        6.516631,
        0.221891,
        5.536598,
        1.206299,
        2.6483000000000003,
        4.02094,
        4.8131450000000005,
        6.496386,
        0.6002580000000001,
        1.3970360000000002,
        2.216522,
        1.462825,
        6.4447730000000005,
        4.221269,
        5.5166509999999995,
        4.79645,
        5.060852,
        5.6813590000000005,
        5.1283829999999995,
        1.085024,
        4.0758209999999995,
        0.275889,
        2.929094,
        5.803996,
        2.5152910000000004
    ],
    [
        2.472339,
        3.11157,
        2.45532,
        3.103406,
        1.826432,
        3.276907,
        2.241783,
        4.120538,
        2.139193,
        3.877932,
        3.974934,
        1.102065,
        4.329606,
        2.211059,
        3.6414899999999997,
        3.48292,
        3.766465,
        4.034558,
        1.469897,
        0.616186,
        3.185061,
        3.529533,
        1.0481179999999999,
        2.54748,
        1.692126,
        4.428026,
        2.792608,
        5.213129,
        1.659858,
        4.228714,
        0.0,
        0.848259,
        4.179119,
        3.5313600000000003,
        1.783628,
        5.07927,
        3.8629810000000004,
        3.1807399999999997,
        3.8149290000000002,
        4.5629,
        0.642845,
        3.7429580000000002,
        5.059024,
        4.2401800000000005,
        2.789729,
        2.167094,
        3.871146,
        3.813098,
        3.136069,
        1.643638,
        1.3685630000000002,
        1.687996,
        5.243475999999999,
        0.889134,
        3.688042,
        0.44515,
        3.998564,
        1.590268,
        1.635133,
        4.446462
    ],
    [
        2.888071,
        3.9037040000000003,
        2.8847150000000004,
        3.748108,
        2.4013850000000003,
        4.069041,
        3.0406950000000004,
        4.912672,
        2.931327,
        4.670065999999999,
        4.767067,
        0.955545,
        5.12174,
        3.003193,
        4.433624,
        3.490568,
        4.5586,
        4.826692,
        2.262031,
        1.40832,
        4.140506,
        4.321667000000001,
        1.176689,
        2.5551280000000003,
        2.289894,
        4.343711,
        3.216275,
        5.788082,
        2.234811,
        5.020848,
        0.848259,
        0.0,
        4.971105,
        3.508465,
        1.751887,
        5.043953999999999,
        4.654968,
        3.149,
        4.606916,
        5.124123,
        1.20604,
        3.720063,
        5.023708,
        5.032167,
        3.5817159999999997,
        2.9590799999999997,
        4.663133,
        3.781358,
        3.1324009999999998,
        1.0510760000000001,
        1.336823,
        1.6562560000000002,
        5.120755,
        0.478392,
        4.480029,
        1.276305,
        4.7905500000000005,
        2.2595709999999998,
        0.7931630000000001,
        5.005967
    ],
    [
        2.7262220000000004,
        1.293273,
        2.6645920000000003,
        1.706009,
        2.874981,
        1.773666,
        2.417325,
        1.2759880000000001,
        2.1983800000000002,
        0.721506,
        1.094944,
        4.939752,
        0.009454,
        2.156332,
        0.706058,
        4.202425,
        0.9780570000000001,
        0.459769,
        2.969252,
        3.678856,
        1.8000820000000002,
        0.780612,
        4.088284,
        3.890784,
        2.906397,
        5.49383,
        3.0703069999999997,
        2.310549,
        2.9303589999999997,
        0.5253669999999999,
        4.179119,
        4.971105,
        0.0,
        4.262398,
        5.294191,
