[
    [
        0.0,
        0.147317,
        1.5240619999999998,
        1.097701,
        1.671619,
        1.4469280000000002,
        2.0767379999999998,
        0.197684,
        0.138983,
        0.290145,
        0.391146,
        0.133073,
        3.466366,
        1.2865550000000001,
        0.039164000000000004,
        0.32308499999999996,
        1.91082,
        1.5176720000000001,
        0.269115,
        1.1935319999999998
    ],
    [
        0.147317,
        0.0,
        1.3988099999999999,
        0.972449,
        1.546367,
        1.3216759999999999,
        1.951486,
        0.062237,
        0.200435,
        0.164893,
        0.46813499999999997,
        0.261613,
        3.341114,
        1.1613030000000002,
        0.108153,
        0.391573,
        1.785568,
        1.39242,
        0.143863,
        1.06828
    ],
    [
        1.5240619999999998,
        1.3988099999999999,
        0.0,
        0.9318110000000001,
        0.555133,
        0.765667,
        0.913462,
        1.340787,
        1.464413,
        1.238131,
        1.858009,
        1.52559,
        1.829232,
        0.458501,
        1.499307,
        1.7827270000000002,
        0.747544,
        0.21546,
        1.287679,
        0.543474
    ],
    [
        1.097701,
        0.972449,
        0.9318110000000001,
        0.0,
        0.71321,
        1.127126,
        0.9578840000000001,
        0.903142,
        1.026767,
        0.815151,
        1.420363,
        1.087944,
        2.5560189999999996,
        0.797181,
        1.061661,
        1.345081,
        0.861587,
        0.755107,
        0.850034,
        0.722511
    ],
    [
        1.671619,
        1.546367,
        0.555133,
        0.71321,
        0.0,
        1.263039,
        0.404777,
        1.4841300000000002,
        1.607755,
        1.369865,
        2.001351,
        1.668933,
        1.951114,
        0.951287,
        1.6426500000000002,
        1.92607,
        0.23885900000000002,
        0.557608,
        1.431022,
        1.041268
    ],
    [
        1.4469280000000002,
        1.3216759999999999,
        0.765667,
        1.127126,
        1.263039,
        0.0,
        1.6690999999999998,
        1.280743,
        1.4043679999999998,
        1.1780869999999999,
        1.797964,
        1.465546,
        2.047602,
        0.32624400000000003,
        1.439262,
        1.722682,
        1.503182,
        0.755456,
        1.227635,
        0.408505
    ],
    [
        2.0767379999999998,
        1.951486,
        0.913462,
        0.9578840000000001,
        0.404777,
        1.6690999999999998,
        0.0,
        1.881334,
        2.004959,
        1.767068,
        2.398555,
        2.0661359999999998,
        2.027911,
        1.3481489999999998,
        2.039853,
        2.325822,
        0.23309,
        0.954469,
        1.8282260000000001,
        1.4381300000000001
    ],
    [
        0.197684,
        0.062237,
        1.340787,
        0.903142,
        1.4841300000000002,
        1.280743,
        1.881334,
        0.0,
        0.13819800000000002,
        0.10265600000000001,
        0.518501,
        0.199375,
        3.278877,
        1.099066,
        0.15852000000000002,
        0.441939,
        1.723331,
        1.330183,
        0.081626,
        1.006042
    ],
    [
        0.138983,
        0.200435,
        1.464413,
        1.026767,
        1.607755,
        1.4043679999999998,
        2.004959,
        0.13819800000000002,
        0.0,
        0.226282,
        0.492399,
        0.061177,
        3.4025030000000003,
        1.222691,
        0.15400999999999998,
        0.43009800000000004,
        1.8469559999999998,
        1.453808,
        0.20525200000000002,
        1.129668
    ],
    [
        0.290145,
        0.164893,
        1.238131,
        0.815151,
        1.369865,
        1.1780869999999999,
        1.767068,
        0.10265600000000001,
        0.226282,
        0.0,
        0.619878,
        0.287459,
        3.164612,
        0.996409,
        0.26117599999999996,
        0.544596,
        1.609065,
        1.227527,
        0.049548,
        0.903386
    ],
    [
        0.391146,
        0.46813499999999997,
        1.858009,
        1.420363,
        2.001351,
        1.797964,
        2.398555,
        0.518501,
        0.492399,
        0.619878,
        0.0,
        0.47069,
        3.7960990000000003,
        1.616287,
        0.369555,
        0.07656199999999999,
        2.240552,
        1.847404,
        0.5988479999999999,
        1.523264
    ],
    [
        0.133073,
        0.261613,
        1.52559,
        1.087944,
        1.668933,
        1.465546,
        2.0661359999999998,
        0.199375,
        0.061177,
        0.287459,
        0.47069,
        0.0,
        3.4636799999999996,
        1.283868,
        0.14809999999999998,
        0.424188,
        1.908134,
        1.5149860000000002,
        0.26642899999999997,
        1.190845
    ],
    [
        3.466366,
        3.341114,
        1.829232,
        2.5560189999999996,
        1.951114,
        2.047602,
        2.027911,
        3.278877,
        3.4025030000000003,
        3.164612,
        3.7960990000000003,
        3.4636799999999996,
        0.0,
        2.1136179999999998,
        3.410063,
        3.693483,
        1.996935,
        2.009486,
        3.198435,
        2.1958789999999997
    ],
    [
        1.2865550000000001,
        1.1613030000000002,
        0.458501,
        0.797181,
        0.951287,
        0.32624400000000003,
        1.3481489999999998,
        1.099066,
        1.222691,
        0.996409,
        1.616287,
        1.283868,
        2.1136179999999998,
        0.0,
        1.2618,
        1.54522,
        1.206472,
        0.450843,
        1.050172,
        0.093023
    ],
    [
        0.039164000000000004,
        0.108153,
        1.499307,
        1.061661,
        1.6426500000000002,
        1.439262,
        2.039853,
        0.15852000000000002,
        0.15400999999999998,
        0.26117599999999996,
        0.369555,
        0.14809999999999998,
        3.410063,
        1.2618,
        0.0,
        0.28342,
        1.8818499999999998,
        1.4887029999999999,
        0.240146,
        1.1645619999999999
    ],
    [
        0.32308499999999996,
        0.391573,
        1.7827270000000002,
        1.345081,
        1.92607,
        1.722682,
        2.325822,
        0.441939,
        0.43009800000000004,
        0.544596,
        0.07656199999999999,
        0.424188,
        3.693483,
        1.54522,
        0.28342,
        0.0,
        2.16527,
        1.772122,
        0.523566,
        1.4479819999999999
    ],
    [
        1.91082,
        1.785568,
        0.747544,
        0.861587,
        0.23885900000000002,
        1.503182,
        0.23309,
        1.723331,
        1.8469559999999998,
        1.609065,
        2.240552,
        1.908134,
        1.996935,
        1.206472,
        1.8818499999999998,
        2.16527,
        0.0,
        0.7894990000000001,
        1.670223,
        1.265502
    ],
    [
        1.5176720000000001,
        1.39242,
        0.21546,
        0.755107,
        0.557608,
        0.755456,
        0.954469,
        1.330183,
        1.453808,
        1.227527,
        1.847404,
        1.5149860000000002,
        2.009486,
        0.450843,
        1.4887029999999999,
        1.772122,
        0.7894990000000001,
        0.0,
        1.3101639999999999,
        0.48775999999999997
    ],
    [
        0.269115,
        0.143863,
        1.287679,
        0.850034,
        1.431022,
        1.227635,
        1.8282260000000001,
        0.081626,
        0.20525200000000002,
        0.049548,
        0.5988479999999999,
        0.26642899999999997,
        3.198435,
        1.050172,
        0.240146,
        0.523566,
        1.670223,
        1.3101639999999999,
        0.0,
        0.952935
    ],
    [
        1.1935319999999998,
        1.06828,
        0.543474,
        0.722511,
        1.041268,
        0.408505,
        1.4381300000000001,
        1.006042,
        1.129668,
        0.903386,
        1.523264,
        1.190845,
        2.1958789999999997,
        0.093023,
        1.1645619999999999,
        1.4479819999999999,
        1.265502,
        0.48775999999999997,
        0.952935,
        0.0
    ]
]