[
    [
        0.0,
        0.05808,
        0.7505320000000001,
        0.714763,
        1.643448,
        0.31687,
        0.867626,
        0.23743,
        0.087306,
        0.898181,
        0.501177,
        0.715091,
        1.151737,
        1.139406,
        0.178185,
        0.971606,
        0.0,
        1.247472,
        1.182442,
        1.168161,
        1.065278,
        0.05808,
        1.076171,
        1.08202,
        0.8549880000000001,
        2.026985,
        2.1726680000000003,
        1.537607,
        1.422685,
        1.978842,
        1.470974,
        1.274918,
        1.961376,
        2.145158,
        1.964298,
        1.733969,
        1.7385730000000001,
        1.12476,
        1.415268,
        1.3542180000000001,
        2.1153939999999998,
        1.921834,
        2.026985,
        2.1726680000000003,
        1.921834,
        1.741841,
        1.769169,
        2.065537,
        1.964298,
        1.733969,
        2.380531
    ],
    [
        0.05808,
        0.0,
        0.808612,
        0.684372,
        1.613057,
        0.286479,
        0.925706,
        0.207039,
        0.029226,
        0.861347,
        0.470786,
        0.6847000000000001,
        1.012637,
        1.109015,
        0.147794,
        0.987823,
        0.05808,
        1.263689,
        1.1986590000000001,
        1.184378,
        1.0814949999999999,
        0.0,
        1.092388,
        1.0982370000000001,
        0.8817480000000001,
        2.043202,
        2.1888850000000004,
        1.553782,
        1.4389020000000001,
        1.995059,
        1.487328,
        1.291272,
        1.977687,
        2.161375,
        1.9805160000000002,
        1.750186,
        1.75479,
        1.140978,
        1.431485,
        1.3704349999999998,
        2.131611,
        1.938051,
        2.043202,
        2.1888850000000004,
        1.938051,
        1.758058,
        1.785523,
        2.081503,
        1.9805160000000002,
        1.750186,
        2.396748
    ],
    [
        0.7505320000000001,
        0.808612,
        0.0,
        1.17512,
        1.160523,
        0.7106549999999999,
        0.163069,
        0.766555,
        0.838915,
        0.239936,
        1.051299,
        0.391892,
        0.490987,
        1.7555180000000001,
        0.768427,
        1.6879860000000002,
        0.7516090000000001,
        1.963853,
        1.8988219999999998,
        1.884542,
        1.781658,
        0.809689,
        1.792551,
        1.7984,
        1.563077,
        2.743366,
        2.889049,
        2.254082,
        2.139065,
        2.695223,
        2.187492,
        1.9914349999999998,
        2.677851,
        2.861539,
        2.680679,
        2.4503359999999996,
        2.4550479999999997,
        1.8411410000000001,
        2.131649,
        2.070598,
        2.831774,
        2.638215,
        2.743366,
        2.889049,
        2.638215,
        2.458221,
        2.4856860000000003,
        2.781667,
        2.680679,
        2.4503359999999996,
        3.0969119999999997
    ],
    [
        0.714763,
        0.684372,
        1.17512,
        0.0,
        0.928372,
        0.5100899999999999,
        1.292214,
        0.5824020000000001,
        0.664327,
        0.993051,
        0.21358600000000003,
        0.816403,
        0.87929,
        0.6133970000000001,
        0.634623,
        1.535142,
        0.714763,
        1.8022580000000001,
        1.737227,
        1.7229469999999998,
        1.567234,
        0.684372,
        1.639707,
        1.636805,
        1.500921,
        2.260455,
        2.344998,
        1.293885,
        1.1134819999999999,
        2.212356,
        1.188951,
        1.288385,
        2.037716,
        2.3786729999999996,
        2.228184,
        1.9483730000000001,
        1.972087,
        1.410629,
        1.59858,
        1.258308,
        2.2574099999999997,
        2.216581,
        2.260455,
        2.344998,
        2.216581,
        2.1385500000000004,
        2.0987220000000004,
        2.629073,
        2.228184,
        1.9483730000000001,
        2.935317
    ],
    [
        1.643448,
        1.613057,
        1.160523,
        0.928372,
        0.0,
        1.4387750000000001,
        1.331228,
        1.4978019999999999,
        1.5797260000000002,
        0.946509,
        1.128986,
        1.030796,
        0.6695359999999999,
        1.507006,
        1.550023,
        2.463826,
        1.630163,
        2.730942,
        2.6659119999999996,
        2.651631,
        2.4959189999999998,
        1.599772,
        2.568392,
        2.5654899999999996,
        2.416321,
        3.18914,
        3.273683,
        2.22257,
        2.042167,
        3.141041,
        2.1176350000000004,
        2.21707,
        2.966401,
        3.3073580000000002,
        3.156869,
        2.877058,
        2.900772,
        2.339314,
        2.527265,
        2.1869929999999997,
        3.186094,
        3.145266,
        3.18914,
        3.273683,
        3.145266,
        3.067234,
        3.027407,
        3.557757,
        3.156869,
        2.877058,
        3.864001
    ],
    [
        0.31687,
        0.286479,
        0.7106549999999999,
        0.5100899999999999,
        1.4387750000000001,
        0.0,
        0.8277490000000001,
        0.086464,
        0.315704,
        0.5748690000000001,
        0.35040899999999997,
        0.398221,
        0.726158,
        1.091011,
        0.138685,
        1.2877049999999999,
        0.31687,
        1.559393,
        1.4943620000000002,
        1.4800820000000001,
        1.377199,
        0.286479,
        1.39227,
        1.39394,
        1.160622,
        2.351226,
        2.484589,
        1.704202,
        1.523799,
        2.290857,
        1.599267,
        1.5869749999999998,
        2.273391,
        2.4570790000000002,
        2.276219,
        2.045847,
        2.0505880000000003,
        1.436681,
        1.727189,
        1.6656279999999999,
        2.427314,
        2.233755,
        2.351226,
        2.484589,
        2.233755,
        2.053761,
        2.081226,
        2.3813850000000003,
        2.276219,
        2.045847,
        2.6924520000000003
    ],
    [
        0.867626,
        0.925706,
        0.163069,
        1.292214,
        1.331228,
        0.8277490000000001,
        0.0,
        0.879192,
        0.949832,
        0.384718,
        1.157163,
        0.5089859999999999,
        0.6382749999999999,
        1.8880109999999999,
        0.881064,
        1.623777,
        0.862527,
        1.9025,
        1.83747,
        1.8231890000000002,
        1.7459369999999999,
        0.920607,
        1.728342,
        1.7626780000000002,
        1.409076,
        2.760966,
        2.906649,
        2.360007,
        2.2449899999999996,
        2.8012420000000002,
        2.293416,
        2.097359,
        2.783775,
        2.967558,
        2.698279,
        2.467949,
        2.560972,
        1.947066,
        2.237573,
        2.176523,
        2.8493739999999996,
        2.602493,
        2.760966,
        2.906649,
        2.602493,
        2.4225,
        2.5031909999999997,
        2.717457,
        2.698279,
        2.467949,
        3.035559
    ],
    [
        0.23743,
        0.207039,
        0.766555,
        0.5824020000000001,
        1.4978019999999999,
        0.086464,
        0.879192,
        0.0,
        0.23626499999999998,
        0.661333,
        0.368816,
        0.484685,
        0.812622,
        1.007045,
        0.059245,
        1.208266,
        0.23743,
        1.479953,
        1.414923,
        1.400642,
        1.297759,
        0.207039,
        1.3128309999999999,
        1.314501,
        1.081182,
        2.2594659999999998,
        2.4051489999999998,
        1.624762,
        1.444359,
        2.211418,
        1.519828,
        1.507535,
        2.193951,
        2.37764,
        2.196779,
        1.966407,
        1.971148,
        1.357241,
        1.6477490000000001,
        1.586189,
        2.347875,
        2.154315,
        2.2594659999999998,
        2.4051489999999998,
        2.154315,
        1.974322,
        2.001786,
        2.302197,
        2.196779,
        1.966407,
        2.6130120000000003
    ],
    [
        0.087306,
        0.029226,
        0.838915,
        0.664327,
        1.5797260000000002,
        0.315704,
        0.949832,
        0.23626499999999998,
        0.0,
        0.890573,
        0.45074000000000003,
        0.7139249999999999,
        1.041863,
        1.088969,
        0.177019,
        0.95857,
        0.087306,
        1.234437,
        1.169406,
        1.1551259999999999,
        1.052242,
        0.029226,
        1.063135,
        1.068984,
        0.852495,
        2.01395,
        2.159633,
        1.524558,
        1.409649,
        1.965807,
        1.457939,
        1.2618820000000002,
        1.94834,
        2.132123,
        1.951263,
        1.720933,
        1.725537,
        1.1117249999999999,
        1.4022329999999998,
        1.341182,
        2.102358,
        1.908798,
        2.01395,
        2.159633,
        1.908798,
        1.7288050000000001,
        1.75627,
        2.05225,
        1.951263,
        1.720933,
        2.367496
    ],
    [
        0.898181,
        0.861347,
        0.239936,
        0.993051,
        0.946509,
        0.5748690000000001,
        0.384718,
        0.661333,
        0.890573,
        0.0,
        0.8938339999999999,
        0.197907,
        0.253556,
        1.571917,
        0.713554,
        1.835635,
        0.899258,
        2.1115019999999998,
        2.046471,
        2.032191,
        1.929307,
        0.861347,
        1.9402000000000001,
        1.946049,
        1.7107260000000002,
        2.890972,
        3.036698,
        2.287481,
        2.107078,
        2.842966,
        2.182547,
        2.139084,
        2.8255,
        3.0092820000000002,
        2.828286,
        2.5980920000000003,
        2.602697,
        1.98879,
        2.279298,
        2.218247,
        2.979518,
        2.785863,
        2.890972,
        3.036698,
        2.785863,
        2.60587,
        2.633335,
        2.929566,
        2.828286,
        2.5980920000000003,
        3.244561
    ],
    [
        0.501177,
        0.470786,
        1.051299,
        0.21358600000000003,
        1.128986,
        0.35040899999999997,
        1.157163,
        0.368816,
        0.45074000000000003,
        0.8938339999999999,
        0.0,
        0.717186,
        0.78714,
        0.762148,
        0.421037,
        1.387705,
        0.501177,
        1.656494,
        1.591463,
        1.577182,
        1.474299,
        0.470786,
        1.492271,
        1.4910409999999998,
        1.2873350000000001,
        2.346435,
        2.430978,
        1.3798650000000001,
        1.197959,
        2.296833,
        1.2749300000000001,
        1.374365,
        2.122193,
        2.4646529999999998,
        2.3141640000000003,
        2.034353,
        2.058067,
        1.4936120000000002,
        1.6845599999999998,
        1.341291,
        2.343389,
        2.3308560000000003,
        2.346435,
        2.430978,
        2.3308560000000003,
        2.150862,
        2.1783270000000003,
        2.481636,
        2.3141640000000003,
        2.034353,
        2.789552
    ],
    [
        0.715091,
        0.6847000000000001,
        0.391892,
        0.816403,
        1.030796,
        0.398221,
        0.5089859999999999,
        0.484685,
        0.7139249999999999,
        0.197907,
        0.717186,
        0.0,
        0.32793700000000003,
        1.395269,
        0.536906,
        1.685926,
        0.715091,
        1.957614,
        1.8925830000000001,
        1.878303,
        1.775419,
        0.6847000000000001,
        1.790491,
        1.7921610000000001,
        1.558843,
        2.737221,
        2.882904,
        2.110833,
        1.93043,
        2.689078,
        2.005899,
        2.105333,
        2.671612,
        2.855395,
        2.686854,
        2.4442049999999997,
        2.4488090000000002,
        1.834902,
        2.12541,
        2.075256,
        2.8256300000000003,
        2.6319760000000003,
        2.737221,
        2.882904,
        2.6319760000000003,
        2.451982,
        2.479447,
        2.779857,
        2.686854,
        2.4442049999999997,
        3.090673
    ],
    [
        1.151737,
        1.012637,
        0.490987,
        0.87929,
        0.6695359999999999,
        0.726158,
        0.6382749999999999,
        0.812622,
        1.041863,
        0.253556,
        0.78714,
        0.32793700000000003,
        0.0,
        1.465223,
        0.8620869999999999,
        2.089191,
        1.1528150000000001,
        2.365058,
        2.3000279999999997,
        2.2857469999999998,
        2.182864,
        1.009881,
        2.193757,
        2.199605,
        1.964283,
        3.156985,
        3.22429,
        2.173177,
        1.9927739999999998,
        3.091648,
        2.068242,
        2.1676770000000003,
        2.9170079999999996,
        3.257964,
        3.0942979999999998,
        2.851649,
        2.851379,
        2.242346,
        2.4778719999999996,
        2.128431,
        3.136701,
        3.0394200000000002,
        3.156985,
        3.22429,
        3.0394200000000002,
        2.859427,
        2.886891,
        3.183122,
        3.0942979999999998,
        2.851649,
        3.498117
    ],
    [
        1.139406,
        1.109015,
        1.7555180000000001,
        0.6133970000000001,
        1.507006,
        1.091011,
        1.8880109999999999,
        1.007045,
        1.088969,
        1.571917,
        0.762148,
        1.395269,
        1.465223,
        0.0,
        1.059266,
        1.8945329999999998,
        1.139406,
        2.089378,
        2.024348,
        1.991625,
        1.7756079999999999,
        1.109015,
        1.999098,
        1.967076,
        1.933887,
        2.366733,
        2.451276,
        1.319218,
        1.21976,
        2.10073,
        1.295228,
        1.394663,
        1.79429,
        2.24576,
        2.334462,
        2.054651,
        1.922175,
        1.516907,
        1.640504,
        1.364586,
        2.3636880000000002,
        2.360503,
        2.366733,
        2.451276,
        2.360503,
        2.322172,
        2.252266,
        2.988464,
        2.334462,
        2.054651,
        3.210979
    ],
    [
        0.178185,
        0.147794,
        0.768427,
        0.634623,
        1.550023,
        0.138685,
        0.881064,
        0.059245,
        0.177019,
        0.713554,
        0.421037,
        0.536906,
        0.8620869999999999,
        1.059266,
        0.0,
        1.15192,
        0.178185,
        1.420708,
        1.3556780000000002,
        1.341397,
        1.238514,
        0.147794,
        1.2564849999999999,
        1.255255,
        1.0385799999999998,
        2.200221,
        2.345904,
        1.676983,
        1.49658,
        2.152078,
        1.572049,
        1.4482899999999999,
        2.134706,
        2.3183939999999996,
        2.137534,
        1.907204,
        1.9119030000000001,
        1.2979960000000001,
        1.588504,
        1.527453,
        2.28863,
        2.09507,
        2.200221,
        2.345904,
        2.09507,
        1.915077,
        1.9425409999999999,
        2.2456,
        2.137534,
        1.907204,
        2.5537669999999997
    ],
    [
        0.971606,
        0.987823,
        1.6879860000000002,
        1.535142,
        2.463826,
        1.2877049999999999,
        1.623777,
        1.208266,
        0.95857,
        1.835635,
        1.387705,
        1.685926,
        2.089191,
        1.8945329999999998,
        1.15192,
        0.0,
        0.9854930000000001,
        0.452836,
        0.387806,
        0.373525,
        0.37985,
        1.003147,
        0.232505,
        0.39637599999999995,
        0.55062,
        1.483579,
        1.616943,
        1.454323,
        1.507215,
        1.83236,
        1.481426,
        1.359585,
        1.908622,
        1.982151,
        1.408573,
        1.178243,
        1.5477550000000002,
        1.209291,
        1.36242,
        1.45203,
        1.5596679999999998,
        1.25604,
        1.483579,
        1.616943,
        1.25604,
        1.016805,
        1.213485,
        1.216359,
        1.408573,
        1.178243,
        1.512097
    ],
    [
        0.0,
        0.05808,
        0.7516090000000001,
        0.714763,
        1.630163,
        0.31687,
        0.862527,
        0.23743,
        0.087306,
        0.899258,
        0.501177,
        0.715091,
        1.1528150000000001,
        1.139406,
        0.178185,
        0.9854930000000001,
        0.0,
        1.247472,
        1.182442,
        1.168161,
        1.065278,
        0.05808,
        1.076171,
        1.08202,
        0.8549880000000001,
        2.026985,
        2.1726680000000003,
        1.537607,
        1.422685,
        1.978842,
        1.470974,
        1.274918,
        1.961376,
        2.145158,
        1.964298,
        1.733969,
        1.7385730000000001,
        1.12476,
        1.415268,
        1.3542180000000001,
        2.1153939999999998,
        1.921834,
        2.026985,
        2.1726680000000003,
        1.921834,
        1.741841,
        1.769169,
        2.065537,
        1.964298,
        1.733969,
        2.380531
    ],
    [
        1.247472,
        1.263689,
        1.963853,
        1.8022580000000001,
        2.730942,
        1.559393,
        1.9025,
        1.479953,
        1.234437,
        2.1115019999999998,
        1.656494,
        1.957614,
        2.365058,
        2.089378,
        1.420708,
        0.452836,
        1.247472,
        0.0,
        0.102202,
        0.097753,
        0.318458,
        1.256083,
        0.380255,
        0.1343,
        0.9434560000000001,
        1.212216,
        1.34558,
        1.18296,
        1.3147650000000002,
        1.560997,
        1.210063,
        1.164441,
        1.637259,
        1.710788,
        1.149529,
        0.90688,
        1.276392,
        1.0341980000000002,
        1.091057,
        1.246298,
        1.288305,
        0.984677,
        1.212216,
        1.34558,
        0.984677,
        0.6633049999999999,
        0.9421219999999999,
        1.004997,
        1.149529,
        0.90688,
        1.175546
    ],
    [
        1.182442,
        1.1986590000000001,
        1.8988219999999998,
        1.737227,
        2.6659119999999996,
        1.4943620000000002,
        1.83747,
        1.414923,
        1.169406,
        2.046471,
        1.591463,
        1.8925830000000001,
        2.3000279999999997,
        2.024348,
        1.3556780000000002,
        0.387806,
        1.182442,
        0.102202,
        0.0,
        0.032722,
        0.253428,
        1.1910530000000001,
        0.329214,
        0.06927,
        0.892415,
        1.1471859999999998,
        1.280549,
        1.11793,
        1.249734,
        1.495967,
        1.145033,
        1.09941,
        1.572228,
        1.645758,
        1.084499,
        0.84185,
        1.211362,
        0.969168,
        1.026026,
        1.181268,
        1.2232750000000001,
        0.919646,
        1.1471859999999998,
        1.280549,
        0.919646,
        0.680411,
        0.877092,
        1.058564,
        1.084499,
        0.84185,
        1.2291130000000001
    ],
    [
        1.168161,
        1.184378,
        1.884542,
        1.7229469999999998,
        2.651631,
        1.4800820000000001,
        1.8231890000000002,
        1.400642,
        1.1551259999999999,
        2.032191,
        1.577182,
        1.878303,
        2.2857469999999998,
        1.991625,
        1.341397,
        0.373525,
        1.168161,
        0.097753,
        0.032722,
        0.0,
        0.216017,
        1.176772,
        0.314933,
        0.054988999999999996,
        0.878134,
        1.114463,
        1.247826,
        1.085207,
        1.217012,
        1.463244,
        1.11231,
        1.066688,
        1.5395050000000001,
        1.613035,
        1.051776,
        0.8091269999999999,
        1.178639,
        0.9364450000000001,
        0.993303,
        1.1485450000000001,
        1.1905519999999998,
        0.886923,
        1.114463,
        1.247826,
        0.886923,
        0.647688,
        0.844369,
        1.131409,
        1.051776,
        0.8091269999999999,
        1.261835
    ],
    [
        1.065278,
        1.0814949999999999,
        1.781658,
        1.567234,
        2.4959189999999998,
        1.377199,
        1.7459369999999999,
        1.297759,
        1.052242,
        1.929307,
        1.474299,
        1.775419,
        2.182864,
        1.7756079999999999,
        1.238514,
        0.37985,
        1.065278,
        0.318458,
        0.253428,
        0.216017,
        0.0,
        1.0814949999999999,
        0.521942,
        0.234097,
        0.895667,
        1.131018,
        1.276701,
        1.114082,
        1.190424,
        1.492119,
        1.141184,
        1.0427929999999999,
        1.56838,
        1.64191,
        1.068331,
        0.838001,
        1.2075129999999998,
        0.892499,
        1.022178,
        1.135238,
        1.2194269999999998,
        0.915798,
        1.131018,
        1.276701,
        0.915798,
        0.676563,
        0.873244,
        1.286058,
        1.068331,
        0.838001,
        1.435372
    ],
    [
        0.05808,
        0.0,
        0.809689,
        0.684372,
        1.599772,
        0.286479,
        0.920607,
        0.207039,
        0.029226,
        0.861347,
        0.470786,
        0.6847000000000001,
        1.009881,
        1.109015,
        0.147794,
        1.003147,
        0.05808,
        1.256083,
        1.1910530000000001,
        1.176772,
        1.0814949999999999,
        0.0,
        1.092388,
        1.0982370000000001,
        0.8817480000000001,
        2.043202,
        2.1888850000000004,
        1.553782,
        1.4389020000000001,
        1.995059,
        1.487328,
        1.291272,
        1.977687,
        2.161375,
        1.9805160000000002,
        1.750186,
        1.75479,
        1.140978,
        1.431485,
        1.3704349999999998,
        2.131611,
        1.938051,
        2.043202,
        2.1888850000000004,
        1.938051,
        1.758058,
        1.785523,
        2.081503,
        1.9805160000000002,
        1.750186,
        2.396748
    ],
    [
        1.076171,
        1.092388,
        1.792551,
        1.639707,
        2.568392,
        1.39227,
        1.728342,
        1.3128309999999999,
        1.063135,
        1.9402000000000001,
        1.492271,
        1.790491,
        2.193757,
        1.999098,
        1.2564849999999999,
        0.232505,
        1.076171,
        0.380255,
        0.329214,
        0.314933,
        0.521942,
        1.092388,
        0.0,
        0.34757299999999997,
        0.6784049999999999,
        1.434776,
        1.568139,
        1.4055199999999999,
        1.5373240000000001,
        1.783557,
        1.432623,
        1.387,
        1.859818,
        1.933348,
        1.372089,
        1.129439,
        1.498952,
        1.2567570000000001,
        1.313616,
        1.468857,
        1.510865,
        1.2072360000000002,
        1.434776,
        1.568139,
        1.2072360000000002,
        0.968001,
        1.164682,
        1.010896,
        1.372089,
        1.129439,
        1.45461
    ],
    [
        1.08202,
        1.0982370000000001,
        1.7984,
        1.636805,
        2.5654899999999996,
        1.39394,
        1.7626780000000002,
        1.314501,
        1.068984,
        1.946049,
        1.4910409999999998,
        1.7921610000000001,
        2.199605,
        1.967076,
        1.255255,
        0.39637599999999995,
        1.08202,
        0.1343,
        0.06927,
        0.054988999999999996,
        0.234097,
        1.0982370000000001,
        0.34757299999999997,
        0.0,
        0.900985,
        1.152723,
        1.298406,
        1.135787,
        1.267592,
        1.513824,
        1.1628900000000002,
        1.117267,
        1.590085,
        1.663615,
        1.102356,
        0.859707,
        1.229219,
        0.9870249999999999,
        1.0438830000000001,
        1.199125,
        1.2411320000000001,
        0.9375030000000001,
        1.152723,
        1.298406,
        0.9375030000000001,
        0.698268,
        0.894949,
        1.167956,
        1.102356,
        0.859707,
        1.298383
    ],
    [
        0.8549880000000001,
        0.8817480000000001,
        1.563077,
        1.500921,
        2.416321,
        1.160622,
        1.409076,
        1.081182,
        0.852495,
        1.7107260000000002,
        1.2873350000000001,
        1.558843,
        1.964283,
        1.933887,
        1.0385799999999998,
        0.55062,
        0.8549880000000001,
        0.9434560000000001,
        0.892415,
        0.878134,
        0.895667,
        0.8817480000000001,
        0.6784049999999999,
        0.900985,
        0.0,
        1.979589,
        2.125272,
        1.872109,
        1.743811,
        2.34069,
        1.805518,
        1.5961800000000002,
        2.282596,
        2.4904810000000004,
        1.929222,
        1.686573,
        2.056085,
        1.445886,
        1.736394,
        1.688625,
        2.0679980000000002,
        1.7643689999999999,
        1.979589,
        2.125272,
        1.7643689999999999,
        1.525134,
        1.721815,
        1.605889,
        1.929222,
        1.686573,
        2.0387370000000002
    ],
    [
        2.026985,
        2.043202,
        2.743366,
        2.260455,
        3.18914,
        2.351226,
        2.760966,
        2.2594659999999998,
        2.01395,
        2.890972,
        2.346435,
        2.737221,
        3.156985,
        2.366733,
        2.200221,
        1.483579,
        2.026985,
        1.212216,
        1.1471859999999998,
        1.114463,
        1.131018,
        2.043202,
        1.434776,
        1.152723,
        1.979589,
        0.0,
        0.134795,
        0.99572,
        1.1291369999999998,
        0.503803,
        1.072411,
        1.026789,
        0.89751,
        0.653594,
        0.06268699999999999,
        0.388386,
        0.595405,
        0.918552,
        0.861448,
        1.055088,
        0.12113299999999999,
        0.347359,
        0.0,
        0.134795,
        0.347359,
        0.634741,
        0.29201,
        1.370123,
        0.06268699999999999,
        0.388386,
        0.9450700000000001
    ],
    [
        2.1726680000000003,
        2.1888850000000004,
        2.889049,
        2.344998,
        3.273683,
        2.484589,
        2.906649,
        2.4051489999999998,
        2.159633,
        3.036698,
        2.430978,
        2.882904,
        3.22429,
        2.451276,
        2.345904,
        1.616943,
        2.1726680000000003,
        1.34558,
        1.280549,
        1.247826,
        1.276701,
        2.1888850000000004,
        1.568139,
        1.298406,
        2.125272,
        0.134795,
        0.0,
        1.0811600000000001,
        1.214576,
        0.36250299999999996,
        1.1578510000000002,
        1.110885,
        0.75621,
        0.512294,
        0.197482,
        0.527115,
        0.45413400000000004,
        1.003705,
        0.9468880000000001,
        1.140527,
        0.102378,
        0.482265,
        0.134795,
        0.0,
        0.482265,
        0.780424,
        0.426916,
        1.532859,
        0.197482,
        0.527115,
        0.8906689999999999
    ],
    [
        1.537607,
        1.553782,
        2.254082,
        1.293885,
        2.22257,
        1.704202,
        2.360007,
        1.624762,
        1.524558,
        2.287481,
        1.3798650000000001,
        2.110833,
        2.173177,
        1.319218,
        1.676983,
        1.454323,
        1.537607,
        1.18296,
        1.11793,
        1.085207,
        1.114082,
        1.553782,
        1.4055199999999999,
        1.135787,
        1.872109,
        0.99572,
        1.0811600000000001,
        0.0,
        0.180221,
        0.944987,
        0.14088499999999998,
        0.19721799999999998,
        0.760422,
        1.1113030000000002,
        0.967446,
        0.7323189999999999,
        0.704717,
        0.347507,
        0.321286,
        0.23805500000000002,
        0.9966710000000001,
        1.048318,
        0.999717,
        1.08426,
        1.048318,
        1.025606,
        0.928596,
        1.927756,
        0.967446,
        0.7323189999999999,
        1.904715
    ],
    [
        1.422685,
        1.4389020000000001,
        2.139065,
        1.1134819999999999,
        2.042167,
        1.523799,
        2.2449899999999996,
        1.444359,
        1.409649,
        2.107078,
        1.197959,
        1.93043,
        1.9927739999999998,
        1.21976,
        1.49658,
        1.507215,
        1.422685,
        1.3147650000000002,
        1.249734,
        1.217012,
        1.190424,
        1.4389020000000001,
        1.5373240000000001,
        1.267592,
        1.743811,
        1.1291369999999998,
        1.214576,
        0.180221,
        0.0,
        1.098693,
        0.075287,
        0.17472200000000002,
        0.924052,
        1.265009,
        1.1145209999999999,
        0.8347089999999999,
        0.858424,
        0.296966,
        0.484917,
        0.144644,
        1.1437460000000002,
        1.150115,
        1.1467919999999998,
        1.231335,
        1.150115,
        1.127402,
        1.030392,
        2.029552,
        1.1145209999999999,
        0.8347089999999999,
        2.009816
    ],
    [
        1.978842,
        1.995059,
        2.695223,
        2.212356,
        3.141041,
        2.290857,
        2.8012420000000002,
        2.211418,
        1.965807,
        2.842966,
        2.296833,
        2.689078,
        3.091648,
        2.10073,
        2.152078,
        1.83236,
        1.978842,
        1.560997,
        1.495967,
        1.463244,
        1.492119,
        1.995059,
        1.783557,
        1.513824,
        2.34069,
        0.503803,
        0.36250299999999996,
        0.944987,
        1.098693,
        0.0,
        1.023406,
        0.989538,
        0.5423450000000001,
        0.19361799999999998,
        0.5599850000000001,
        0.824834,
        0.240269,
        0.883842,
        0.748772,
        1.030375,
        0.38267,
        0.8425159999999999,
        0.497298,
        0.36250299999999996,
        0.8425159999999999,
        1.121764,
        0.7871670000000001,
        1.8261679999999998,
        0.5599850000000001,
        0.824834,
        1.1313019999999998
    ],
    [
        1.470974,
        1.487328,
        2.187492,
        1.188951,
        2.1176350000000004,
        1.599267,
        2.293416,
        1.519828,
        1.457939,
        2.182547,
        1.2749300000000001,
        2.005899,
        2.068242,
        1.295228,
        1.572049,
        1.481426,
        1.470974,
        1.210063,
        1.145033,
        1.11231,
        1.141184,
        1.487328,
        1.432623,
        1.1628900000000002,
        1.805518,
        1.072411,
        1.1578510000000002,
        0.14088499999999998,
        0.075287,
        1.023406,
        0.0,
        0.13062700000000002,
        0.848765,
        1.189722,
        1.0392329999999999,
        0.759422,
        0.7831359999999999,
        0.280916,
        0.409629,
        0.171465,
        1.068459,
        1.074827,
        1.0715050000000002,
        1.156048,
        1.074827,
        1.052115,
        0.955105,
        1.9542650000000001,
        1.0392329999999999,
        0.759422,
        1.934529
    ],
    [
        1.274918,
        1.291272,
        1.9914349999999998,
        1.288385,
        2.21707,
        1.5869749999999998,
        2.097359,
        1.507535,
        1.2618820000000002,
        2.139084,
        1.374365,
        2.105333,
        2.1676770000000003,
        1.394663,
        1.4482899999999999,
        1.359585,
        1.274918,
        1.164441,
        1.09941,
        1.066688,
        1.0427929999999999,
        1.291272,
        1.387,
        1.117267,
        1.5961800000000002,
        1.026789,
        1.110885,
        0.19721799999999998,
        0.17472200000000002,
        0.989538,
        0.13062700000000002,
        0.0,
        0.82359,
        1.155854,
        1.005365,
        0.7255539999999999,
        0.749268,
        0.15028899999999998,
        0.384454,
        0.10430299999999999,
        1.0345909999999998,
        1.04096,
        1.037637,
        1.12218,
        1.04096,
        1.018247,
        0.921237,
        1.920397,
        1.005365,
        0.7255539999999999,
        1.9099549999999998
    ],
    [
        1.961376,
        1.977687,
        2.677851,
        2.037716,
        2.966401,
        2.273391,
        2.783775,
        2.193951,
        1.94834,
        2.8255,
        2.122193,
        2.671612,
        2.9170079999999996,
        1.79429,
        2.134706,
        1.908622,
        1.961376,
        1.637259,
        1.572228,
        1.5395050000000001,
        1.56838,
        1.977687,
        1.859818,
        1.590085,
        2.282596,
        0.89751,
        0.75621,
        0.760422,
        0.924052,
        0.5423450000000001,
        0.848765,
        0.82359,
        0.0,
        0.5109859999999999,
        0.953692,
        0.998011,
        0.588068,
        0.866375,
        0.546202,
        0.8531340000000001,
        0.776377,
        1.226788,
        0.891005,
        0.75621,
        1.226788,
        1.317742,
        1.220732,
        2.2198919999999998,
        0.953692,
        0.998011,
        1.575504
    ],
    [
        2.145158,
        2.161375,
        2.861539,
        2.3786729999999996,
        3.3073580000000002,
        2.4570790000000002,
        2.967558,
        2.37764,
        2.132123,
        3.0092820000000002,
        2.4646529999999998,
        2.855395,
        3.257964,
        2.24576,
        2.3183939999999996,
        1.982151,
        2.145158,
        1.710788,
        1.645758,
        1.613035,
        1.64191,
        2.161375,
        1.933348,
        1.663615,
        2.4904810000000004,
        0.653594,
        0.512294,
        1.1113030000000002,
        1.265009,
        0.19361799999999998,
        1.189722,
        1.155854,
        0.5109859999999999,
        0.0,
        0.709776,
        0.974625,
        0.406586,
        1.050158,
        0.922365,
        1.196692,
        0.532461,
        0.992307,
        0.647089,
        0.512294,
        0.992307,
        1.271555,
        0.936958,
        2.019786,
        0.709776,
        0.974625,
        1.32608
    ],
    [
        1.964298,
        1.9805160000000002,
        2.680679,
        2.228184,
        3.156869,
        2.276219,
        2.698279,
        2.196779,
        1.951263,
        2.828286,
        2.3141640000000003,
        2.686854,
        3.0942979999999998,
        2.334462,
        2.137534,
        1.408573,
        1.964298,
        1.149529,
        1.084499,
        1.051776,
        1.068331,
        1.9805160000000002,
        1.372089,
        1.102356,
        1.929222,
        0.06268699999999999,
        0.197482,
        0.967446,
        1.1145209999999999,
        0.5599850000000001,
        1.0392329999999999,
        1.005365,
        0.953692,
        0.709776,
        0.0,
        0.325699,
        0.658091,
        0.7972659999999999,
        0.829177,
        0.933802,
        0.18381999999999998,
        0.28467200000000004,
        0.06268699999999999,
        0.197482,
        0.28467200000000004,
        0.572054,
        0.229323,
        1.3074359999999998,
        0.0,
        0.325699,
        1.0077559999999999
    ],
    [
        1.733969,
        1.750186,
        2.4503359999999996,
        1.9483730000000001,
        2.877058,
        2.045847,
        2.467949,
        1.966407,
        1.720933,
        2.5980920000000003,
        2.034353,
        2.4442049999999997,
        2.851649,
        2.054651,
        1.907204,
        1.178243,
        1.733969,
        0.90688,
        0.84185,
        0.8091269999999999,
        0.838001,
        1.750186,
        1.129439,
        0.859707,
        1.686573,
        0.388386,
        0.527115,
        0.7323189999999999,
        0.8347089999999999,
        0.824834,
        0.759422,
        0.7255539999999999,
        0.998011,
        0.974625,
        0.325699,
        0.0,
        0.536416,
        0.589367,
        0.617332,
        0.725903,
        0.497672,
        0.38783300000000004,
        0.388386,
        0.524177,
        0.38783300000000004,
        0.36512,
        0.26811,
        1.26727,
        0.325699,
        0.0,
        1.2475340000000001
    ],
    [
        1.7385730000000001,
        1.75479,
        2.4550479999999997,
        1.972087,
        2.900772,
        2.0505880000000003,
        2.560972,
        1.971148,
        1.725537,
        2.602697,
        2.058067,
        2.4488090000000002,
        2.851379,
        1.922175,
        1.9119030000000001,
        1.5477550000000002,
        1.7385730000000001,
        1.276392,
        1.211362,
        1.178639,
        1.2075129999999998,
        1.75479,
        1.498952,
        1.229219,
        2.056085,
        0.595405,
        0.45413400000000004,
        0.704717,
        0.858424,
        0.240269,
        0.7831359999999999,
        0.749268,
        0.588068,
        0.406586,
        0.658091,
        0.536416,
        0.0,
        0.643572,
        0.508503,
        0.790106,
        0.474271,
        0.87886,
        0.58893,
        0.45413400000000004,
        0.87886,
        0.8561470000000001,
        0.759137,
        1.758297,
        0.651617,
        0.536416,
        1.274589
    ],
    [
        1.12476,
        1.140978,
        1.8411410000000001,
        1.410629,
        2.339314,
        1.436681,
        1.947066,
        1.357241,
        1.1117249999999999,
        1.98879,
        1.4936120000000002,
        1.834902,
        2.242346,
        1.516907,
        1.2979960000000001,
        1.209291,
        1.12476,
        1.0341980000000002,
        0.969168,
        0.9364450000000001,
        0.892499,
        1.140978,
        1.2567570000000001,
        0.9870249999999999,
        1.445886,
        0.918552,
        1.003705,
        0.347507,
        0.296966,
        0.883842,
        0.280916,
        0.15028899999999998,
        0.866375,
        1.050158,
        0.7972659999999999,
        0.589367,
        0.643572,
        0.0,
        0.320173,
        0.15232099999999998,
        0.9145639999999999,
        0.861634,
        0.917609,
        1.002762,
        0.861634,
        0.8389220000000001,
        0.741912,
        1.741072,
        0.885338,
        0.600623,
        1.721336
    ],
    [
        1.415268,
        1.431485,
        2.131649,
        1.59858,
        2.527265,
        1.727189,
        2.237573,
        1.6477490000000001,
        1.4022329999999998,
        2.279298,
        1.6845599999999998,
        2.12541,
        2.4778719999999996,
        1.640504,
        1.588504,
        1.36242,
        1.415268,
        1.091057,
        1.026026,
        0.993303,
        1.022178,
        1.431485,
        1.313616,
        1.0438830000000001,
        1.736394,
        0.861448,
        0.9468880000000001,
        0.321286,
        0.484917,
        0.748772,
        0.409629,
        0.384454,
        0.546202,
        0.922365,
        0.829177,
        0.617332,
        0.508503,
        0.320173,
        0.0,
