[
    [
        0.0,
        1.398748,
        0.100496,
        1.3117809999999999,
        1.265993,
        3.308484,
        1.283835,
        1.206911,
        1.0607419999999999,
        3.4432910000000003,
        1.2862280000000001,
        1.389153,
        1.4427370000000002,
        1.31265,
        1.410126,
        1.470796,
        1.2979020000000001,
        1.6153060000000001,
        1.439448,
        1.3499400000000001
    ],
    [
        1.398748,
        0.0,
        1.484376,
        0.14527099999999998,
        0.279667,
        2.8175079999999997,
        0.17194900000000002,
        0.280084,
        0.34394600000000003,
        2.952315,
        0.139406,
        0.06332399999999999,
        0.183117,
        0.31436000000000003,
        0.104146,
        0.25816,
        0.240446,
        1.00074,
        0.244239,
        0.32372500000000004
    ],
    [
        0.100496,
        1.484376,
        0.0,
        1.4022750000000002,
        1.356486,
        3.398977,
        1.374328,
        1.297404,
        1.151235,
        3.5337840000000003,
        1.37672,
        1.479646,
        1.53323,
        1.403143,
        1.500619,
        1.561289,
        1.388395,
        1.705799,
        1.529941,
        1.440433
    ],
    [
        1.3117809999999999,
        0.14527099999999998,
        1.4022750000000002,
        0.0,
        0.241352,
        2.812809,
        0.043107,
        0.131256,
        0.193259,
        2.947616,
        0.091479,
        0.20494300000000001,
        0.393318,
        0.36986399999999997,
        0.24576499999999998,
        0.238435,
        0.057174,
        0.980307,
        0.251304,
        0.379229
    ],
    [
        1.265993,
        0.279667,
        1.356486,
        0.241352,
        0.0,
        2.515341,
        0.306122,
        0.448701,
        0.509065,
        2.650148,
        0.25775,
        0.35596300000000003,
        0.564118,
        0.6040270000000001,
        0.317676,
        0.159456,
        0.37461900000000004,
        0.827326,
        0.190804,
        0.613392
    ],
    [
        3.308484,
        2.8175079999999997,
        3.398977,
        2.812809,
        2.515341,
        0.0,
        2.804614,
        2.9471930000000004,
        2.968982,
        0.11708400000000001,
        2.7562420000000003,
        2.7790030000000003,
        2.8854070000000003,
        3.069444,
        2.740717,
        2.6277660000000003,
        2.873112,
        1.932126,
        2.5964180000000003,
        3.07881
    ],
    [
        1.283835,
        0.17194900000000002,
        1.374328,
        0.043107,
        0.306122,
        2.804614,
        0.0,
        0.142579,
        0.20458199999999999,
        2.904509,
        0.048372,
        0.161836,
        0.350211,
        0.378819,
        0.20265799999999998,
        0.195328,
        0.068497,
        0.937199,
        0.208196,
        0.38818400000000003
    ],
    [
        1.206911,
        0.280084,
        1.297404,
        0.131256,
        0.448701,
        2.9471930000000004,
        0.142579,
        0.0,
        0.127269,
        3.242732,
        0.345286,
        0.37131000000000003,
        0.337641,
        0.10314799999999999,
        0.412132,
        0.492242,
        0.310981,
        1.275423,
        0.5464199999999999,
        0.259033
    ],
    [
        1.0607419999999999,
        0.34394600000000003,
        1.151235,
        0.193259,
        0.509065,
        2.968982,
        0.20458199999999999,
        0.127269,
        0.0,
        3.102226,
        0.252954,
        0.33383300000000005,
        0.38741699999999996,
        0.285255,
        0.37465499999999996,
        0.39827100000000004,
        0.218649,
        1.140142,
        0.41114,
        0.29462
    ],
    [
        3.4432910000000003,
        2.952315,
        3.5337840000000003,
        2.947616,
        2.650148,
        0.11708400000000001,
        2.904509,
        3.242732,
        3.102226,
        0.0,
        2.885244,
        2.908005,
        2.912194,
        3.198446,
        2.8697179999999998,
        2.756768,
        3.002113,
        2.061128,
        2.724889,
        3.207811
    ],
    [
        1.2862280000000001,
        0.139406,
        1.37672,
        0.091479,
        0.25775,
        2.7562420000000003,
        0.048372,
        0.345286,
        0.252954,
        2.885244,
        0.0,
        0.12929400000000002,
        0.317668,
        0.346277,
        0.17011600000000002,
        0.14695599999999998,
        0.116869,
        0.888827,
        0.159825,
        0.355642
    ],
    [
        1.389153,
        0.06332399999999999,
        1.479646,
        0.20494300000000001,
        0.35596300000000003,
        2.7790030000000003,
        0.161836,
        0.37131000000000003,
        0.33383300000000005,
        2.908005,
        0.12929400000000002,
        0.0,
        0.24158600000000002,
        0.30424799999999996,
        0.040822000000000004,
        0.195989,
        0.230333,
        0.91107,
        0.182068,
        0.313613
    ],
    [
        1.4427370000000002,
        0.183117,
        1.53323,
        0.393318,
        0.564118,
        2.8854070000000003,
        0.350211,
        0.337641,
        0.38741699999999996,
        2.912194,
        0.317668,
        0.24158600000000002,
        0.0,
        0.276215,
        0.343882,
        0.47818299999999997,
        0.503053,
        1.07771,
        0.464262,
        0.208447
    ],
    [
        1.31265,
        0.31436000000000003,
        1.403143,
        0.36986399999999997,
        0.6040270000000001,
        3.069444,
        0.378819,
        0.10314799999999999,
        0.285255,
        3.198446,
        0.346277,
        0.30424799999999996,
        0.276215,
        0.0,
        0.308985,
        0.457194,
        0.35916899999999996,
        1.172276,
        0.44327300000000003,
        0.155886
    ],
    [
        1.410126,
        0.104146,
        1.500619,
        0.24576499999999998,
        0.317676,
        2.740717,
        0.20265799999999998,
        0.412132,
        0.37465499999999996,
        2.8697179999999998,
        0.17011600000000002,
        0.040822000000000004,
        0.343882,
        0.308985,
        0.0,
        0.157702,
        0.271155,
        0.872784,
        0.143781,
        0.354435
    ],
    [
        1.470796,
        0.25816,
        1.561289,
        0.238435,
        0.159456,
        2.6277660000000003,
        0.195328,
        0.492242,
        0.39827100000000004,
        2.756768,
        0.14695599999999998,
        0.195989,
        0.47818299999999997,
        0.457194,
        0.157702,
        0.0,
        0.263825,
        0.760351,
        0.031348,
        0.496313
    ],
    [
        1.2979020000000001,
        0.240446,
        1.388395,
        0.057174,
        0.37461900000000004,
        2.873112,
        0.068497,
        0.310981,
        0.218649,
        3.002113,
        0.116869,
        0.230333,
        0.503053,
        0.35916899999999996,
        0.271155,
        0.263825,
        0.0,
        1.160436,
        0.431433,
        0.217111
    ],
    [
        1.6153060000000001,
        1.00074,
        1.705799,
        0.980307,
        0.827326,
        1.932126,
        0.937199,
        1.275423,
        1.140142,
        2.061128,
        0.888827,
        0.91107,
        1.07771,
        1.172276,
        0.872784,
        0.760351,
        1.160436,
        0.0,
        0.778086,
        1.260478
    ],
    [
        1.439448,
        0.244239,
        1.529941,
        0.251304,
        0.190804,
        2.5964180000000003,
        0.208196,
        0.5464199999999999,
        0.41114,
        2.724889,
        0.159825,
        0.182068,
        0.464262,
        0.44327300000000003,
        0.143781,
        0.031348,
        0.431433,
        0.778086,
        0.0,
        0.482392
    ],
    [
        1.3499400000000001,
        0.32372500000000004,
        1.440433,
        0.379229,
        0.613392,
        3.07881,
        0.38818400000000003,
        0.259033,
        0.29462,
        3.207811,
        0.355642,
        0.313613,
        0.208447,
        0.155886,
        0.354435,
        0.496313,
        0.217111,
        1.260478,
        0.482392,
        0.0
    ]
]