[
    [
        0.0,
        0.334963,
        0.740611,
        0.210298,
        0.282089,
        0.258757,
        1.053192,
        0.134965,
        1.638253,
        0.195319,
        0.11440900000000001,
        0.167843,
        0.22053399999999998,
        0.396567,
        0.585727,
        1.327169,
        0.30347399999999997,
        0.574168,
        0.14762,
        0.14841900000000002,
        0.126722,
        0.49607100000000004,
        0.08237,
        0.300405,
        0.19664199999999998,
        1.332145,
        0.130366,
        0.438182
    ],
    [
        0.334963,
        0.0,
        0.8833070000000001,
        0.35299400000000003,
        0.38075,
        0.29878699999999997,
        0.718228,
        0.277661,
        1.7231910000000001,
        0.13964400000000002,
        0.276475,
        0.174653,
        0.132041,
        0.061604,
        0.728423,
        1.590625,
        0.031489,
        0.7168640000000001,
        0.29031599999999996,
        0.310485,
        0.28878899999999996,
        0.6387670000000001,
        0.302311,
        0.5823400000000001,
        0.33933800000000003,
        1.5956,
        0.242884,
        0.580878
    ],
    [
        0.740611,
        0.8833070000000001,
        0.0,
        0.53579,
        0.962742,
        0.939411,
        1.606914,
        0.6376269999999999,
        2.279798,
        0.743663,
        0.795062,
        0.716187,
        0.7688769999999999,
        0.9449099999999999,
        0.731164,
        1.825636,
        0.851818,
        0.719606,
        0.59347,
        0.829072,
        0.807376,
        0.6415080000000001,
        0.665885,
        0.589661,
        0.5937709999999999,
        1.8306120000000001,
        0.81102,
        0.5894400000000001
    ],
    [
        0.210298,
        0.35299400000000003,
        0.53579,
        0.0,
        0.43242899999999995,
        0.409098,
        1.071222,
        0.138741,
        1.788594,
        0.21334999999999998,
        0.264749,
        0.18587399999999998,
        0.238564,
        0.414597,
        0.394449,
        1.477509,
        0.321505,
        0.38289,
        0.062678,
        0.298759,
        0.277063,
        0.30479199999999995,
        0.135093,
        0.249273,
        0.179145,
        1.4824849999999998,
        0.280707,
        0.24690399999999998
    ],
    [
        0.282089,
        0.38075,
        0.962742,
        0.43242899999999995,
        0.0,
        0.081922,
        1.0547149999999998,
        0.357096,
        1.524136,
        0.310212,
        0.25655700000000004,
        0.345221,
        0.30260899999999996,
        0.442353,
        0.807858,
        1.2130509999999999,
        0.34926100000000004,
        0.796299,
        0.369751,
        0.290567,
        0.26887,
        0.718202,
        0.30179,
        0.414571,
        0.418774,
        1.218027,
        0.23957,
        0.660314
    ],
    [
        0.258757,
        0.29878699999999997,
        0.939411,
        0.409098,
        0.081922,
        0.0,
        0.972752,
        0.333765,
        1.5837970000000001,
        0.228249,
        0.174594,
        0.263259,
        0.22064699999999998,
        0.360391,
        0.7845270000000001,
        1.272713,
        0.267298,
        0.772968,
        0.34642,
        0.208604,
        0.186908,
        0.694871,
        0.27845800000000004,
        0.471219,
        0.395442,
        1.277689,
        0.157607,
        0.6369819999999999
    ],
    [
        1.053192,
        0.718228,
        1.606914,
        1.071222,
        1.0547149999999998,
        0.972752,
        0.0,
        0.995889,
        1.817961,
        0.857872,
        0.9947039999999999,
        0.892882,
        0.85027,
        0.677033,
        1.4466510000000001,
        2.245506,
        0.749717,
        1.435092,
        1.0085439999999999,
        1.028714,
        1.007017,
        1.356995,
        1.02054,
        1.3005689999999999,
        1.057567,
        2.250482,
        0.961112,
        1.299107
    ],
    [
        0.134965,
        0.277661,
        0.6376269999999999,
        0.138741,
        0.357096,
        0.333765,
        0.995889,
        0.0,
        1.713261,
        0.138017,
        0.189416,
        0.110541,
        0.163231,
        0.339265,
        0.5141699999999999,
        1.4021759999999999,
        0.246172,
        0.502611,
        0.07606199999999999,
        0.22342599999999999,
        0.20173,
        0.424514,
        0.08805800000000001,
        0.368087,
        0.061677,
        1.407152,
        0.205374,
        0.366625
    ],
    [
        1.638253,
        1.7231910000000001,
        2.279798,
        1.788594,
        1.524136,
        1.5837970000000001,
        1.817961,
        1.713261,
        0.0,
        1.773615,
        1.642868,
        1.7461389999999999,
        1.798829,
        1.681996,
        2.100346,
        1.3017070000000002,
        1.75468,
        2.088787,
        1.725916,
        1.6768779999999999,
        1.655181,
        1.9871210000000001,
        1.657954,
        1.722068,
        1.7749380000000001,
        1.296731,
        1.658825,
        1.977369
    ],
    [
        0.195319,
        0.13964400000000002,
        0.743663,
        0.21334999999999998,
        0.310212,
        0.228249,
        0.857872,
        0.138017,
        1.773615,
        0.0,
        0.205937,
        0.035009,
        0.025214,
        0.20124799999999998,
        0.5887789999999999,
        1.462531,
        0.108155,
        0.5772200000000001,
        0.150672,
        0.239948,
        0.218251,
        0.499123,
        0.162667,
        0.44269600000000003,
        0.19969399999999998,
        1.4675070000000001,
        0.172346,
        0.44123399999999996
    ],
    [
        0.11440900000000001,
        0.276475,
        0.795062,
        0.264749,
        0.25655700000000004,
        0.174594,
        0.9947039999999999,
        0.189416,
        1.642868,
        0.205937,
        0.0,
        0.222295,
        0.198335,
        0.338079,
        0.6401789999999999,
        1.331784,
        0.24498599999999998,
        0.62862,
        0.202071,
        0.040511000000000005,
        0.018814,
        0.5505220000000001,
        0.136822,
        0.35485700000000003,
        0.251094,
        1.33676,
        0.033592,
        0.492634
    ],
    [
        0.167843,
        0.174653,
        0.716187,
        0.18587399999999998,
        0.345221,
        0.263259,
        0.892882,
        0.110541,
        1.7461389999999999,
        0.035009,
        0.222295,
        0.0,
        0.060224,
        0.236257,
        0.561303,
        1.435055,
        0.14316399999999999,
        0.549744,
        0.123196,
        0.256305,
        0.234608,
        0.471647,
        0.135191,
        0.41522000000000003,
        0.17221799999999998,
        1.4400309999999998,
        0.20735499999999998,
        0.41375799999999996
    ],
    [
        0.22053399999999998,
        0.132041,
        0.7688769999999999,
        0.238564,
        0.30260899999999996,
        0.22064699999999998,
        0.85027,
        0.163231,
        1.798829,
        0.025214,
        0.198335,
        0.060224,
        0.0,
        0.193645,
        0.613993,
        1.4877449999999999,
        0.100552,
        0.6024339999999999,
        0.175886,
        0.232345,
        0.210648,
        0.5243369999999999,
        0.187882,
        0.467911,
        0.224909,
        1.492721,
        0.164743,
        0.466449
    ],
    [
        0.396567,
        0.061604,
        0.9449099999999999,
        0.414597,
        0.442353,
        0.360391,
        0.677033,
        0.339265,
        1.681996,
        0.20124799999999998,
        0.338079,
        0.236257,
        0.193645,
        0.0,
        0.790027,
        1.652228,
        0.09309300000000001,
        0.7784679999999999,
        0.351919,
        0.372089,
        0.350392,
        0.70037,
        0.36391500000000004,
        0.643944,
        0.400942,
        1.657204,
        0.304487,
        0.642482
    ],
    [
        0.585727,
        0.728423,
        0.731164,
        0.394449,
        0.807858,
        0.7845270000000001,
        1.4466510000000001,
        0.5141699999999999,
        2.100346,
        0.5887789999999999,
        0.6401789999999999,
        0.561303,
        0.613993,
        0.790027,
        0.0,
        1.6124939999999999,
        0.6969339999999999,
        0.011559,
        0.45282,
        0.6741889999999999,
        0.652492,
        0.113224,
        0.510522,
        0.43477699999999997,
        0.562404,
        1.61747,
        0.6561359999999999,
        0.159871
    ],
    [
        1.327169,
        1.590625,
        1.825636,
        1.477509,
        1.2130509999999999,
        1.272713,
        2.245506,
        1.4021759999999999,
        1.3017070000000002,
        1.462531,
        1.331784,
        1.435055,
        1.4877449999999999,
        1.652228,
        1.6124939999999999,
        0.0,
        1.55329,
        1.603934,
        1.408986,
        1.3599480000000002,
        1.338252,
        1.502269,
        1.341024,
        1.2628320000000002,
        1.458009,
        0.004976,
        1.341896,
        1.517363
    ],
    [
        0.30347399999999997,
        0.031489,
        0.851818,
        0.321505,
        0.34926100000000004,
        0.267298,
        0.749717,
        0.246172,
        1.75468,
        0.108155,
        0.24498599999999998,
        0.14316399999999999,
        0.100552,
        0.09309300000000001,
        0.6969339999999999,
        1.55329,
        0.0,
        0.685375,
        0.258827,
        0.27899599999999997,
        0.25730000000000003,
        0.607278,
        0.270822,
        0.550852,
        0.307849,
        1.5641120000000002,
        0.211395,
        0.549389
    ],
    [
        0.574168,
        0.7168640000000001,
        0.719606,
        0.38289,
        0.796299,
        0.772968,
        1.435092,
        0.502611,
        2.088787,
        0.5772200000000001,
        0.62862,
        0.549744,
        0.6024339999999999,
        0.7784679999999999,
        0.011559,
        1.603934,
        0.685375,
        0.0,
        0.441261,
        0.6626299999999999,
        0.640933,
        0.101665,
        0.49896300000000005,
        0.42321800000000004,
        0.550845,
        1.605911,
        0.644577,
        0.148312
    ],
    [
        0.14762,
        0.29031599999999996,
        0.59347,
        0.062678,
        0.369751,
        0.34642,
        1.0085439999999999,
        0.07606199999999999,
        1.725916,
        0.150672,
        0.202071,
        0.123196,
        0.175886,
        0.351919,
        0.45282,
        1.408986,
        0.258827,
        0.441261,
        0.0,
        0.23608099999999999,
        0.214385,
        0.363164,
        0.07241500000000001,
        0.306952,
        0.13774,
        1.419807,
        0.218029,
        0.304584
    ],
    [
        0.14841900000000002,
        0.310485,
        0.829072,
        0.298759,
        0.290567,
        0.208604,
        1.028714,
        0.22342599999999999,
        1.6768779999999999,
        0.239948,
        0.040511000000000005,
        0.256305,
        0.232345,
        0.372089,
        0.6741889999999999,
        1.3599480000000002,
        0.27899599999999997,
        0.6626299999999999,
        0.23608099999999999,
        0.0,
        0.021696999999999998,
        0.584532,
        0.17083199999999998,
        0.388867,
        0.28510399999999997,
        1.37077,
        0.06760200000000001,
        0.526644
    ],
    [
        0.126722,
        0.28878899999999996,
        0.807376,
        0.277063,
        0.26887,
        0.186908,
        1.007017,
        0.20173,
        1.655181,
        0.218251,
        0.018814,
        0.234608,
        0.210648,
        0.350392,
        0.652492,
        1.338252,
        0.25730000000000003,
        0.640933,
        0.214385,
        0.021696999999999998,
        0.0,
        0.562836,
        0.149135,
        0.36717,
        0.263407,
        1.3490730000000002,
        0.045905,
        0.504947
    ],
    [
        0.49607100000000004,
        0.6387670000000001,
        0.6415080000000001,
        0.30479199999999995,
        0.718202,
        0.694871,
        1.356995,
        0.424514,
        1.9871210000000001,
        0.499123,
        0.5505220000000001,
        0.471647,
        0.5243369999999999,
        0.70037,
        0.113224,
        1.502269,
        0.607278,
        0.101665,
        0.363164,
        0.584532,
        0.562836,
        0.0,
        0.42086599999999996,
        0.34512099999999996,
        0.47274700000000003,
        1.5143119999999999,
        0.56648,
        0.070215
    ],
    [
        0.08237,
        0.302311,
        0.665885,
        0.135093,
        0.30179,
        0.27845800000000004,
        1.02054,
        0.08805800000000001,
        1.657954,
        0.162667,
        0.136822,
        0.135191,
        0.187882,
        0.36391500000000004,
        0.510522,
        1.341024,
        0.270822,
        0.49896300000000005,
        0.07241500000000001,
        0.17083199999999998,
        0.149135,
        0.42086599999999996,
        0.0,
        0.35269799999999996,
        0.149735,
        1.351846,
        0.152779,
        0.364471
    ],
    [
        0.300405,
        0.5823400000000001,
        0.589661,
        0.249273,
        0.414571,
        0.471219,
        1.3005689999999999,
        0.368087,
        1.722068,
        0.44269600000000003,
        0.35485700000000003,
        0.41522000000000003,
        0.467911,
        0.643944,
        0.43477699999999997,
        1.2628320000000002,
        0.550852,
        0.42321800000000004,
        0.306952,
        0.388867,
        0.36717,
        0.34512099999999996,
        0.35269799999999996,
        0.0,
        0.43067099999999997,
        1.272883,
        0.37081400000000003,
        0.28723200000000004
    ],
    [
        0.19664199999999998,
        0.33933800000000003,
        0.5937709999999999,
        0.179145,
        0.418774,
        0.395442,
        1.057567,
        0.061677,
        1.7749380000000001,
        0.19969399999999998,
        0.251094,
        0.17221799999999998,
        0.224909,
        0.400942,
        0.562404,
        1.458009,
        0.307849,
        0.550845,
        0.13774,
        0.28510399999999997,
        0.263407,
        0.47274700000000003,
        0.149735,
        0.43067099999999997,
        0.0,
        1.4688299999999999,
        0.267051,
        0.428303
    ],
    [
        1.332145,
        1.5956,
        1.8306120000000001,
        1.4824849999999998,
        1.218027,
        1.277689,
        2.250482,
        1.407152,
        1.296731,
        1.4675070000000001,
        1.33676,
        1.4400309999999998,
        1.492721,
        1.657204,
        1.61747,
        0.004976,
        1.5641120000000002,
        1.605911,
        1.419807,
        1.37077,
        1.3490730000000002,
        1.5143119999999999,
        1.351846,
        1.272883,
        1.4688299999999999,
        0.0,
        1.346872,
        1.5223389999999999
    ],
    [
        0.130366,
        0.242884,
        0.81102,
        0.280707,
        0.23957,
        0.157607,
        0.961112,
        0.205374,
        1.658825,
        0.172346,
        0.033592,
        0.20735499999999998,
        0.164743,
        0.304487,
        0.6561359999999999,
        1.341896,
        0.211395,
        0.644577,
        0.218029,
        0.06760200000000001,
        0.045905,
        0.56648,
        0.152779,
        0.37081400000000003,
        0.267051,
        1.346872,
        0.0,
        0.508591
    ],
    [
        0.438182,
        0.580878,
        0.5894400000000001,
        0.24690399999999998,
        0.660314,
        0.6369819999999999,
        1.299107,
        0.366625,
        1.977369,
        0.44123399999999996,
        0.492634,
        0.41375799999999996,
        0.466449,
        0.642482,
        0.159871,
        1.517363,
        0.549389,
        0.148312,
        0.304584,
        0.526644,
        0.504947,
        0.070215,
        0.364471,
        0.28723200000000004,
        0.428303,
        1.5223389999999999,
        0.508591,
        0.0
    ]
]