[
    [
        0.0,
        0.077133,
        0.922626,
        0.22132,
        1.732226,
        0.634042,
        0.143315,
        2.401069,
        0.11774899999999999,
        0.10309399999999999,
        0.289553,
        0.106562,
        0.068285,
        0.080478,
        0.060256,
        0.137648,
        0.049828000000000004
    ],
    [
        0.077133,
        0.0,
        0.951061,
        0.249754,
        1.712451,
        0.711176,
        0.123539,
        2.3812930000000003,
        0.004445,
        0.083319,
        0.269777,
        0.015632,
        0.098974,
        0.041717,
        0.137389,
        0.166082,
        0.043122
    ],
    [
        0.922626,
        0.951061,
        0.0,
        0.701306,
        2.606154,
        1.117574,
        1.017242,
        3.2749960000000002,
        0.991677,
        0.9770220000000001,
        1.16348,
        0.98049,
        0.918507,
        0.954405,
        0.87748,
        0.784978,
        0.9337179999999999
    ],
    [
        0.22132,
        0.249754,
        0.701306,
        0.0,
        1.9048479999999999,
        0.775852,
        0.315936,
        2.57369,
        0.29037,
        0.275715,
        0.462174,
        0.279183,
        0.217201,
        0.25309899999999996,
        0.252226,
        0.083672,
        0.27114699999999997
    ],
    [
        1.732226,
        1.712451,
        2.606154,
        1.9048479999999999,
        0.0,
        1.528208,
        1.602789,
        0.668843,
        1.731096,
        1.70277,
        1.620884,
        1.7199090000000001,
        1.767944,
        1.693824,
        1.69855,
        1.835052,
        1.656734
    ],
    [
        0.634042,
        0.711176,
        1.117574,
        0.775852,
        1.528208,
        0.0,
        0.5212060000000001,
        2.197051,
        0.410695,
        0.480985,
        0.6674439999999999,
        0.411311,
        0.379409,
        0.437396,
        0.37138,
        0.515538,
        0.397834
    ],
    [
        0.143315,
        0.123539,
        1.017242,
        0.315936,
        1.602789,
        0.5212060000000001,
        0.0,
        2.257754,
        0.12830699999999998,
        0.099981,
        0.146238,
        0.11712,
        0.165156,
        0.091036,
        0.203571,
        0.232264,
        0.193143
    ],
    [
        2.401069,
        2.3812930000000003,
        3.2749960000000002,
        2.57369,
        0.668843,
        2.197051,
        2.257754,
        0.0,
        2.399939,
        2.371613,
        2.289727,
        2.3887519999999998,
        2.436787,
        2.362667,
        2.367393,
        2.503896,
        2.325577
    ],
    [
        0.11774899999999999,
        0.004445,
        0.991677,
        0.29037,
        1.731096,
        0.410695,
        0.12830699999999998,
        2.399939,
        0.0,
        0.08776300000000001,
        0.27422199999999997,
        0.011186999999999999,
        0.103419,
        0.037272,
        0.14183400000000002,
        0.17052699999999998,
        0.038677
    ],
    [
        0.10309399999999999,
        0.083319,
        0.9770220000000001,
        0.275715,
        1.70277,
        0.480985,
        0.099981,
        2.371613,
        0.08776300000000001,
        0.0,
        0.246219,
        0.076899,
        0.124935,
        0.050815,
        0.16335,
        0.19204300000000002,
        0.152922
    ],
    [
        0.289553,
        0.269777,
        1.16348,
        0.462174,
        1.620884,
        0.6674439999999999,
        0.146238,
        2.289727,
        0.27422199999999997,
        0.246219,
        0.0,
        0.263358,
        0.311393,
        0.237274,
        0.34980900000000004,
        0.378502,
        0.339381
    ],
    [
        0.106562,
        0.015632,
        0.98049,
        0.279183,
        1.7199090000000001,
        0.411311,
        0.11712,
        2.3887519999999998,
        0.011186999999999999,
        0.076899,
        0.263358,
        0.0,
        0.114606,
        0.026085,
        0.095531,
        0.181714,
        0.039293
    ],
    [
        0.068285,
        0.098974,
        0.918507,
        0.217201,
        1.767944,
        0.379409,
        0.165156,
        2.436787,
        0.103419,
        0.124935,
        0.311393,
        0.114606,
        0.0,
        0.10231799999999999,
        0.035026,
        0.133529,
        0.06426699999999999
    ],
    [
        0.080478,
        0.041717,
        0.954405,
        0.25309899999999996,
        1.693824,
        0.437396,
        0.091036,
        2.362667,
        0.037272,
        0.050815,
        0.237274,
        0.026085,
        0.10231799999999999,
        0.0,
        0.140734,
        0.169426,
        0.06537699999999999
    ],
    [
        0.060256,
        0.137389,
        0.87748,
        0.252226,
        1.69855,
        0.37138,
        0.203571,
        2.367393,
        0.14183400000000002,
        0.16335,
        0.34980900000000004,
        0.095531,
        0.035026,
        0.140734,
        0.0,
        0.168554,
        0.056239
    ],
    [
        0.137648,
        0.166082,
        0.784978,
        0.083672,
        1.835052,
        0.515538,
        0.232264,
        2.503896,
        0.17052699999999998,
        0.19204300000000002,
        0.378502,
        0.181714,
        0.133529,
        0.169426,
        0.168554,
        0.0,
        0.187475
    ],
    [
        0.049828000000000004,
        0.043122,
        0.9337179999999999,
        0.27114699999999997,
        1.656734,
        0.397834,
        0.193143,
        2.325577,
        0.038677,
        0.152922,
        0.339381,
        0.039293,
        0.06426699999999999,
        0.06537699999999999,
        0.056239,
        0.187475,
        0.0
    ]
]