[
    [
        0.0,
        1.175942,
        1.475258,
        1.398836,
        1.929514,
        1.512634,
        1.125208,
        1.264481,
        1.7291569999999998,
        1.291525,
        1.4408800000000002,
        0.180221,
        1.540626,
        1.9297819999999999,
        0.17472200000000002,
        0.937823,
        1.248927,
        1.493136,
        1.5970229999999999,
        1.2162039999999998,
        3.5237939999999996,
        0.075287,
        1.203705,
        1.4925540000000002,
        2.2969690000000003,
        1.45238,
        1.1134819999999999,
        0.296966,
        1.271193,
        0.144644,
        1.242531,
        2.042167,
        1.715008,
        2.2111359999999998,
        2.10054,
        0.998947,
        1.2652439999999998,
        1.021768,
        2.32823,
        0.501507,
        2.0646370000000003,
        2.332695,
        3.88487,
        1.63879,
        1.032439,
        0.067233,
        2.272553,
        2.9537150000000003,
        0.6349640000000001,
        0.15150999999999998,
        1.428857,
        1.530237,
        3.789536,
        1.145521,
        1.268656,
        3.3999189999999997,
        2.63639,
        2.3399479999999997,
        2.306925,
        1.21976
    ],
    [
        1.175942,
        0.0,
        0.837328,
        0.7609049999999999,
        0.954244,
        1.356425,
        0.503803,
        0.134795,
        0.742887,
        0.653594,
        2.044355,
        0.99572,
        1.174123,
        0.9545119999999999,
        1.079807,
        0.89751,
        1.191229,
        1.5338779999999999,
        0.659448,
        1.158507,
        2.299112,
        1.136605,
        1.187381,
        1.0817370000000002,
        3.151525,
        2.055719,
        2.289605,
        0.927944,
        1.209087,
        1.08027,
        0.634741,
        3.2179789999999997,
        1.469031,
        2.7720390000000004,
        1.657146,
        0.388386,
        0.347359,
        0.742094,
        2.775852,
        0.8677630000000001,
        2.087803,
        1.272754,
        2.597486,
        0.9681620000000001,
        0.8097989999999999,
        1.108708,
        2.1354830000000002,
        3.8082710000000004,
        0.61886,
        1.082913,
        0.965269,
        2.3514229999999996,
        2.502152,
        0.29201,
        1.2065489999999999,
        2.175237,
        1.685676,
        1.280006,
        1.920525,
        2.395883
    ],
    [
        1.475258,
        0.837328,
        0.0,
        0.076422,
        0.5891230000000001,
        0.306585,
        0.377351,
        0.6960270000000001,
        0.626538,
        0.183734,
        2.333942,
        1.2343279999999999,
        2.003728,
        0.589391,
        1.384186,
        0.506916,
        2.0208340000000002,
        2.363483,
        0.9078630000000001,
        1.988112,
        2.6094920000000004,
        1.3752119999999999,
        2.016986,
        0.158458,
        2.7067840000000003,
        2.345306,
        2.528213,
        1.233892,
        2.038692,
        1.3862180000000002,
        1.464346,
        3.456897,
        2.2986350000000004,
        3.0616260000000004,
        2.4867510000000004,
        1.217991,
        1.181539,
        0.46263099999999996,
        3.1786779999999997,
        1.0314020000000002,
        1.211132,
        1.0613219999999999,
        2.649437,
        1.8023040000000001,
        1.639404,
        1.347316,
        1.258811,
        3.3635300000000004,
        1.196932,
        1.3872909999999998,
        0.127942,
        2.64101,
        2.554103,
        1.126191,
        2.036154,
        2.413888,
        2.290228,
        1.1935619999999998,
        2.75013,
        2.2010479999999997
    ],
    [
        1.398836,
        0.7609049999999999,
        0.076422,
        0.0,
        0.6650410000000001,
        0.383007,
        0.30092899999999995,
        0.6196050000000001,
        0.702455,
        0.107311,
        2.25752,
        1.218614,
        1.927305,
        0.6653089999999999,
        1.307763,
        0.498778,
        1.944412,
        2.287061,
        0.886774,
        1.911689,
        2.685409,
        1.359499,
        1.9405640000000002,
        0.234881,
        2.751305,
        2.268884,
        2.5124989999999996,
        1.157469,
        1.962269,
        1.309796,
        1.387924,
        3.4411840000000002,
        2.222213,
        2.985204,
        2.410328,
        1.141569,
        1.105117,
        0.428436,
        3.1022559999999997,
        1.0364380000000002,
        1.287554,
        1.137239,
        2.725354,
        1.725881,
        1.562981,
        1.3316020000000002,
        1.335233,
        3.408051,
        1.120509,
        1.3108689999999998,
        0.20436400000000002,
        2.564587,
        2.63002,
        1.049768,
        1.959732,
        2.489805,
        2.212645,
        1.269479,
        2.673708,
        2.245569
    ],
    [
        1.929514,
        0.954244,
        0.5891230000000001,
        0.6650410000000001,
        0.0,
        0.7261380000000001,
        0.9033260000000001,
        0.8288,
        0.240735,
        0.773587,
        2.781567,
        1.749293,
        2.1336779999999997,
        0.000268,
        1.83181,
        1.031078,
        2.0944220000000002,
        2.493434,
        0.534611,
        2.061699,
        1.969801,
        1.890177,
        2.146937,
        0.444895,
        3.325021,
        2.792931,
        3.043177,
        1.681516,
        2.116689,
        1.8338430000000001,
        1.594297,
        3.971863,
        2.4285859999999997,
        3.5092510000000003,
        2.616701,
        1.3409870000000002,
        1.2961369999999999,
        0.981706,
        3.6263449999999997,
        1.555563,
        1.424917,
        0.5276689999999999,
        2.13745,
        1.91694,
        1.769354,
        1.8622809999999999,
        1.4734079999999998,
        3.978151,
        1.499944,
        1.834916,
        0.55353,
        3.088634,
        2.042116,
        1.240789,
        2.1141509999999997,
        1.901901,
        2.266989,
        0.6176950000000001,
        2.88008,
        2.725209
    ],
    [
        1.512634,
        1.356425,
        0.306585,
        0.383007,
        0.7261380000000001,
        0.0,
        0.988482,
        1.227258,
        0.747031,
        0.490318,
        2.550971,
        1.333674,
        2.4150329999999998,
        0.709885,
        1.6074469999999998,
        0.606262,
        2.372258,
        2.603186,
        1.028356,
        2.3395349999999997,
        2.729985,
        1.474558,
        2.313755,
        0.401019,
        2.821961,
        2.562335,
        2.627558,
        1.4509210000000001,
        2.3945250000000002,
        1.6391769999999999,
        1.875652,
        3.556243,
        2.7099409999999997,
        3.278656,
        2.898056,
        1.629297,
        1.71277,
        0.694907,
        3.39575,
        1.130748,
        0.963266,
        1.181815,
        2.76993,
        2.2719110000000002,
        2.050709,
        1.4466620000000001,
        1.013847,
        3.462876,
        1.486278,
        1.444545,
        0.26675099999999996,
        2.858039,
        2.674596,
        1.657421,
        2.391987,
        2.5343809999999998,
        2.81406,
        1.314055,
        3.161436,
        2.300394
    ],
    [
        1.125208,
        0.503803,
        0.377351,
        0.30092899999999995,
        0.9033260000000001,
        0.988482,
        0.0,
        0.36250299999999996,
        0.717978,
        0.19361799999999998,
        1.983892,
        0.944987,
        1.6702029999999999,
        0.894231,
        1.034136,
        0.5423450000000001,
        1.6873099999999999,
        2.029959,
        0.5858450000000001,
        1.654587,
        2.4087899999999998,
        1.085871,
        1.683462,
        0.7401019999999999,
        2.764507,
        1.9952560000000001,
        2.2388719999999998,
        0.883842,
        1.7051669999999999,
        1.036168,
        1.130822,
        3.167557,
        1.965111,
        2.711534,
        2.153226,
        0.884467,
        0.848015,
        0.386928,
        2.8287649999999998,
        0.748772,
        1.718402,
        1.321517,
        2.873692,
        1.468779,
        1.305879,
        1.0579749999999999,
        1.766081,
        3.415541,
        0.8468819999999999,
        1.037241,
        0.505293,
        2.290917,
        2.778357,
        0.7926660000000001,
        1.70263,
        2.284916,
        1.956704,
        1.328769,
        2.416605,
        2.167083
    ],
    [
        1.264481,
        0.134795,
        0.6960270000000001,
        0.6196050000000001,
        0.8288,
        1.227258,
        0.36250299999999996,
        0.0,
        0.599226,
        0.512294,
        2.177719,
        1.044403,
        1.319806,
        0.829068,
        1.1269200000000001,
        0.75621,
        1.280549,
        1.6795609999999999,
        0.496309,
        1.247826,
        2.2367869999999996,
        1.1852880000000001,
        1.333064,
        0.940437,
        2.978373,
        2.189082,
        2.338288,
        0.9766269999999999,
        1.302816,
        1.1289529999999999,
        0.780424,
        3.2670459999999997,
        1.614714,
        2.9054029999999997,
        1.802829,
        0.527115,
        0.482265,
        0.600793,
        2.909215,
        0.916446,
        1.9465029999999999,
        1.200585,
        2.535161,
        1.103029,
        0.9554819999999999,
        1.157391,
        1.994183,
        3.629406,
        0.766188,
        1.131596,
        0.8239690000000001,
        2.484786,
        2.439826,
        0.426916,
        1.300279,
        2.1129119999999997,
        1.621545,
        1.207837,
        2.066208,
        2.4461350000000004
    ],
    [
        1.7291569999999998,
        0.742887,
        0.626538,
        0.702455,
        0.240735,
        0.747031,
        0.717978,
        0.599226,
        0.0,
        0.806761,
        2.572412,
        1.540138,
        1.9327349999999999,
        0.230847,
        1.622655,
        1.064252,
        1.8934790000000001,
        2.295683,
        0.325456,
        1.860756,
        2.089386,
        1.681023,
        1.9491859999999999,
        0.478069,
        3.36279,
        2.583776,
        2.834023,
        1.4723620000000002,
        1.9157449999999998,
        1.6246880000000001,
        1.393354,
        3.762708,
        2.227643,
        3.300096,
        2.415758,
        1.1432360000000001,
        1.095194,
        1.0566710000000001,
        3.41719,
        1.4080530000000002,
        1.4795989999999999,
        0.7320570000000001,
        2.341837,
        1.71919,
        1.571603,
        1.6531259999999999,
        1.601153,
        3.9208649999999996,
        1.290789,
        1.625761,
        0.586704,
        2.87948,
        2.246503,
        1.0398450000000001,
        1.9164,
        1.965511,
        2.0659490000000003,
        0.822082,
        2.6791370000000003,
        2.940301
    ],
    [
        1.291525,
        0.653594,
        0.183734,
        0.107311,
        0.773587,
        0.490318,
        0.19361799999999998,
        0.512294,
        0.806761,
        0.0,
        2.150209,
        1.1113030000000002,
        1.819994,
        0.77262,
        1.200452,
        0.516411,
        1.837101,
        2.17975,
        0.779463,
        1.804378,
        2.7927199999999996,
        1.252188,
        1.8332519999999999,
        0.342192,
        2.768938,
        2.1615729999999997,
        2.405261,
        1.050158,
        1.854958,
        1.2024839999999999,
        1.280613,
        3.333873,
        2.114902,
        2.877893,
        2.3030169999999996,
        1.0342580000000001,
        0.9978060000000001,
        0.446069,
        2.994945,
        0.922365,
        1.394865,
        1.24455,
        2.832666,
        1.6185699999999998,
        1.45567,
        1.224291,
        1.442544,
        3.4256840000000004,
        1.013198,
        1.203558,
        0.31167500000000004,
        2.457276,
        2.737331,
        0.942457,
        1.852421,
        2.5971170000000003,
        2.106495,
        1.3767909999999999,
        2.566396,
        2.263201
    ],
    [
        1.4408800000000002,
        2.044355,
        2.333942,
        2.25752,
        2.781567,
        2.550971,
        1.983892,
        2.177719,
        2.572412,
        2.150209,
        0.0,
        1.449394,
        1.6649200000000002,
        2.776785,
        1.274918,
        1.958556,
        1.182442,
        0.971606,
        2.444026,
        1.168161,
        3.948207,
        1.497877,
        1.065278,
        2.480542,
        2.572556,
        0.05808,
        0.714763,
        1.12476,
        1.08202,
        1.27695,
        1.741841,
        1.643448,
        1.076171,
        0.750698,
        1.618186,
        1.757364,
        1.921834,
        1.9570999999999998,
        0.867792,
        1.415268,
        3.297211,
        3.0875529999999998,
        4.259559,
        1.8468959999999999,
        1.370618,
        1.489824,
        3.360203,
        3.102709,
        1.481966,
        1.292686,
        2.416845,
        0.31687,
        4.151247000000001,
        1.769169,
        1.084557,
        3.824332,
        2.5732220000000003,
        3.0389209999999998,
        1.6736,
        1.139406
    ],
    [
        0.180221,
        0.99572,
        1.2343279999999999,
        1.218614,
        1.749293,
        1.333674,
        0.944987,
        1.044403,
        1.540138,
        1.1113030000000002,
        1.449394,
        0.0,
        1.604462,
        1.749561,
        0.27377300000000004,
        0.757601,
        1.27573,
        1.5066590000000002,
        1.416802,
        1.2430080000000001,
        3.234169,
        0.14088499999999998,
        1.217228,
        1.3123330000000002,
        2.264184,
        1.4657660000000001,
        1.293885,
        0.354394,
        1.297997,
        0.305504,
        1.065081,
        2.22257,
        1.72853,
        2.182086,
        2.087485,
        0.818726,
        1.0877940000000001,
        0.841547,
        2.299317,
        0.321286,
        2.02934,
        2.152474,
        3.704648,
        1.4613399999999999,
        1.045962,
        0.112988,
        2.092331,
        2.92093,
        0.45474200000000004,
        0.244921,
        1.2486359999999999,
        1.7106400000000002,
        3.609314,
        0.968071,
        1.29546,
        3.1102939999999997,
        2.45894,
        2.159726,
        2.320448,
        1.400163
    ],
    [
        1.540626,
        1.174123,
        2.003728,
        1.927305,
        2.1336779999999997,
        2.4150329999999998,
        1.6702029999999999,
        1.319806,
        1.9327349999999999,
        1.819994,
        1.6649200000000002,
        1.604462,
        0.0,
        2.148728,
        1.3929960000000001,
        1.863403,
        0.102202,
        0.752595,
        1.860993,
        0.097753,
        2.69179,
        1.615913,
        0.599642,
        2.180272,
        3.7242159999999997,
        1.6811369999999999,
        2.170883,
        1.242702,
        0.1343,
        1.395028,
        0.6633049999999999,
        3.099568,
        0.642974,
        2.3974569999999997,
        0.878494,
        0.904501,
        0.9155399999999999,
        1.734808,
        2.348145,
        1.486076,
        3.182998,
        2.081259,
        3.0277420000000004,
        0.502285,
        0.613443,
        1.6078599999999998,
        3.234607,
        4.287397,
        1.216483,
        1.410722,
        2.128624,
        1.9768409999999998,
        2.894829,
        0.904029,
        0.13176300000000002,
        2.567915,
        1.499885,
        1.960384,
        1.1418730000000001,
        2.37525
    ],
    [
        1.9297819999999999,
        0.9545119999999999,
        0.589391,
        0.6653089999999999,
        0.000268,
        0.709885,
        0.894231,
        0.829068,
        0.230847,
        0.77262,
        2.776785,
        1.749561,
        2.148728,
        0.0,
        1.8320779999999999,
        1.031345,
        2.09469,
        2.4937020000000003,
        0.534879,
        2.061967,
        1.969471,
        1.890445,
        2.147205,
        0.44516300000000003,
        3.325289,
        2.793199,
        3.043446,
        1.6817840000000002,
        2.1169569999999998,
        1.83411,
        1.594565,
        3.972131,
        2.428854,
        3.5095189999999996,
        2.616969,
        1.341255,
        1.296405,
        0.981974,
        3.626613,
        1.555831,
        1.425185,
        0.527401,
        2.1371819999999997,
        1.917208,
        1.769622,
        1.862549,
        1.473676,
        3.9784189999999997,
        1.5002119999999999,
        1.835184,
        0.553798,
        3.088902,
        2.041848,
        1.241057,
        2.114419,
        1.9016330000000001,
        2.267257,
        0.6174270000000001,
        2.880348,
        2.7254769999999997
    ],
    [
        0.17472200000000002,
        1.079807,
        1.384186,
        1.307763,
        1.83181,
        1.6074469999999998,
        1.034136,
        1.1269200000000001,
        1.622655,
        1.200452,
        1.274918,
        0.27377300000000004,
        1.3929960000000001,
        1.8320779999999999,
        0.0,
        1.031375,
        1.101296,
        1.3322239999999999,
        1.499319,
        1.068573,
        3.376164,
        0.168839,
        1.0427929999999999,
        1.586106,
        2.453928,
        1.291469,
        1.288458,
        0.15028899999999998,
        1.123563,
        0.10430299999999999,
        1.0949010000000001,
        2.21707,
        1.554096,
        2.007789,
        1.952909,
        0.901243,
        1.117613,
        1.012393,
        2.1248829999999996,
        0.47046699999999997,
        2.3031129999999997,
        2.234991,
        3.674538,
        1.49116,
        0.871527,
        0.16078499999999998,
        2.366105,
        3.110674,
        0.53726,
        0.120078,
        1.5224090000000001,
        1.705141,
        3.579203,
        0.997891,
        1.121026,
        3.252289,
        2.48876,
        2.2422440000000003,
        2.146013,
        1.394663
    ],
    [
        0.937823,
        0.89751,
        0.506916,
        0.498778,
        1.031078,
        0.606262,
        0.5423450000000001,
        0.75621,
        1.064252,
        0.516411,
        1.958556,
        0.757601,
        1.863403,
        1.031345,
        1.031375,
        0.0,
        1.7848920000000001,
        2.0158199999999997,
        1.088752,
        1.752169,
        3.0630949999999997,
        0.887192,
        1.726389,
        0.602073,
        2.274813,
        1.9749269999999999,
        2.040193,
        0.863555,
        1.8071579999999998,
        1.0518109999999998,
        1.324021,
        2.968877,
        2.1583110000000003,
        2.691248,
        2.346426,
        1.077666,
        1.2322870000000001,
        0.147835,
        2.808478,
        0.5433819999999999,
        1.3575519999999999,
        1.514926,
        3.103041,
        1.72028,
        1.499079,
        0.8592960000000001,
        1.420544,
        2.931559,
        0.898912,
        0.8571799999999999,
        0.538376,
        2.2707669999999998,
        3.007707,
        1.176938,
        1.804621,
        2.8674920000000004,
        2.34925,
        1.647166,
        2.6098049999999997,
        1.769076
    ],
    [
        1.248927,
        1.191229,
        2.0208340000000002,
        1.944412,
        2.0944220000000002,
        2.372258,
        1.6873099999999999,
        1.280549,
        1.8934790000000001,
        1.837101,
        1.182442,
        1.27573,
        0.102202,
        2.09469,
        1.101296,
        1.7848920000000001,
        0.0,
        0.394062,
        1.812531,
        0.032722,
        2.745356,
        1.325021,
        0.253428,
        2.153335,
        3.378002,
        1.186285,
        1.724853,
        0.969168,
        0.06927,
        1.121494,
        0.680411,
        2.653538,
        0.329214,
        1.902605,
        0.865717,
        0.877565,
        0.919646,
        1.7078710000000001,
        1.8526369999999999,
        1.259676,
        3.141713,
        2.085365,
        3.081309,
        0.555852,
        0.36843,
        1.3169680000000001,
        3.2076700000000002,
        3.9411840000000002,
        1.189546,
        1.1198299999999999,
        2.101687,
        1.481988,
        2.9483960000000002,
        0.877092,
        0.066733,
        2.621482,
        1.553452,
        1.9774909999999999,
        0.9211309999999999,
        2.029036
    ],
    [
        1.493136,
        1.5338779999999999,
        2.363483,
        2.287061,
        2.493434,
        2.603186,
        2.029959,
        1.6795609999999999,
        2.295683,
        2.17975,
        0.971606,
        1.5066590000000002,
        0.752595,
        2.4937020000000003,
        1.3322239999999999,
        2.0158199999999997,
        0.394062,
        0.0,
        2.2291790000000002,
        0.38821100000000003,
        3.0990300000000004,
        1.582503,
        0.5952200000000001,
        2.548458,
        3.26573,
        1.003147,
        1.548982,
        1.209291,
        0.41106200000000004,
        1.3616169999999999,
        1.03149,
        2.477666,
        0.232505,
        1.713177,
        0.769008,
        1.272687,
        1.2837260000000001,
        2.041725,
        1.6376169999999999,
        1.4997989999999999,
        3.381837,
        2.4494450000000003,
        3.4103820000000002,
        0.919847,
        0.981107,
        1.574449,
        3.444828,
        3.828912,
        1.584668,
        1.390592,
        2.49681,
        1.3015450000000002,
        3.302069,
        1.272214,
        0.40852499999999997,
        2.975155,
        1.7240440000000001,
        2.32857,
        0.824422,
        1.907223
    ],
    [
        1.5970229999999999,
        0.659448,
        0.9078630000000001,
        0.886774,
        0.534611,
        1.028356,
        0.5858450000000001,
        0.496309,
        0.325456,
        0.779463,
        2.444026,
        1.416802,
        1.860993,
        0.534879,
        1.499319,
        1.088752,
        1.812531,
        2.2291790000000002,
        0.0,
        1.744135,
        2.259544,
        1.5576869999999998,
        1.8293730000000001,
        0.759394,
        3.305201,
        2.46044,
        2.710687,
        1.349026,
        1.799125,
        1.501352,
        1.276733,
        3.639372,
        2.1110219999999997,
        3.1767600000000003,
        2.299138,
        1.023424,
        0.9785739999999999,
        0.933335,
        3.2938539999999996,
        1.284717,
        1.8100630000000002,
        1.057415,
        2.628029,
        1.599338,
        1.4517909999999998,
        1.52979,
        1.875993,
        3.9619470000000003,
        1.167453,
        1.502425,
        0.86803,
        2.756144,
        2.532694,
        0.9232250000000001,
        1.796588,
        2.135669,
        1.9878230000000001,
        1.083107,
        2.5625169999999997,
        2.816965
    ],
    [
        1.2162039999999998,
        1.158507,
        1.988112,
        1.911689,
        2.061699,
        2.3395349999999997,
        1.654587,
        1.247826,
        1.860756,
        1.804378,
        1.168161,
        1.2430080000000001,
        0.097753,
        2.061967,
        1.068573,
        1.752169,
        0.032722,
        0.38821100000000003,
        1.744135,
        0.0,
        2.778079,
        1.292299,
        0.216017,
        2.120612,
        3.340591,
        1.1720039999999998,
        1.7105730000000001,
        0.9364450000000001,
        0.054988999999999996,
        1.088771,
        0.647688,
        2.639257,
        0.314933,
        1.8883240000000001,
        0.851437,
        0.844842,
        0.886923,
        1.6751479999999999,
        1.838356,
        1.226953,
        3.10899,
        2.052643,
        3.1140309999999998,
        0.5885739999999999,
        0.335707,
        1.2842449999999999,
        3.1749479999999997,
        3.903773,
        1.1568230000000002,
        1.087107,
        2.068964,
        1.467708,
        2.981118,
        0.844369,
        0.052452,
        2.654204,
        1.586174,
        1.944768,
        0.906851,
        1.991625
    ],
    [
        3.5237939999999996,
        2.299112,
        2.6094920000000004,
        2.685409,
        1.969801,
        2.729985,
        2.4087899999999998,
        2.2367869999999996,
        2.089386,
        2.7927199999999996,
        3.948207,
        3.234169,
        2.69179,
        1.969471,
        3.376164,
        3.0630949999999997,
        2.745356,
        3.0990300000000004,
        2.259544,
        2.778079,
        0.0,
        3.3724879999999997,
        2.8071729999999997,
        2.424499,
        5.304625,
        3.96773,
        4.378413999999999,
        3.2177260000000003,
        2.8156790000000003,
        3.3700520000000003,
        2.273841,
        5.306787,
        2.88074,
        4.67776,
        2.578585,
        2.627796,
        2.246267,
        2.748136,
        4.6022,
        3.099518,
        4.908905,
        1.686192,
        0.61234,
        2.1905569999999996,
        2.682216,
        3.344591,
        4.736097,
        5.957755,
        2.939778,
        3.385746,
        2.533135,
        4.1843710000000005,
        0.517006,
        2.370129,
        2.813142,
        0.168903,
        1.831242,
        1.355567,
        2.838214,
        4.58278
    ],
    [
        0.075287,
        1.136605,
        1.3752119999999999,
        1.359499,
        1.890177,
        1.474558,
        1.085871,
        1.1852880000000001,
        1.681023,
        1.252188,
        1.497877,
        0.14088499999999998,
        1.615913,
        1.890445,
        0.168839,
        0.887192,
        1.325021,
        1.582503,
        1.5576869999999998,
        1.292299,
        3.3724879999999997,
        0.0,
        1.278992,
        1.4532180000000001,
        2.3210390000000003,
        1.527531,
        1.188951,
        0.31912799999999997,
        1.3464800000000001,
        0.20057,
        1.2059659999999999,
        2.1176350000000004,
        1.790295,
        2.286605,
        2.1758270000000004,
        0.95961,
        1.2286780000000002,
        0.982432,
        2.403699,
        0.46217,
        2.170224,
        2.2933589999999997,
        3.845533,
        1.6022239999999999,
        1.1077260000000002,
        0.027896999999999998,
        2.233216,
        2.977785,
        0.5956269999999999,
        0.178331,
        1.38952,
        1.6057059999999999,
        3.7501990000000003,
        1.1089559999999998,
        1.3439429999999999,
        3.251179,
        2.599824,
        2.300611,
        2.382212,
        1.295228
    ],
    [
        1.203705,
        1.187381,
        2.016986,
        1.9405640000000002,
        2.146937,
        2.313755,
        1.683462,
        1.333064,
        1.9491859999999999,
        1.8332519999999999,
        1.065278,
        1.217228,
        0.599642,
        2.147205,
        1.0427929999999999,
        1.726389,
        0.253428,
        0.5952200000000001,
        1.8293730000000001,
        0.216017,
        2.8071729999999997,
        1.278992,
        0.0,
        2.19353,
        3.124574,
        1.0814949999999999,
        1.5712409999999999,
        0.892499,
        0.234097,
        1.044826,
        0.676563,
        2.499926,
        0.521942,
        1.7978150000000002,
        1.058446,
        0.91776,
        0.928798,
        1.724933,
        1.748503,
        1.1830070000000001,
        3.065045,
        2.094518,
        3.1069180000000003,
        0.781618,
        0.62618,
        1.257657,
        3.128037,
        3.687756,
        1.229741,
        1.0737999999999999,
        2.141882,
        1.377199,
        3.0116460000000003,
        0.9172870000000001,
        0.23663399999999998,
        2.68467,
        1.779218,
        1.973643,
        1.1138599999999999,
        1.7756079999999999
    ],
    [
        1.4925540000000002,
        1.0817370000000002,
        0.158458,
        0.234881,
        0.444895,
        0.401019,
        0.7401019999999999,
        0.940437,
        0.478069,
        0.342192,
        2.480542,
        1.3123330000000002,
        2.180272,
        0.44516300000000003,
        1.586106,
        0.602073,
        2.153335,
        2.548458,
        0.759394,
        2.120612,
        2.424499,
        1.4532180000000001,
        2.19353,
        0.0,
        2.786051,
        2.4981329999999997,
        2.6074789999999997,
        1.386719,
        2.2191359999999998,
        1.539045,
        1.644791,
        3.5361640000000003,
        2.4790799999999997,
        3.214453,
        2.667196,
        1.398436,
        1.443808,
        0.536811,
        3.331506,
        1.110668,
        1.132398,
        0.9128529999999999,
        2.500968,
        2.04105,
        1.8198489999999998,
        1.426582,
        1.180077,
        3.442796,
        1.3829200000000001,
        1.4244659999999998,
        0.118625,
        2.793837,
        2.405634,
        1.388459,
        2.216599,
        2.265419,
        2.545098,
        1.045093,
        2.9305749999999997,
        2.2803139999999997
    ],
    [
        2.2969690000000003,
        3.151525,
        2.7067840000000003,
        2.751305,
        3.325021,
        2.821961,
        2.764507,
        2.978373,
        3.36279,
        2.768938,
        2.572556,
        2.264184,
        3.7242159999999997,
        3.325289,
        2.453928,
        2.274813,
        3.378002,
        3.26573,
        3.305201,
        3.340591,
        5.304625,
        2.3210390000000003,
        3.124574,
        2.786051,
        0.0,
        2.520891,
        2.020506,
        2.588136,
        3.254045,
        2.469577,
        3.2212330000000002,
        2.6698939999999998,
        3.424207,
        2.96418,
        3.97154,
        2.9748769999999998,
        3.243945,
        2.413425,
        3.081274,
        2.431444,
        2.603425,
        3.7964879999999996,
        5.384604,
        3.617491,
        3.0551640000000004,
        2.277062,
        2.806,
        0.7271259999999999,
        2.702845,
        2.402032,
        2.71313,
        2.4981199999999997,
        5.289761,
        3.1242229999999998,
        3.256582,
        5.149546,
        4.6150910000000005,
        3.928728,
        4.026954,
        1.4379870000000001
    ],
    [
        1.45238,
        2.055719,
        2.345306,
        2.268884,
        2.792931,
        2.562335,
        1.9952560000000001,
        2.189082,
        2.583776,
        2.1615729999999997,
        0.05808,
        1.4657660000000001,
        1.6811369999999999,
        2.793199,
        1.291469,
        1.9749269999999999,
        1.186285,
        1.003147,
        2.46044,
        1.1720039999999998,
        3.96773,
        1.527531,
        1.0814949999999999,
        2.4981329999999997,
        2.520891,
        0.0,
        0.684372,
        1.140978,
        1.0982370000000001,
        1.293304,
        1.758058,
        1.613057,
        1.092388,
        0.808778,
        1.634403,
        1.7735809999999999,
        1.938051,
        1.973317,
        0.9258719999999999,
        1.431485,
        3.313428,
        3.103771,
        4.275776,
        1.863113,
        1.386835,
        1.505999,
        3.37642,
        3.072318,
        1.498183,
        1.308903,
        2.433062,
        0.286479,
        4.167463,
        1.785523,
        1.100774,
        3.8405489999999998,
        2.589439,
        3.055138,
        1.689817,
        1.109015
    ],
    [
        1.1134819999999999,
        2.289605,
        2.528213,
        2.5124989999999996,
        3.043177,
        2.627558,
        2.2388719999999998,
        2.338288,
        2.834023,
        2.405261,
        0.714763,
        1.293885,
        2.170883,
        3.043446,
        1.288458,
        2.040193,
        1.724853,
        1.548982,
        2.710687,
        1.7105730000000001,
        4.378413999999999,
        1.188951,
        1.5712409999999999,
        2.6074789999999997,
        2.020506,
        0.684372,
        0.0,
        1.410629,
        1.636805,
        1.258308,
        2.1385500000000004,
        0.928372,
        1.639707,
        1.174209,
        2.181721,
        2.0991950000000004,
        2.216581,
        2.1354319999999998,
        1.291303,
        1.6151710000000001,
        3.0772869999999997,
        3.459047,
        4.814632,
        2.348853,
        1.7428979999999998,
        1.1808969999999999,
        3.386216,
        2.413129,
        1.748627,
        1.185617,
        2.5425210000000003,
        0.5100899999999999,
        4.7147820000000005,
        2.0987220000000004,
        1.639342,
        4.387868,
        3.136758,
        3.51181,
        2.2371350000000003,
        0.6133970000000001
    ],
    [
        0.296966,
        0.927944,
        1.233892,
        1.157469,
        1.681516,
        1.4509210000000001,
        0.883842,
        0.9766269999999999,
        1.4723620000000002,
        1.050158,
        1.12476,
        0.354394,
        1.242702,
        1.6817840000000002,
        0.15028899999999998,
        0.863555,
        0.969168,
        1.209291,
        1.349026,
        0.9364450000000001,
        3.2177260000000003,
        0.31912799999999997,
        0.892499,
        1.386719,
        2.588136,
        1.140978,
        1.410629,
        0.0,
        0.973269,
        0.15232099999999998,
        0.944607,
        2.339003,
        1.403802,
        1.857495,
        1.802615,
        0.750949,
        0.9673189999999999,
        0.8621,
        1.974589,
        0.320173,
        2.2022109999999997,
        2.084698,
        3.524244,
        1.340866,
        0.721234,
        0.311074,
        2.265203,
        3.2609630000000003,
        0.38696600000000003,
        0.21375899999999998,
        1.321844,
        1.4368779999999999,
        3.428909,
        0.8475969999999999,
        0.9707319999999999,
        3.101995,
        2.338466,
        2.0919499999999998,
        1.995719,
        1.516907
    ],
    [
        1.271193,
        1.209087,
        2.038692,
        1.962269,
        2.116689,
        2.3945250000000002,
        1.7051669999999999,
        1.302816,
        1.9157449999999998,
        1.854958,
        1.08202,
        1.297997,
        0.1343,
        2.1169569999999998,
        1.123563,
        1.8071579999999998,
        0.06927,
        0.41106200000000004,
        1.799125,
        0.054988999999999996,
        2.8156790000000003,
        1.3464800000000001,
        0.234097,
        2.2191359999999998,
        3.254045,
        1.0982370000000001,
        1.636805,
        0.973269,
        0.0,
        1.143761,
        0.698268,
        2.5654899999999996,
        0.337784,
        1.813328,
        0.874287,
        0.887512,
        0.941913,
        1.730138,
        1.765245,
        1.281942,
        3.16398,
        2.107632,
        3.150579,
        0.625122,
        0.390697,
        1.339235,
        3.229937,
        3.8792240000000002,
        1.211813,
        1.142097,
        2.1239540000000003,
        1.39394,
        3.017666,
        0.899359,
        0.0025369999999999998,
        2.690751,
        1.622722,
        1.995348,
        0.929701,
        1.967076
    ],
    [
        0.144644,
        1.08027,
        1.3862180000000002,
        1.309796,
        1.8338430000000001,
        1.6391769999999999,
        1.036168,
        1.1289529999999999,
        1.6246880000000001,
        1.2024839999999999,
        1.27695,
        0.305504,
        1.395028,
        1.83411,
        0.10430299999999999,
        1.0518109999999998,
        1.121494,
        1.3616169999999999,
        1.501352,
        1.088771,
        3.3700520000000003,
        0.20057,
        1.044826,
        1.539045,
        2.469577,
        1.293304,
        1.258308,
        0.15232099999999998,
        1.143761,
        0.0,
        1.096933,
        2.186681,
        1.556128,
        2.009821,
        1.954942,
        0.9032749999999999,
        1.119646,
        1.014426,
        2.126915,
        0.4725,
        2.209281,
        2.237024,
        3.6765700000000003,
        1.493192,
        0.8735599999999999,
        0.192516,
        2.397835,
        3.09836,
        0.539292,
        0.061438,
        1.4741710000000001,
        1.6750630000000002,
        3.581236,
        0.999923,
        1.123058,
        3.254322,
        2.490792,
        2.2442759999999997,
        2.148046,
        1.364586
    ],
    [
        1.242531,
        0.634741,
        1.464346,
        1.387924,
        1.594297,
        1.875652,
        1.130822,
        0.780424,
        1.393354,
        1.280613,
        1.741841,
        1.065081,
        0.6633049999999999,
        1.594565,
        1.0949010000000001,
        1.324021,
        0.680411,
        1.03149,
        1.276733,
        0.647688,
        2.273841,
        1.2059659999999999,
        0.676563,
        1.644791,
        3.2212330000000002,
        1.758058,
        2.1385500000000004,
        0.944607,
        0.698268,
        1.096933,
        0.0,
        3.071241,
        0.958212,
        2.465846,
        1.022405,
        0.36512,
        0.30916000000000005,
        1.1954259999999999,
        2.4165349999999997,
        0.9466950000000001,
        2.643616,
        1.4748789999999998,
        2.573587,
        0.39625900000000003,
        0.408375,
        1.178069,
        2.695226,
        3.8872020000000003,
        0.677101,
        1.112626,
        1.589242,
        2.04523,
        2.478252,
        0.364648,
        0.695731,
        2.151338,
        1.393859,
        1.397524,
        1.285784,
        2.313767
    ],
    [
        2.042167,
        3.2179789999999997,
        3.456897,
        3.4411840000000002,
        3.971863,
        3.556243,
        3.167557,
        3.2670459999999997,
        3.762708,
        3.333873,
        1.643448,
        2.22257,
        3.099568,
        3.972131,
        2.21707,
        2.968877,
        2.653538,
        2.477666,
        3.639372,
        2.639257,
        5.306787,
        2.1176350000000004,
        2.499926,
        3.5361640000000003,
        2.6698939999999998,
        1.613057,
        0.928372,
        2.339003,
        2.5654899999999996,
        2.186681,
        3.071241,
        0.0,
        2.568392,
        1.1901030000000001,
        3.110406,
        3.027879,
        3.145266,
        3.064117,
        1.331228,
        2.543855,
        4.005971,
        4.387731,
        5.743316,
        3.277538,
        2.671583,
        2.109582,
        4.314901,
        2.325285,
        2.6773119999999997,
        2.1143020000000003,
        3.471205,
        1.4387750000000001,
        5.643466999999999,
        3.027407,
        2.568027,
        5.316553,
        4.065443,
        4.440495,
        3.16582,
        1.507006
    ],
    [
        1.715008,
        1.469031,
        2.2986350000000004,
        2.222213,
        2.4285859999999997,
        2.7099409999999997,
        1.965111,
        1.614714,
        2.227643,
        2.114902,
        1.076171,
        1.72853,
        0.642974,
        2.428854,
