[
    [
        0.0,
        0.612774,
        1.25028,
        0.7118909999999999,
        1.8111300000000001,
        0.829469,
        0.89013,
        1.056872,
        0.916768,
        1.151048,
        1.0488579999999998,
        0.7530439999999999,
        3.0365610000000003,
        0.259392,
        0.8907930000000001,
        0.931409,
        0.787169,
        0.358624,
        0.793342,
        1.02205
    ],
    [
        0.612774,
        0.0,
        0.978743,
        0.235288,
        1.663455,
        1.406386,
        1.544891,
        1.594514,
        1.5715299999999999,
        1.805809,
        1.68274,
        1.4078060000000001,
        3.0343690000000003,
        0.9021119999999999,
        1.545554,
        0.6598719999999999,
        1.441931,
        1.001344,
        1.448104,
        0.750513
    ],
    [
        1.25028,
        0.978743,
        0.0,
        0.783375,
        0.683765,
        1.88998,
        1.908934,
        1.239376,
        1.5597590000000001,
        2.1698530000000003,
        2.067663,
        1.400405,
        2.055626,
        1.176508,
        1.909598,
        0.385048,
        1.805974,
        1.1788640000000001,
        1.812147,
        0.46393900000000005
    ],
    [
        0.7118909999999999,
        0.235288,
        0.783375,
        0.0,
        1.36822,
        1.499317,
        1.643263,
        1.590139,
        1.669902,
        1.9041810000000001,
        1.77567,
        1.506178,
        2.8159110000000003,
        1.000484,
        1.643927,
        0.398327,
        1.5403030000000002,
        1.099716,
        1.5464760000000002,
        0.485349
    ],
    [
        1.8111300000000001,
        1.663455,
        0.683765,
        1.36822,
        0.0,
        2.453663,
        2.4726179999999998,
        1.546683,
        2.123442,
        2.733536,
        2.631346,
        1.964089,
        1.476716,
        1.740192,
        2.473281,
        0.989469,
        2.369657,
        1.742547,
        2.3758310000000002,
        0.9015700000000001
    ],
    [
        0.829469,
        1.406386,
        1.88998,
        1.499317,
        2.453663,
        0.0,
        0.675168,
        1.1593820000000001,
        0.858796,
        0.7770370000000001,
        0.5399489999999999,
        0.695072,
        3.775772,
        0.81314,
        0.431542,
        1.7479369999999999,
        0.482071,
        0.753798,
        0.627953,
        1.838577
    ],
    [
        0.89013,
        1.544891,
        1.908934,
        1.643263,
        2.4726179999999998,
        0.675168,
        0.0,
        1.0944269999999998,
        0.482507,
        0.260918,
        0.239363,
        0.621134,
        3.8030169999999996,
        0.832095,
        0.243626,
        1.766891,
        0.20613599999999999,
        0.772753,
        0.198182,
        1.857532
    ],
    [
        1.056872,
        1.594514,
        1.239376,
        1.590139,
        1.546683,
        1.1593820000000001,
        1.0944269999999998,
        0.0,
        0.679121,
        1.343595,
        1.241406,
        0.5219360000000001,
        2.772114,
        0.86048,
        1.0833409999999999,
        1.499163,
        0.979717,
        0.664904,
        0.9858899999999999,
        1.6094970000000002
    ],
    [
        0.916768,
        1.5715299999999999,
        1.5597590000000001,
        1.669902,
        2.123442,
        0.858796,
        0.482507,
        0.679121,
        0.0,
        0.743425,
        0.72187,
        0.205829,
        3.387711,
        0.698466,
        0.696384,
        1.626968,
        0.552585,
        0.50289,
        0.425213,
        1.717608
    ],
    [
        1.151048,
        1.805809,
        2.1698530000000003,
        1.9041810000000001,
        2.733536,
        0.7770370000000001,
        0.260918,
        1.343595,
        0.743425,
        0.0,
        0.24769999999999998,
        0.8820520000000001,
        4.063935,
        1.093013,
        0.401012,
        2.027809,
        0.46705399999999997,
        1.033671,
        0.4591,
        2.1184499999999997
    ],
    [
        1.0488579999999998,
        1.68274,
        2.067663,
        1.77567,
        2.631346,
        0.5399489999999999,
        0.239363,
        1.241406,
        0.72187,
        0.24769999999999998,
        0.0,
        0.8604959999999999,
        3.9887770000000002,
        1.026144,
        0.228806,
        1.9609400000000001,
        0.33718400000000004,
        0.966802,
        0.437544,
        2.051581
    ],
    [
        0.7530439999999999,
        1.4078060000000001,
        1.400405,
        1.506178,
        1.964089,
        0.695072,
        0.621134,
        0.5219360000000001,
        0.205829,
        0.8820520000000001,
        0.8604959999999999,
        0.0,
        3.484234,
        0.794988,
        0.792906,
        1.72349,
        0.649107,
        0.5994120000000001,
        0.521736,
        1.8141310000000002
    ],
    [
        3.0365610000000003,
        3.0343690000000003,
        2.055626,
        2.8159110000000003,
        1.476716,
        3.775772,
        3.8030169999999996,
        2.772114,
        3.387711,
        4.063935,
        3.9887770000000002,
        3.484234,
        0.0,
        2.965623,
        3.698712,
        2.360149,
        3.5950889999999998,
        2.967978,
        3.601262,
        2.271414
    ],
    [
        0.259392,
        0.9021119999999999,
        1.176508,
        1.000484,
        1.740192,
        0.81314,
        0.832095,
        0.86048,
        0.698466,
        1.093013,
        1.026144,
        0.794988,
        2.965623,
        0.0,
        0.8726459999999999,
        1.089186,
        0.769023,
        0.09923,
        0.775196,
        1.179827
    ],
    [
        0.8907930000000001,
        1.545554,
        1.909598,
        1.643927,
        2.473281,
        0.431542,
        0.243626,
        1.0833409999999999,
        0.696384,
        0.401012,
        0.228806,
        0.792906,
        3.698712,
        0.8726459999999999,
        0.0,
        1.767554,
        0.143798,
        0.7734160000000001,
        0.295819,
        1.858195
    ],
    [
        0.931409,
        0.6598719999999999,
        0.385048,
        0.398327,
        0.989469,
        1.7479369999999999,
        1.766891,
        1.499163,
        1.626968,
        2.027809,
        1.9609400000000001,
        1.72349,
        2.360149,
        1.089186,
        1.767554,
        0.0,
        1.663931,
        1.223344,
        1.670104,
        0.113601
    ],
    [
        0.787169,
        1.441931,
        1.805974,
        1.5403030000000002,
        2.369657,
        0.482071,
        0.20613599999999999,
        0.979717,
        0.552585,
        0.46705399999999997,
        0.33718400000000004,
        0.649107,
        3.5950889999999998,
        0.769023,
        0.143798,
        1.663931,
        0.0,
        0.669793,
        0.152021,
        1.7545719999999998
    ],
    [
        0.358624,
        1.001344,
        1.1788640000000001,
        1.099716,
        1.742547,
        0.753798,
        0.772753,
        0.664904,
        0.50289,
        1.033671,
        0.966802,
        0.5994120000000001,
        2.967978,
        0.09923,
        0.7734160000000001,
        1.223344,
        0.669793,
        0.0,
        0.675966,
        1.406573
    ],
    [
        0.793342,
        1.448104,
        1.812147,
        1.5464760000000002,
        2.3758310000000002,
        0.627953,
        0.198182,
        0.9858899999999999,
        0.425213,
        0.4591,
        0.437544,
        0.521736,
        3.601262,
        0.775196,
        0.295819,
        1.670104,
        0.152021,
        0.675966,
        0.0,
        1.7607449999999998
    ],
    [
        1.02205,
        0.750513,
        0.46393900000000005,
        0.485349,
        0.9015700000000001,
        1.838577,
        1.857532,
        1.6094970000000002,
        1.717608,
        2.1184499999999997,
        2.051581,
        1.8141310000000002,
        2.271414,
        1.179827,
        1.858195,
        0.113601,
        1.7545719999999998,
        1.406573,
        1.7607449999999998,
        0.0
    ]
]