[
    [
        0.0,
        0.988743,
        0.509313,
        0.6253329999999999,
        1.438386,
        0.918293,
        0.372123,
        0.315654,
        0.8853690000000001,
        0.603566,
        0.469789,
        0.551294,
        0.459546,
        0.39527100000000004,
        2.715119,
        0.918293,
        2.904779,
        0.58668
    ],
    [
        0.988743,
        0.0,
        0.64707,
        1.543078,
        0.825123,
        0.080718,
        0.680963,
        0.755822,
        0.918419,
        0.581612,
        0.587068,
        0.583624,
        0.597311,
        0.645178,
        3.537342,
        0.080718,
        3.822524,
        0.434137
    ],
    [
        0.509313,
        0.64707,
        0.0,
        1.068622,
        1.251592,
        0.637538,
        0.154579,
        0.224685,
        0.868173,
        0.416773,
        0.0732,
        0.36450099999999996,
        0.062957,
        0.118794,
        2.989701,
        0.637538,
        3.348068,
        0.399886
    ],
    [
        0.6253329999999999,
        1.543078,
        1.068622,
        0.0,
        2.0028070000000002,
        1.4827139999999999,
        0.9365439999999999,
        0.869375,
        1.52404,
        1.167987,
        1.02351,
        1.115715,
        1.0132670000000001,
        0.948992,
        2.652115,
        1.4827139999999999,
        2.294811,
        1.1511010000000002
    ],
    [
        1.438386,
        0.825123,
        1.251592,
        2.0028070000000002,
        0.0,
        0.814234,
        1.224266,
        1.311404,
        1.210761,
        1.040937,
        1.292358,
        1.0429490000000001,
        1.2821150000000001,
        1.201165,
        3.840743,
        0.814234,
        4.282253,
        0.893462
    ],
    [
        0.918293,
        0.080718,
        0.637538,
        1.4827139999999999,
        0.814234,
        0.0,
        0.67141,
        0.746269,
        0.794393,
        0.522106,
        0.6672899999999999,
        0.5241180000000001,
        0.668061,
        0.635625,
        3.424375,
        0.0,
        3.763018,
        0.374631
    ],
    [
        0.372123,
        0.680963,
        0.154579,
        0.9365439999999999,
        1.224266,
        0.67141,
        0.0,
        0.123071,
        0.871768,
        0.420368,
        0.12854,
        0.368096,
        0.118297,
        0.054022,
        3.123583,
        0.689648,
        3.240866,
        0.403482
    ],
    [
        0.315654,
        0.755822,
        0.224685,
        0.869375,
        1.311404,
        0.746269,
        0.123071,
        0.0,
        0.928389,
        0.476989,
        0.185161,
        0.424717,
        0.17491800000000002,
        0.110643,
        3.031538,
        0.746269,
        3.148821,
        0.46010199999999996
    ],
    [
        0.8853690000000001,
        0.918419,
        0.868173,
        1.52404,
        1.210761,
        0.794393,
        0.871768,
        0.928389,
        0.0,
        0.45104700000000003,
        0.9085850000000001,
        0.5033179999999999,
        0.898342,
        0.817392,
        2.72408,
        0.794393,
        3.348016,
        0.5383880000000001
    ],
    [
        0.603566,
        0.581612,
        0.416773,
        1.167987,
        1.040937,
        0.522106,
        0.420368,
        0.476989,
        0.45104700000000003,
        0.0,
        0.457538,
        0.052272,
        0.447295,
        0.36634500000000003,
        2.9621779999999998,
        0.521248,
        3.447433,
        0.23755
    ],
    [
        0.469789,
        0.587068,
        0.0732,
        1.02351,
        1.292358,
        0.6672899999999999,
        0.12854,
        0.185161,
        0.9085850000000001,
        0.457538,
        0.0,
        0.405266,
        0.010243,
        0.10073399999999999,
        3.0304670000000002,
        0.665052,
        3.302956,
        0.440652
    ],
    [
        0.551294,
        0.583624,
        0.36450099999999996,
        1.115715,
        1.0429490000000001,
        0.5241180000000001,
        0.368096,
        0.424717,
        0.5033179999999999,
        0.052272,
        0.405266,
        0.0,
        0.395023,
        0.314073,
        3.0144499999999996,
        0.52326,
        3.395161,
        0.19164699999999998
    ],
    [
        0.459546,
        0.597311,
        0.062957,
        1.0132670000000001,
        1.2821150000000001,
        0.668061,
        0.118297,
        0.17491800000000002,
        0.898342,
        0.447295,
        0.010243,
        0.395023,
        0.0,
        0.090491,
        3.0202240000000002,
        0.675295,
        3.292713,
        0.430409
    ],
    [
        0.39527100000000004,
        0.645178,
        0.118794,
        0.948992,
        1.201165,
        0.635625,
        0.054022,
        0.110643,
        0.817392,
        0.36634500000000003,
        0.10073399999999999,
        0.314073,
        0.090491,
        0.0,
        2.9392739999999997,
        0.635625,
        3.228438,
        0.349459
    ],
    [
        2.715119,
        3.537342,
        2.989701,
        2.652115,
        3.840743,
        3.424375,
        3.123583,
        3.031538,
        2.72408,
        2.9621779999999998,
        3.0304670000000002,
        3.0144499999999996,
        3.0202240000000002,
        2.9392739999999997,
        0.0,
        3.294123,
        0.9947010000000001,
        2.9625100000000004
    ],
    [
        0.918293,
        0.080718,
        0.637538,
        1.4827139999999999,
        0.814234,
        0.0,
        0.689648,
        0.746269,
        0.794393,
        0.521248,
        0.665052,
        0.52326,
        0.675295,
        0.635625,
        3.294123,
        0.0,
        3.763018,
        0.374631
    ],
    [
        2.904779,
        3.822524,
        3.348068,
        2.294811,
        4.282253,
        3.763018,
        3.240866,
        3.148821,
        3.348016,
        3.447433,
        3.302956,
        3.395161,
        3.292713,
        3.228438,
        0.9947010000000001,
        3.763018,
        0.0,
        3.0303
    ],
    [
        0.58668,
        0.434137,
        0.399886,
        1.1511010000000002,
        0.893462,
        0.374631,
        0.403482,
        0.46010199999999996,
        0.5383880000000001,
        0.23755,
        0.440652,
        0.19164699999999998,
        0.430409,
        0.349459,
        2.9625100000000004,
        0.374631,
        3.0303,
        0.0
    ]
]