[
    [
        0.0,
        1.28846,
        0.383353,
        1.615151,
        2.29892,
        0.36774900000000005,
        1.421166,
        0.5173519999999999,
        0.36122699999999996,
        1.532562,
        1.708663,
        0.331247,
        2.896886,
        0.420724,
        3.5063690000000003,
        1.150352,
        1.036336,
        1.399225,
        0.312034,
        3.19752
    ],
    [
        1.28846,
        0.0,
        0.970133,
        1.128382,
        1.096816,
        0.954529,
        1.7855519999999998,
        1.3243969999999998,
        0.957471,
        1.719545,
        2.13032,
        1.19201,
        3.342752,
        1.395423,
        2.304135,
        0.607734,
        0.698078,
        1.763613,
        1.287984,
        3.099231
    ],
    [
        0.383353,
        0.970133,
        0.0,
        1.344447,
        1.9796790000000002,
        0.015604,
        0.985522,
        0.354264,
        0.022125,
        1.0969179999999998,
        1.347825,
        0.221878,
        2.5275279999999998,
        0.42529,
        3.1256939999999998,
        0.8796470000000001,
        1.067545,
        0.9635819999999999,
        0.317851,
        2.761876
    ],
    [
        1.615151,
        1.128382,
        1.344447,
        0.0,
        0.635232,
        1.321215,
        0.9411390000000001,
        1.547652,
        1.324158,
        0.723109,
        1.204007,
        1.414116,
        2.4785030000000003,
        1.620509,
        1.89399,
        0.528884,
        1.403543,
        0.9630789999999999,
        1.510089,
        2.1027959999999997
    ],
    [
        2.29892,
        1.096816,
        1.9796790000000002,
        0.635232,
        0.0,
        1.883934,
        1.519852,
        2.179565,
        1.886876,
        1.3018230000000002,
        1.78272,
        2.046029,
        3.066783,
        2.249442,
        1.2824790000000001,
        1.144236,
        1.453122,
        1.5417919999999998,
        2.1420030000000003,
        2.260392
    ],
    [
        0.36774900000000005,
        0.954529,
        0.015604,
        1.321215,
        1.883934,
        0.0,
        0.98856,
        0.369868,
        0.006521,
        1.099956,
        1.363429,
        0.237481,
        2.543132,
        0.440894,
        3.1100909999999997,
        0.864043,
        1.051941,
        0.96662,
        0.333455,
        2.764914
    ],
    [
        1.421166,
        1.7855519999999998,
        0.985522,
        0.9411390000000001,
        1.519852,
        0.98856,
        0.0,
        1.25371,
        1.015804,
        0.21803,
        0.41977600000000004,
        1.120175,
        1.73415,
        1.323587,
        2.674005,
        1.212855,
        1.9984739999999999,
        0.02194,
        1.216148,
        1.9315550000000001
    ],
    [
        0.5173519999999999,
        1.3243969999999998,
        0.354264,
        1.547652,
        2.179565,
        0.369868,
        1.25371,
        0.0,
        0.365947,
        1.3545699999999998,
        1.32286,
        0.248131,
        2.387105,
        0.256722,
        3.469516,
        1.2234690000000001,
        1.254453,
        1.221234,
        0.290764,
        3.0195279999999998
    ],
    [
        0.36122699999999996,
        0.957471,
        0.022125,
        1.324158,
        1.886876,
        0.006521,
        1.015804,
        0.365947,
        0.0,
        1.106478,
        1.36995,
        0.244003,
        2.549654,
        0.447416,
        3.1130329999999997,
        0.866986,
        1.054883,
        0.9731409999999999,
        0.339976,
        2.771436
    ],
    [
        1.532562,
        1.719545,
        1.0969179999999998,
        0.723109,
        1.3018230000000002,
        1.099956,
        0.21803,
        1.3545699999999998,
        1.106478,
        0.0,
        0.476191,
        1.2121089999999999,
        1.7577829999999999,
        1.415522,
        2.455976,
        1.0592650000000001,
        1.933924,
        0.23997,
        1.3080820000000002,
        1.713646
    ],
    [
        1.708663,
        2.13032,
        1.347825,
        1.204007,
        1.78272,
        1.363429,
        0.41977600000000004,
        1.32286,
        1.36995,
        0.476191,
        0.0,
        1.467759,
        1.4756980000000002,
        1.5506790000000001,
        2.8593159999999997,
        1.5182229999999999,
        2.408637,
        0.437448,
        1.563733,
        2.0784380000000002
    ],
    [
        0.331247,
        1.19201,
        0.221878,
        1.414116,
        2.046029,
        0.237481,
        1.120175,
        0.248131,
        0.244003,
        1.2121089999999999,
        1.467759,
        0.0,
        2.628464,
        0.20337,
        3.347415,
        1.101368,
        1.097066,
        1.098234,
        0.09593,
        2.8995010000000003
    ],
    [
        2.896886,
        3.342752,
        2.5275279999999998,
        2.4785030000000003,
        3.066783,
        2.543132,
        1.73415,
        2.387105,
        2.549654,
        1.7577829999999999,
        1.4756980000000002,
        2.628464,
        0.0,
        2.5571599999999997,
        3.493598,
        2.83262,
        3.4168380000000003,
        1.788037,
        2.6429009999999997,
        2.645745
    ],
    [
        0.420724,
        1.395423,
        0.42529,
        1.620509,
        2.249442,
        0.440894,
        1.323587,
        0.256722,
        0.447416,
        1.415522,
        1.5506790000000001,
        0.20337,
        2.5571599999999997,
        0.0,
        3.553308,
        1.307261,
        1.232286,
        1.301647,
        0.10744,
        3.100128
    ],
    [
        3.5063690000000003,
        2.304135,
        3.1256939999999998,
        1.89399,
        1.2824790000000001,
        3.1100909999999997,
        2.674005,
        3.469516,
        3.1130329999999997,
        2.455976,
        2.8593159999999997,
        3.347415,
        3.493598,
        3.553308,
        0.0,
        2.421592,
        2.6508730000000003,
        2.685406,
        3.419359,
        1.830621
    ],
    [
        1.150352,
        0.607734,
        0.8796470000000001,
        0.528884,
        1.144236,
        0.864043,
        1.212855,
        1.2234690000000001,
        0.866986,
        1.0592650000000001,
        1.5182229999999999,
        1.101368,
        2.83262,
        1.307261,
        2.421592,
        0.0,
        0.874659,
        1.211261,
        1.198734,
        2.5123960000000003
    ],
    [
        1.036336,
        0.698078,
        1.067545,
        1.403543,
        1.453122,
        1.051941,
        1.9984739999999999,
        1.254453,
        1.054883,
        1.933924,
        2.408637,
        1.097066,
        3.4168380000000003,
        1.232286,
        2.6508730000000003,
        0.874659,
        0.0,
        1.909011,
        1.069125,
        3.396673
    ],
    [
        1.399225,
        1.763613,
        0.9635819999999999,
        0.9630789999999999,
        1.5417919999999998,
        0.96662,
        0.02194,
        1.221234,
        0.9731409999999999,
        0.23997,
        0.437448,
        1.098234,
        1.788037,
        1.301647,
        2.685406,
        1.211261,
        1.909011,
        0.0,
        1.1942080000000002,
        1.953495
    ],
    [
        0.312034,
        1.287984,
        0.317851,
        1.510089,
        2.1420030000000003,
        0.333455,
        1.216148,
        0.290764,
        0.339976,
        1.3080820000000002,
        1.563733,
        0.09593,
        2.6429009999999997,
        0.10744,
        3.419359,
        1.198734,
        1.069125,
        1.1942080000000002,
        0.0,
        2.995474
    ],
    [
        3.19752,
        3.099231,
        2.761876,
        2.1027959999999997,
        2.260392,
        2.764914,
        1.9315550000000001,
        3.0195279999999998,
        2.771436,
        1.713646,
        2.0784380000000002,
        2.8995010000000003,
        2.645745,
        3.100128,
        1.830621,
        2.5123960000000003,
        3.396673,
        1.953495,
        2.995474,
        0.0
    ]
]