[
    [
        0.0,
        4.827968,
        2.980271,
        1.672105,
        2.962024,
        2.292672,
        2.614457,
        1.7737850000000002,
        2.8538829999999997,
        2.746756,
        1.26758,
        1.331148,
        3.483594,
        4.639088,
        1.641452,
        4.312994,
        4.270149,
        1.829082,
        4.296746,
        4.8532399999999996,
        0.7726470000000001,
        1.5823699999999998,
        3.26124,
        1.522844,
        2.72134,
        0.828312,
        3.361989,
        2.016167,
        3.8477829999999997,
        3.301308,
        2.6043220000000002,
        2.039499,
        2.985382,
        5.62879,
        4.881314000000001,
        0.8402820000000001,
        2.684521,
        3.6544969999999997,
        3.277292,
        3.245309,
        3.295452,
        3.246135,
        4.855878,
        3.2889180000000002,
        4.979384,
        2.640273,
        4.9828339999999995,
        1.153693,
        2.953002,
        3.02799,
        3.025145,
        4.210825,
        3.3330659999999996,
        2.014157,
        4.348439,
        2.435624,
        1.642885,
        2.540407,
        1.519695,
        0.516783
    ],
    [
        4.827968,
        0.0,
        2.747843,
        3.487364,
        3.166678,
        2.6063229999999997,
        2.702143,
        4.010148,
        2.45181,
        3.414475,
        3.6812910000000003,
        4.174878,
        2.781703,
        2.357179,
        4.4441999999999995,
        2.626326,
        3.8942979999999996,
        3.427517,
        3.4243919999999997,
        4.237550000000001,
        5.242521,
        4.9110439999999995,
        1.624615,
        3.340153,
        2.596469,
        4.011868,
        1.78221,
        3.288337,
        3.1067579999999997,
        2.144821,
        2.7769679999999997,
        3.154583,
        2.145855,
        1.512496,
        3.558227,
        4.25273,
        2.207798,
        2.2985010000000003,
        1.759066,
        1.88514,
        1.74076,
        2.144129,
        3.559146,
        1.7694839999999998,
        0.635715,
        3.563076,
        3.797096,
        4.05792,
        4.030884,
        2.607931,
        2.194601,
        3.3445639999999996,
        1.709805,
        2.861923,
        0.817986,
        2.596722,
        3.866746,
        4.10818,
        4.269315,
        5.09223
    ],
    [
        2.980271,
        2.747843,
        0.0,
        1.9256179999999998,
        0.6418189999999999,
        1.122245,
        1.481665,
        1.261307,
        0.484191,
        0.776153,
        1.763576,
        1.9416220000000002,
        0.697986,
        2.064217,
        1.690918,
        3.026755,
        3.547392,
        2.017102,
        2.1884609999999998,
        4.130483,
        2.795985,
        2.162203,
        1.1479030000000001,
        1.471559,
        1.461016,
        2.143274,
        0.975536,
        1.877922,
        2.879008,
        0.643179,
        1.4192719999999999,
        1.744168,
        1.5113720000000002,
        2.8284409999999998,
        2.471651,
        2.162892,
        0.947217,
        2.248556,
        1.0255139999999998,
        1.601747,
        1.043674,
        0.643772,
        3.662533,
        0.97762,
        2.94589,
        1.231381,
        2.590839,
        2.496175,
        1.8134670000000002,
        0.278007,
        1.310815,
        2.102539,
        1.081289,
        1.300178,
        2.026802,
        1.2533779999999999,
        2.3044279999999997,
        1.59688,
        1.5204739999999999,
        3.355909
    ],
    [
        1.672105,
        3.487364,
        1.9256179999999998,
        0.0,
        2.418969,
        0.954799,
        1.180691,
        1.308414,
        1.6940719999999998,
        2.141756,
        0.689999,
        1.282367,
        2.4981660000000003,
        3.8370680000000004,
        2.02699,
        2.743781,
        2.654941,
        0.339346,
        3.988641,
        3.238031,
        2.1974,
        2.20931,
        1.9221579999999998,
        0.731361,
        1.286366,
        0.936234,
        2.022907,
        0.379081,
        2.232574,
        1.9622270000000002,
        1.170557,
        0.472103,
        1.551617,
        4.399528,
        4.271831,
        1.177096,
        1.345439,
        2.2207310000000002,
        1.939419,
        1.811543,
        1.957579,
        1.908262,
        3.240669,
        1.949837,
        3.803698,
        2.520465,
        4.391019,
        0.628048,
        3.275633,
        1.920558,
        1.59138,
        3.9027179999999997,
        1.995193,
        0.6254400000000001,
        3.009358,
        1.0428089999999999,
        0.4363,
        2.794594,
        1.270021,
        1.7074
    ],
    [
        2.962024,
        3.166678,
        0.6418189999999999,
        2.418969,
        0.0,
        1.7640630000000002,
        2.1234830000000002,
        1.366025,
        1.12601,
        0.30758199999999997,
        1.859886,
        2.041156,
        0.651499,
        2.031378,
        1.3438379999999999,
        3.668574,
        4.27352,
        2.528283,
        2.129196,
        4.85661,
        2.7700039999999997,
        1.980975,
        1.814326,
        1.735301,
        2.1028350000000002,
        2.201647,
        1.6419590000000002,
        2.413747,
        3.8511529999999996,
        1.324652,
        2.061091,
        2.353428,
        2.1531909999999996,
        2.804762,
        2.3518739999999996,
        2.391375,
        1.589035,
        2.890375,
        1.6919369999999998,
        2.2435650000000003,
        1.710097,
        1.28559,
        4.304352,
        1.644043,
        3.5302890000000002,
        0.646898,
        2.471062,
        3.010163,
        1.151238,
        0.7766369999999999,
        1.952634,
        2.043274,
        1.747711,
        1.909968,
        2.435235,
        1.8951969999999998,
        2.818415,
        1.128503,
        1.607629,
        3.505066
    ],
    [
        2.292672,
        2.6063229999999997,
        1.122245,
        0.954799,
        1.7640630000000002,
        0.0,
        0.39382799999999996,
        1.4480709999999999,
        0.8507530000000001,
        1.970226,
        1.148803,
        1.64239,
        1.6947919999999999,
        3.0336950000000003,
        2.006584,
        2.468861,
        2.426016,
        1.0435530000000002,
        3.1852669999999996,
        3.009106,
        2.7100329999999997,
        2.334205,
        1.041194,
        0.807665,
        0.44701100000000005,
        1.4793800000000001,
        1.168574,
        0.907179,
        2.00365,
        1.107894,
        0.297896,
        0.7734260000000001,
        0.778393,
        3.518564,
        3.468457,
        1.720242,
        0.464475,
        1.580695,
        1.058455,
        1.03832,
        1.076615,
        1.0539290000000001,
        3.011744,
        1.068872,
        2.7605479999999996,
        2.255312,
        3.5876439999999996,
        1.5254320000000001,
        2.822724,
        1.117184,
        0.718719,
        3.099344,
        1.1142290000000001,
        0.329435,
        2.1283939999999997,
        0.142952,
        1.333685,
        2.602815,
        1.630044,
        2.5597420000000004
    ],
    [
        2.614457,
        2.702143,
        1.481665,
        1.180691,
        2.1234830000000002,
        0.39382799999999996,
        0.0,
        1.752957,
        1.1668420000000002,
        2.275112,
        1.456815,
        1.948768,
        2.054212,
        3.428422,
        2.31147,
        2.1422109999999996,
        2.099366,
        1.1246189999999998,
        3.674406,
        2.682457,
        3.018045,
        2.639092,
        1.2825170000000001,
        1.1156769999999998,
        0.10567499999999999,
        1.787392,
        1.4232850000000001,
        0.985438,
        1.677,
        1.396606,
        0.095933,
        0.780654,
        0.439784,
        3.569107,
        3.827877,
        2.028254,
        0.6744629999999999,
        1.242086,
        1.299778,
        0.69971,
        1.317938,
        1.342641,
        2.685095,
        1.310196,
        2.692931,
        2.5601979999999998,
        3.9470639999999997,
        1.7512480000000001,
        3.3595279999999996,
        1.476604,
        0.500618,
        3.594578,
        1.3555519999999999,
        0.637447,
        2.205285,
        0.250876,
        1.431823,
        2.907701,
        1.936422,
        2.7825219999999997
    ],
    [
        1.7737850000000002,
        4.010148,
        1.261307,
        1.308414,
        1.366025,
        1.4480709999999999,
        1.752957,
        0.0,
        1.497861,
        1.286042,
        0.687473,
        0.682751,
        1.772464,
        3.1521239999999997,
        0.718576,
        3.604924,
        3.562079,
        1.558589,
        2.857941,
        4.14517,
        1.5244069999999998,
        0.9008959999999999,
        2.135186,
        0.7656069999999999,
        1.8340830000000001,
        1.029234,
        2.056237,
        1.444053,
        3.139713,
        1.880575,
        1.718273,
        1.371768,
        2.171355,
        3.917398,
        3.147201,
        1.186119,
        1.646147,
        2.9701999999999997,
        2.074348,
        2.431281,
        2.0925079999999996,
        1.881168,
        4.147808,
        2.05832,
        3.909184,
        1.221929,
        3.266388,
        1.7140730000000002,
        1.9770969999999999,
        1.466568,
        2.133968,
        2.772018,
        2.130123,
        1.2444790000000001,
        3.2770300000000003,
        1.563993,
        1.788471,
        1.496057,
        0.249225,
        2.29981
    ],
    [
        2.8538829999999997,
        2.45181,
        0.484191,
        1.6940719999999998,
        1.12601,
        0.8507530000000001,
        1.1668420000000002,
        1.497861,
        0.0,
        1.2603440000000001,
        1.70008,
        2.280135,
        1.04332,
        2.292384,
        2.029431,
        2.597663,
        3.23257,
        1.7514100000000001,
        2.538367,
        3.81566,
        3.1344980000000002,
        2.500715,
        0.740853,
        1.358942,
        1.077096,
        2.030658,
        0.568487,
        1.6122290000000001,
        2.4256219999999997,
        0.47439,
        1.1044500000000002,
        1.4784760000000001,
        1.057986,
        3.0106770000000003,
        2.8169850000000003,
        2.2715199999999998,
        0.49383,
        1.819464,
        0.618464,
        1.1366880000000001,
        0.6366240000000001,
        0.420425,
        3.233441,
        0.570571,
        2.5167979999999996,
        1.703444,
        2.936172,
        2.230483,
        2.171252,
        0.455738,
        0.857428,
        2.45854,
        0.674239,
        1.034486,
        1.7191489999999998,
        0.9385560000000001,
        2.038735,
        2.081071,
        1.858986,
        3.264792
    ],
    [
        2.746756,
        3.414475,
        0.776153,
        2.141756,
        0.30758199999999997,
        1.970226,
        2.275112,
        1.286042,
        1.2603440000000001,
        0.0,
        1.681796,
        1.952801,
        0.890576,
        2.1766959999999997,
        1.1516520000000001,
        3.8114760000000003,
        4.195424,
        2.422281,
        2.162195,
        4.7785150000000005,
        2.577818,
        1.788789,
        1.957228,
        1.629299,
        2.245737,
        2.023557,
        1.784861,
        2.307744,
        3.773058,
        1.467554,
        2.243261,
        2.2354600000000002,
        2.296093,
        3.043838,
        2.4485390000000002,
        2.199188,
        1.7319380000000002,
        3.033277,
        1.8348389999999999,
        2.386467,
        1.852999,
        1.428493,
        4.447254,
        1.786945,
        3.7693659999999998,
        0.552925,
        2.567726,
        2.90416,
        1.247902,
        0.919539,
        2.095536,
        2.076272,
        1.890613,
        1.831874,
        2.6743110000000003,
        2.0889810000000004,
        2.712413,
        0.918424,
        1.5192739999999998,
        3.3128800000000003
    ],
    [
        1.26758,
        3.6812910000000003,
        1.763576,
        0.689999,
        1.859886,
        1.148803,
        1.456815,
        0.687473,
        1.70008,
        1.681796,
        0.0,
        0.6186130000000001,
        2.244657,
        3.624318,
        1.40605,
        3.208515,
        3.1656709999999997,
        1.029345,
        3.535536,
        3.748761,
        1.635827,
        1.593137,
        2.1009,
        0.362505,
        1.551524,
        0.439268,
        2.2016489999999997,
        1.0517919999999998,
        2.743304,
        2.140969,
        1.435714,
        0.97536,
        1.816774,
        4.3895919999999995,
        3.8247959999999996,
        0.620319,
        1.524181,
        2.550018,
        2.118161,
        2.076701,
        2.1363209999999997,
        2.087004,
        3.7513989999999997,
        2.128578,
        3.820254,
        1.899524,
        3.943984,
        1.065974,
        2.6546930000000004,
        1.9387619999999999,
        1.856537,
        3.449613,
        2.1739349999999997,
        0.855026,
        3.1881,
        1.2764929999999999,
        1.170056,
        2.173653,
        0.606267,
        1.743673
    ],
    [
        1.331148,
        4.174878,
        1.9416220000000002,
        1.282367,
        2.041156,
        1.64239,
        1.948768,
        0.682751,
        2.280135,
        1.952801,
        0.6186130000000001,
        0.0,
        2.452779,
        3.832439,
        1.287777,
        3.772602,
        3.729757,
        1.621712,
        3.535167,
        4.312848,
        1.690307,
        1.4457760000000002,
        2.599396,
        0.905455,
        2.045078,
        0.6017380000000001,
        2.634092,
        1.61173,
        3.307391,
        2.45843,
        1.929268,
        1.5394459999999999,
        2.367371,
        4.597714,
        3.824717,
        0.174517,
        2.022677,
        3.166217,
        2.616656,
        2.6272979999999997,
        2.634816,
        2.459023,
        4.315486,
        2.627074,
        4.3187489999999995,
        1.899155,
        3.943905,
        1.286578,
        2.669308,
        2.146884,
        2.354542,
        3.449244,
        2.672431,
        1.4191120000000002,
        3.686596,
        1.774989,
        1.408739,
        2.154364,
        0.458907,
        1.852309
    ],
    [
        3.483594,
        2.781703,
        0.697986,
        2.4981660000000003,
        0.651499,
        1.6947919999999999,
        2.054212,
        1.772464,
        1.04332,
        0.890576,
        2.244657,
        2.452779,
        0.0,
        1.4179670000000002,
        1.93499,
        3.559972,
        4.107894,
        2.577604,
        1.478137,
        4.690984,
        3.264098,
        2.495277,
        1.662329,
        1.9977989999999999,
        2.021518,
        2.669514,
        1.489963,
        2.438423,
        3.426091,
        1.172655,
        1.979774,
        2.30467,
        2.058455,
        2.419225,
        1.761327,
        2.660809,
        1.4943,
        2.795639,
        1.53994,
        2.148829,
        1.5580999999999998,
        1.190855,
        4.19575,
        1.4920470000000001,
        3.1447510000000003,
        0.99818,
        1.8805150000000002,
        3.056676,
        1.461786,
        0.604942,
        1.8578979999999998,
        1.392215,
        1.595715,
        1.8606800000000001,
        2.049697,
        1.8138800000000002,
        2.864929,
        1.53343,
        2.0183910000000003,
        3.853826
    ],
    [
        4.639088,
        2.357179,
        2.064217,
        3.8370680000000004,
        2.031378,
        3.0336950000000003,
        3.428422,
        3.1521239999999997,
        2.292384,
        2.1766959999999997,
        3.624318,
        3.832439,
        1.4179670000000002,
        0.0,
        3.0376640000000004,
        4.336577,
        5.354037999999999,
        3.908326,
        1.067213,
        5.697291,
        4.228076,
        3.459256,
        2.168053,
        3.375637,
        3.323352,
        4.047352,
        2.193011,
        3.769146,
        4.464826,
        2.046653,
        3.310496,
        3.635392,
        3.304241,
        1.242828,
        1.3821869999999998,
        4.149958,
        2.740086,
        3.65706,
        2.2224369999999998,
        3.019302,
        2.255823,
        2.1310439999999997,
        5.03287,
        2.2120189999999997,
        2.8972040000000003,
        2.085814,
        1.635068,
        4.387399,
        2.1530639999999996,
        1.9104290000000002,
        3.0433000000000003,
        0.987385,
        2.293438,
        3.191402,
        1.7762419999999999,
        3.144602,
        4.195651,
        2.497408,
        3.396229,
        5.181138
    ],
    [
        1.641452,
        4.4441999999999995,
        1.690918,
        2.02699,
        1.3438379999999999,
        2.006584,
        2.31147,
        0.718576,
        2.029431,
        1.1516520000000001,
        1.40605,
        1.287777,
        1.93499,
        3.0376640000000004,
        0.0,
        4.172815,
        4.12997,
        2.12648,
        2.706917,
        4.713061,
        1.462176,
        0.673147,
        2.7030770000000004,
        1.333498,
        2.401973,
        1.396161,
        2.624127,
        2.011943,
        3.707604,
        2.034062,
        2.2861640000000003,
        1.939659,
        2.739246,
        4.103178,
        2.996467,
        1.234697,
        2.214038,
        3.538091,
        2.642239,
        2.999172,
        2.660399,
        2.034654,
        4.715699,
        2.6262109999999996,
        4.477074,
        1.050443,
        3.1156550000000003,
        2.314632,
        1.410887,
        1.713763,
        2.701859,
        2.620994,
        2.698013,
        1.8123699999999998,
        3.73365,
        2.131884,
        2.416612,
        0.8959429999999999,
        0.862951,
        2.172053
    ],
    [
        4.312994,
        2.626326,
        3.026755,
        2.743781,
        3.668574,
        2.468861,
        2.1422109999999996,
        3.604924,
        2.597663,
        3.8114760000000003,
        3.208515,
        3.772602,
        3.559972,
        4.336577,
        4.172815,
        0.0,
        1.326143,
        2.535463,
        4.753212,
        1.6671289999999999,
        4.8351809999999995,
        4.561783,
        2.188243,
        2.928966,
        2.0859270000000003,
        3.569478,
        2.3762220000000003,
        2.512001,
        1.083598,
        2.392413,
        2.2189479999999997,
        2.4048670000000003,
        1.7456310000000002,
        3.964638,
        5.1925349999999995,
        3.81034,
        2.313038,
        0.9158890000000001,
        2.252456,
        1.484916,
        2.270615,
        2.391721,
        0.9328200000000001,
        2.262873,
        2.302933,
        4.171718,
        5.311722,
        3.248844,
        4.639525,
        3.033456,
        1.7876690000000002,
        4.673384,
        2.30823,
        2.568647,
        2.8804279999999998,
        2.3872600000000004,
        2.7224340000000002,
        4.698435000000001,
        3.81225,
        4.290902
    ],
    [
        4.270149,
        3.8942979999999996,
        3.547392,
        2.654941,
        4.27352,
        2.426016,
        2.099366,
        3.562079,
        3.23257,
        4.195424,
        3.1656709999999997,
        3.729757,
        4.107894,
        5.354037999999999,
        4.12997,
        1.326143,
        0.0,
        2.428243,
        5.740133,
        0.5892029999999999,
        4.777401,
        4.485716999999999,
        3.1930520000000002,
        2.838138,
        2.205041,
        3.47865,
        3.381031,
        2.404781,
        0.896371,
        3.397222,
        2.12812,
        2.294917,
        2.354252,
        5.339841000000001,
        5.863766,
        3.7195120000000004,
        2.74019,
        1.722638,
        3.257265,
        2.489726,
        3.2754250000000003,
        3.3965300000000003,
        0.6663859999999999,
        3.267683,
        3.61049,
        4.479931,
        5.982953999999999,
        3.141625,
        5.2787299999999995,
        3.512493,
        2.583054,
        5.494654000000001,
        3.3130390000000003,
        2.4778189999999998,
        3.976019,
        2.283064,
        2.615361,
        4.826904000000001,
        3.721422,
        4.183683
    ],
    [
        1.829082,
        3.427517,
        2.017102,
        0.339346,
        2.528283,
        1.0435530000000002,
        1.1246189999999998,
        1.558589,
        1.7514100000000001,
        2.422281,
        1.029345,
        1.621712,
        2.577604,
        3.908326,
        2.12648,
        2.535463,
        2.428243,
        0.0,
        4.077318,
        3.001512,
        2.398328,
        2.468863,
        1.935116,
        0.8212849999999999,
        1.2830460000000001,
        1.1636739999999999,
        2.1115839999999997,
        0.222342,
        1.9960550000000001,
        2.050904,
        1.1672360000000002,
        0.36621,
        1.5482960000000001,
        4.412484999999999,
        4.360507999999999,
        1.404536,
        1.3583969999999999,
        1.878081,
        1.952376,
        1.808223,
        1.970536,
        1.996939,
        3.00415,
        1.9627940000000001,
        3.744837,
        2.600816,
        4.4796949999999995,
        0.7625510000000001,
        3.355985,
        2.009235,
        1.5880589999999999,
        3.9913960000000004,
        2.0081510000000002,
        0.714118,
        3.022316,
        1.054675,
        0.26117,
        2.8749450000000003,
        1.605866,
        1.804609
    ],
    [
        4.296746,
        3.4243919999999997,
        2.1884609999999998,
        3.988641,
        2.129196,
        3.1852669999999996,
        3.674406,
        2.857941,
        2.538367,
        2.162195,
        3.535536,
        3.535167,
        1.478137,
        1.067213,
        2.706917,
        4.753212,
        5.740133,
        4.077318,
        0.0,
        6.1427700000000005,
        3.869334,
        3.100513,
        2.881333,
        3.470189,
        3.587501,
        4.052441,
        2.724595,
        3.890208,
        4.827046,
        2.391658,
        3.431559,
        3.756455,
        3.568391,
        2.282204,
        0.470147,
        3.797154,
        3.0042359999999997,
        4.019281,
        2.7589430000000004,
        3.443664,
        2.777103,
        2.476049,
        5.414752999999999,
        2.7436030000000002,
        3.9365799999999997,
        1.73793,
        0.587504,
        4.508462000000001,
        1.763328,
        2.056728,
        3.367833,
        0.085922,
        2.814718,
        3.312465,
        2.8156190000000003,
        3.265665,
        4.316714,
        2.138666,
        3.091173,
        4.820916
    ],
    [
        4.8532399999999996,
        4.237550000000001,
        4.130483,
        3.238031,
        4.85661,
        3.009106,
        2.682457,
        4.14517,
        3.81566,
        4.7785150000000005,
        3.748761,
        4.312848,
        4.690984,
        5.697291,
        4.713061,
        1.6671289999999999,
        0.5892029999999999,
        3.001512,
        6.1427700000000005,
        0.0,
        5.351863000000001,
        5.060179,
        3.534773,
        3.4126,
        2.779503,
        4.0531120000000005,
        3.722752,
        2.979243,
        1.470918,
        3.7389430000000003,
        2.702582,
        2.869379,
        2.928714,
        5.681562,
        6.4382280000000005,
        4.293974,
        3.314652,
        2.297186,
        3.5989850000000003,
        2.831446,
        3.617145,
        3.738251,
        0.947956,
        3.609403,
        3.95221,
        5.054393,
        6.557416,
        3.716087,
        5.853192,
        4.086955,
        3.157516,
        6.019914,
        3.65476,
        3.052281,
        4.31774,
        2.857526,
        3.189823,
        5.401896,
        4.295884,
        4.758145000000001
    ],
    [
        0.7726470000000001,
        5.242521,
        2.795985,
        2.1974,
        2.7700039999999997,
        2.7100329999999997,
        3.018045,
        1.5244069999999998,
        3.1344980000000002,
        2.577818,
        1.635827,
        1.690307,
        3.264098,
        4.228076,
        1.462176,
        4.8351809999999995,
        4.777401,
        2.398328,
        3.869334,
        5.351863000000001,
        0.0,
        0.809723,
        3.657157,
        1.923977,
        3.1592860000000003,
        1.230653,
        3.578208,
        2.52868,
        4.286937,
        3.4025459999999996,
        3.043476,
        2.482573,
        3.4245360000000002,
        5.402791000000001,
        4.095104,
        0.90685,
        3.0856529999999998,
        4.09365,
        3.596319,
        3.684463,
        3.6144789999999998,
        3.403139,
        5.295032,
        3.580292,
        5.381726,
        2.2564140000000004,
        4.196612,
        1.6686210000000001,
        2.180354,
        2.9885390000000003,
        3.464299,
        3.728203,
        3.652094,
        2.4164980000000003,
        4.749572,
        2.837965,
        2.1578139999999997,
        1.76776,
        1.2748920000000001,
        1.1323800000000002
    ],
    [
        1.5823699999999998,
        4.9110439999999995,
        2.162203,
        2.20931,
        1.980975,
        2.334205,
        2.639092,
        0.9008959999999999,
        2.500715,
        1.788789,
        1.593137,
        1.4457760000000002,
        2.495277,
        3.459256,
        0.673147,
        4.561783,
        4.485716999999999,
        2.468863,
        3.100513,
        5.060179,
        0.809723,
        0.0,
        3.0050459999999997,
        1.635467,
        2.703943,
        1.55273,
        2.926096,
        2.313913,
        4.009573,
        2.750435,
        2.588133,
        2.241628,
        3.0412150000000002,
        4.633970000000001,
        3.371448,
        1.397735,
        2.516007,
        3.84006,
        2.944208,
        3.301142,
        2.962368,
        2.751028,
        5.017668,
        2.92818,
        4.779043,
        1.487594,
        3.472957,
        2.3972860000000003,
        1.411534,
        2.3364279999999997,
        3.003828,
        2.959383,
        2.9999830000000003,
        2.1143389999999997,
        4.14689,
        2.433853,
        2.60082,
        0.9989389999999999,
        1.02095,
        1.9421030000000001
    ],
    [
        3.26124,
        1.624615,
        1.1479030000000001,
        1.9221579999999998,
        1.814326,
        1.041194,
        1.2825170000000001,
        2.135186,
        0.740853,
        1.957228,
        2.1009,
        2.599396,
        1.662329,
        2.168053,
        2.7030770000000004,
        2.188243,
        3.1930520000000002,
        1.935116,
        2.881333,
        3.534773,
        3.657157,
        3.0050459999999997,
        0.0,
        1.7663250000000001,
        1.186162,
        2.438041,
        0.27252499999999996,
        1.71451,
        2.2569749999999997,
        0.5154310000000001,
        1.188789,
        1.580756,
        1.16249,
        2.528157,
        3.312504,
        2.6789029999999996,
        0.633971,
        1.44921,
        0.13761500000000002,
        0.836164,
        0.119309,
        0.5147390000000001,
        2.8446819999999997,
        0.148033,
        1.7701410000000002,
        2.294736,
        3.431691,
        2.4840929999999997,
        2.7625439999999997,
        1.156474,
        0.851076,
        2.793353,
        0.156551,
        1.288096,
        1.137988,
        1.0228949999999999,
        2.2923449999999996,
        2.83984,
        2.289931,
        3.514453
    ],
    [
        1.522844,
        3.340153,
        1.471559,
        0.731361,
        1.735301,
        0.807665,
        1.1156769999999998,
        0.7656069999999999,
        1.358942,
        1.629299,
        0.362505,
        0.905455,
        1.9977989999999999,
        3.375637,
        1.333498,
        2.928966,
        2.838138,
        0.8212849999999999,
        3.470189,
        3.4126,
        1.923977,
        1.635467,
        1.7663250000000001,
        0.0,
        1.210628,
        0.6933239999999999,
        1.8607529999999999,
        0.706748,
        2.402408,
        1.800073,
        1.094818,
        0.6326660000000001,
        1.475878,
        4.127292000000001,
        3.7560230000000003,
        0.9341860000000001,
        1.1832850000000001,
        2.209122,
        1.777265,
        1.735805,
        1.795424,
        1.746107,
        3.4105030000000003,
        1.787682,
        3.479357,
        1.8034100000000002,
        3.87521,
        1.3464770000000001,
        2.558578,
        1.526754,
        1.515641,
        3.38691,
        1.833039,
        0.51413,
        2.847204,
        0.935597,
        1.1114169999999999,
        2.077538,
        0.893109,
        2.025283
    ],
    [
        2.72134,
        2.596469,
        1.461016,
        1.286366,
        2.1028350000000002,
        0.44701100000000005,
        0.10567499999999999,
        1.8340830000000001,
        1.077096,
        2.245737,
        1.551524,
        2.045078,
        2.021518,
        3.323352,
        2.401973,
        2.0859270000000003,
        2.205041,
        1.2830460000000001,
        3.587501,
        2.779503,
        3.1592860000000003,
        2.703943,
        1.186162,
        1.210628,
        0.0,
        1.893067,
        1.31761,
        1.091113,
        1.51329,
        1.290931,
        0.183226,
        0.8863289999999999,
        0.334109,
        3.4634319999999996,
        3.8678380000000003,
        2.133929,
        0.6257140000000001,
        1.136411,
        1.1941030000000001,
        0.594035,
        1.2122629999999999,
        1.2369659999999998,
        2.486679,
        1.204521,
        2.587256,
        2.666403,
        3.9870259999999997,
        1.856923,
        3.222106,
        1.5065909999999998,
        0.394943,
        3.509394,
        1.249877,
        0.743122,
        2.09961,
        0.304059,
        1.537498,
        3.013376,
        2.042097,
        2.888197
    ],
    [
        0.828312,
        4.011868,
        2.143274,
        0.936234,
        2.201647,
        1.4793800000000001,
        1.787392,
        1.029234,
        2.030658,
        2.023557,
        0.439268,
        0.6017380000000001,
        2.669514,
        4.047352,
        1.396161,
        3.569478,
        3.47865,
        1.1636739999999999,
        4.052441,
        4.0531120000000005,
        1.230653,
        1.55273,
        2.438041,
        0.6933239999999999,
        1.893067,
        0.0,
        2.5324679999999997,
        1.298027,
        3.056283,
        2.471788,
        1.812823,
        1.2519200000000001,
        2.193883,
        4.799269000000001,
        4.166557,
        0.240862,
        1.855,
        2.862997,
        2.44898,
        2.45381,
        2.4671399999999997,
        2.417823,
        4.0643780000000005,
        2.459397,
        4.151072,
        2.241285,
        4.2857449999999995,
        0.928082,
        2.781627,
        2.1984690000000002,
        2.2336460000000002,
        3.791374,
        2.5047539999999997,
        1.185845,
        3.518919,
        1.6073119999999999,
        1.04809,
        2.266683,
        0.7222240000000001,
        1.3319590000000001
    ],
    [
        3.361989,
        1.78221,
        0.975536,
        2.022907,
        1.6419590000000002,
        1.168574,
        1.4232850000000001,
        2.056237,
        0.568487,
        1.784861,
        2.2016489999999997,
        2.634092,
        1.489963,
        2.193011,
        2.624127,
        2.3762220000000003,
        3.381031,
        2.1115839999999997,
        2.724595,
        3.722752,
        3.578208,
        2.926096,
        0.27252499999999996,
        1.8607529999999999,
        1.31761,
        2.5324679999999997,
        0.0,
        1.9724000000000002,
        2.4449549999999998,
        0.343065,
        1.329816,
        1.838647,
        1.2941969999999998,
        2.56679,
        3.1454630000000003,
        2.785464,
        0.7749980000000001,
        1.637189,
        0.13491,
        1.061572,
        0.168296,
        0.342373,
        3.032661,
        0.124492,
        1.920455,
        2.12237,
        3.2646509999999997,
        2.590654,
        2.590177,
        0.984108,
        1.0062140000000002,
        2.626312,
        0.205911,
        1.394657,
        1.196057,
        1.1639220000000001,
        2.3989059999999998,
        2.6674729999999998,
        2.3551529999999996,
        3.621014
    ],
    [
        2.016167,
        3.288337,
        1.877922,
        0.379081,
        2.413747,
        0.907179,
        0.985438,
        1.444053,
        1.6122290000000001,
        2.307744,
        1.0517919999999998,
        1.61173,
        2.438423,
        3.769146,
        2.011943,
        2.512001,
        2.404781,
        0.222342,
        3.890208,
        2.979243,
        2.52868,
        2.313913,
        1.71451,
        0.706748,
        1.091113,
        1.298027,
        1.9724000000000002,
        0.0,
        1.979004,
        1.918511,
        1.009685,
        0.20865899999999998,
        1.390745,
        4.254934,
        4.228115,
        1.4043979999999998,
        1.200846,
        1.86103,
        1.7948250000000001,
        1.650672,
        1.8129849999999998,
        1.864546,
        2.987099,
        1.805243,
        3.642827,
        2.486571,
        4.347303,
        0.949929,
        3.2417399999999996,
        1.8768420000000001,
        1.4305080000000001,
        3.859003,
        1.8505999999999998,
        0.581725,
        2.891112,
        0.897124,
        0.5050330000000001,
        2.7606990000000002,
        1.4973230000000002,
        1.991986
    ],
    [
        3.8477829999999997,
        3.1067579999999997,
        2.879008,
        2.232574,
        3.8511529999999996,
        2.00365,
        1.677,
        3.139713,
        2.4256219999999997,
        3.773058,
        2.743304,
        3.307391,
        3.426091,
        4.464826,
        3.707604,
        1.083598,
        0.896371,
        1.9960550000000001,
        4.827046,
        1.470918,
        4.286937,
        4.009573,
        2.2569749999999997,
        2.402408,
        1.51329,
        3.056283,
        2.4449549999999998,
        1.979004,
        0.0,
        2.496226,
        1.699739,
        1.866536,
        1.552603,
        4.438845000000001,
        5.296347,
        3.291131,
        2.0927260000000003,
        0.8259,
        2.356268,
        1.588729,
        2.374428,
        2.495533,
        1.030178,
        2.366686,
        2.779903,
        4.05155,
        5.415535,
        2.713244,
        4.850879,
        2.973603,
        1.891481,
        4.777197,
        2.412042,
        2.0494380000000003,
        3.075719,
        1.854683,
        2.18698,
        4.399053,
        3.293041,
        3.755302
    ],
    [
        3.301308,
        2.144821,
        0.643179,
        1.9622270000000002,
        1.324652,
        1.107894,
        1.396606,
        1.880575,
        0.47439,
        1.467554,
        2.140969,
        2.45843,
        1.172655,
        2.046653,
        2.034062,
        2.392413,
        3.397222,
        2.050904,
        2.391658,
        3.7389430000000003,
        3.4025459999999996,
        2.750435,
        0.5154310000000001,
        1.800073,
        1.290931,
        2.471788,
        0.343065,
        1.918511,
        2.496226,
        0.0,
        1.3405850000000001,
        1.833807,
        1.3231,
        2.7703670000000002,
        2.825879,
        2.780624,
        0.7857670000000001,
        1.654689,
        0.394352,
        1.0790719999999998,
        0.412512,
        0.08439100000000001,
        3.050161,
        0.34645800000000004,
        2.298393,
        1.805062,
        2.945067,
        2.585814,
        2.2728699999999997,
        0.6668010000000001,
        1.023714,
        2.306728,
        0.45012599999999997,
        1.389817,
        1.495036,
        1.174691,
        2.394067,
        2.350166,
        2.037845,
        3.6201239999999997
    ],
    [
        2.6043220000000002,
        2.7769679999999997,
        1.4192719999999999,
        1.170557,
        2.061091,
        0.297896,
        0.095933,
        1.718273,
        1.1044500000000002,
        2.243261,
        1.435714,
        1.929268,
        1.979774,
        3.310496,
        2.2861640000000003,
        2.2189479999999997,
        2.12812,
        1.1672360000000002,
        3.431559,
        2.702582,
        3.043476,
        2.588133,
        1.188789,
        1.094818,
        0.183226,
        1.812823,
        1.329816,
        1.009685,
        1.699739,
        1.3405850000000001,
        0.0,
        0.77052,
        0.514608,
        3.523422,
        3.766352,
        2.018119,
        0.61207,
        1.31691,
        1.2060499999999998,
        0.774535,
        1.22421,
        1.248913,
        2.713849,
        1.216468,
        2.666424,
        2.550063,
        3.8855399999999998,
        1.7411130000000001,
        3.1206199999999997,
        1.41508,
        0.454934,
        3.532185,
        1.261824,
        0.627312,
        2.1596010000000003,
        0.154944,
        1.427067,
        2.897566,
        1.926287,
        2.772387
    ],
    [
        2.039499,
        3.154583,
        1.744168,
        0.472103,
        2.353428,
        0.7734260000000001,
        0.780654,
        1.371768,
        1.4784760000000001,
        2.2354600000000002,
        0.97536,
        1.5394459999999999,
        2.30467,
        3.635392,
        1.939659,
        2.4048670000000003,
        2.294917,
        0.36621,
        3.756455,
        2.869379,
        2.482573,
        2.241628,
        1.580756,
        0.6326660000000001,
        0.8863289999999999,
        1.2519200000000001,
        1.838647,
        0.20865899999999998,
        1.866536,
        1.833807,
        0.77052,
        0.0,
        1.141373,
        4.122319,
        4.0955,
        1.4979010000000001,
        1.068231,
        1.745467,
        1.66221,
        1.401299,
        1.68037,
        1.731931,
        2.905058,
        1.672628,
        3.374125,
        2.4191149999999997,
        4.214688,
        1.042659,
        3.174283,
        1.7442270000000002,
        1.191343,
        3.726388,
        1.7179849999999999,
        0.44911,
        2.7584969999999998,
        0.764509,
        0.713692,
        2.693243,
        1.522867,
        2.084717
    ],
    [
        2.985382,
        2.145855,
        1.5113720000000002,
        1.551617,
        2.1531909999999996,
        0.778393,
        0.439784,
        2.171355,
        1.057986,
        2.296093,
        1.816774,
        2.367371,
        2.058455,
        3.304241,
        2.739246,
        1.7456310000000002,
        2.354252,
        1.5482960000000001,
        3.568391,
        2.928714,
        3.4245360000000002,
        3.0412150000000002,
        1.16249,
        1.475878,
        0.334109,
        2.193883,
        1.2941969999999998,
        1.390745,
        1.552603,
        1.3231,
        0.514608,
        1.141373,
        0.0,
        3.254141,
        3.844166,
