[
    [
        0.0,
        0.720256,
        0.35195499999999996,
        1.149827,
        1.158584,
        1.474976,
        0.093779,
        1.325834,
        0.362783,
        3.74063,
        1.3678379999999999,
        1.1407049999999999,
        0.254151,
        1.0982370000000001,
        0.758892,
        0.28352499999999997,
        1.706171,
        1.3430540000000002,
        0.393351,
        2.592564
    ],
    [
        0.720256,
        0.0,
        0.46926999999999996,
        1.042951,
        1.146085,
        0.868602,
        0.6561939999999999,
        1.3133350000000001,
        0.458442,
        4.46138,
        1.1152229999999999,
        1.1282059999999998,
        0.866049,
        1.085738,
        0.038636000000000004,
        0.647096,
        2.4042869999999996,
        1.3305550000000002,
        0.430875,
        2.25061
    ],
    [
        0.35195499999999996,
        0.46926999999999996,
        0.0,
        1.012361,
        0.892184,
        1.22399,
        0.186925,
        1.059435,
        0.010827999999999999,
        4.016914,
        1.339874,
        0.874306,
        0.51041,
        0.8318369999999999,
        0.5079049999999999,
        0.31688099999999997,
        1.9598209999999998,
        1.076654,
        0.142364,
        2.601654
    ],
    [
        1.149827,
        1.042951,
        1.012361,
        0.0,
        0.946877,
        1.278682,
        0.19243700000000002,
        1.114128,
        0.06552,
        4.022427,
        1.3453869999999999,
        0.9289980000000001,
        0.515922,
        0.8865299999999999,
        0.5625979999999999,
        0.322393,
        1.9653340000000001,
        1.1313469999999999,
        0.19705699999999998,
        2.6071660000000003
    ],
    [
        1.158584,
        1.146085,
        0.892184,
        0.946877,
        0.0,
        1.00721,
        0.850769,
        0.30486,
        0.966785,
        3.488333,
        2.145118,
        0.11973099999999999,
        0.772729,
        0.060347,
        1.193317,
        0.7389349999999999,
        2.3570279999999997,
        0.322079,
        0.7797580000000001,
        3.40529
    ],
    [
        1.474976,
        0.868602,
        1.22399,
        1.278682,
        1.00721,
        0.0,
        1.410914,
        1.174461,
        1.213162,
        4.500335,
        1.6272460000000002,
        0.9893310000000001,
        1.620769,
        0.946863,
        0.831656,
        1.285915,
        3.159367,
        1.19168,
        1.185595,
        2.729758
    ],
    [
        0.093779,
        0.6561939999999999,
        0.186925,
        0.19243700000000002,
        0.850769,
        1.410914,
        0.0,
        1.2777129999999999,
        0.269004,
        3.834904,
        1.3364280000000002,
        1.092583,
        0.351431,
        1.050115,
        0.71077,
        0.235404,
        1.77781,
        1.294932,
        0.345229,
        2.561153
    ],
    [
        1.325834,
        1.3133350000000001,
        1.059435,
        1.114128,
        0.30486,
        1.174461,
        1.2777129999999999,
        0.0,
        0.7304400000000001,
        3.3799580000000002,
        1.908774,
        0.5630080000000001,
        0.536385,
        0.556206,
        1.090177,
        0.502591,
        2.120683,
        0.017219,
        0.724635,
        3.1335
    ],
    [
        0.362783,
        0.458442,
        0.010827999999999999,
        0.06552,
        0.966785,
        1.213162,
        0.269004,
        0.7304400000000001,
        0.0,
        4.027742,
        1.350702,
        0.863478,
        0.5212380000000001,
        0.82101,
        0.49707799999999996,
        0.325996,
        1.9706489999999999,
        1.065827,
        0.13153700000000002,
        2.6124810000000003
    ],
    [
        3.74063,
        4.46138,
        4.016914,
        4.022427,
        3.488333,
        4.500335,
        3.834904,
        3.3799580000000002,
        4.027742,
        0.0,
        4.956151,
        3.5361309999999997,
        3.534932,
        3.52933,
        4.213277,
        3.6256909999999998,
        2.803305,
        3.22445,
        3.847736,
        5.652113
    ],
    [
        1.3678379999999999,
        1.1152229999999999,
        1.339874,
        1.3453869999999999,
        2.145118,
        1.6272460000000002,
        1.3364280000000002,
        1.908774,
        1.350702,
        4.956151,
        0.0,
        2.19979,
        1.618042,
        2.157322,
        1.07534,
        1.525806,
        2.300177,
        2.402139,
        1.467849,
        1.3497670000000002
    ],
    [
        1.1407049999999999,
        1.1282059999999998,
        0.874306,
        0.9289980000000001,
        0.11973099999999999,
        0.9893310000000001,
        1.092583,
        0.5630080000000001,
        0.863478,
        3.5361309999999997,
        2.19979,
        0.0,
        0.6529980000000001,
        0.180077,
        1.20679,
        0.619205,
        2.237297,
        0.202349,
        0.841249,
        3.250113
    ],
    [
        0.254151,
        0.866049,
        0.51041,
        0.515922,
        0.772729,
        1.620769,
        0.351431,
        0.536385,
        0.5212380000000001,
        3.534932,
        1.618042,
        0.6529980000000001,
        0.0,
        1.2137840000000002,
        0.890368,
        0.39907299999999996,
        1.613716,
        1.344317,
        0.524827,
        2.818753
    ],
    [
        1.0982370000000001,
        1.085738,
        0.8318369999999999,
        0.8865299999999999,
        0.060347,
        0.946863,
        1.050115,
        0.556206,
        0.82101,
        3.52933,
        2.157322,
        0.180077,
        1.2137840000000002,
        0.0,
        1.13297,
        0.680313,
        2.298406,
        0.263457,
        0.7194109999999999,
        3.344944
    ],
    [
        0.758892,
        0.038636000000000004,
        0.5079049999999999,
        0.5625979999999999,
        1.193317,
        0.831656,
        0.71077,
        1.090177,
        0.49707799999999996,
        4.213277,
        1.07534,
        1.20679,
        0.890368,
        1.13297,
        0.0,
        0.685732,
        2.442923,
        1.369191,
        0.469511,
        2.211974
    ],
    [
        0.28352499999999997,
        0.647096,
        0.31688099999999997,
        0.322393,
        0.7389349999999999,
        1.285915,
        0.235404,
        0.502591,
        0.325996,
        3.6256909999999998,
        1.525806,
        0.619205,
        0.39907299999999996,
        0.680313,
        0.685732,
        0.0,
        1.967557,
        1.107942,
        0.32019099999999995,
        2.754479
    ],
    [
        1.706171,
        2.4042869999999996,
        1.9598209999999998,
        1.9653340000000001,
        2.3570279999999997,
        3.159367,
        1.77781,
        2.120683,
        1.9706489999999999,
        2.803305,
        2.300177,
        2.237297,
        1.613716,
        2.298406,
        2.442923,
        1.967557,
        0.0,
        2.197858,
        2.0781,
        2.982364
    ],
    [
        1.3430540000000002,
        1.3305550000000002,
        1.076654,
        1.1313469999999999,
        0.322079,
        1.19168,
        1.294932,
        0.017219,
        1.065827,
        3.22445,
        2.402139,
        0.202349,
        1.344317,
        0.263457,
        1.369191,
        1.107942,
        2.197858,
        0.0,
        0.741855,
        3.150719
    ],
    [
        0.393351,
        0.430875,
        0.142364,
        0.19705699999999998,
        0.7797580000000001,
        1.185595,
        0.345229,
        0.724635,
        0.13153700000000002,
        3.847736,
        1.467849,
        0.841249,
        0.524827,
        0.7194109999999999,
        0.469511,
        0.32019099999999995,
        2.0781,
        0.741855,
        0.0,
        2.6814850000000003
    ],
    [
        2.592564,
        2.25061,
        2.601654,
        2.6071660000000003,
        3.40529,
        2.729758,
        2.561153,
        3.1335,
        2.6124810000000003,
        5.652113,
        1.3497670000000002,
        3.250113,
        2.818753,
        3.344944,
        2.211974,
        2.754479,
        2.982364,
        3.150719,
        2.6814850000000003,
        0.0
    ]
]