[
  [
    0.0, 0.320129, 0.553148, 2.791846, 1.6397270000000002, 0.690581, 0.631936,
    3.030342, 0.268494, 0.023656, 0.814219, 0.7203390000000001, 0.312142,
    0.655218, 0.771435, 1.152136, 0.653289, 1.7898479999999999, 0.730645,
    1.024538, 0.543159, 2.009527, 0.32865, 0.8495689999999999, 0.9202, 0.325029,
    0.052022, 1.907672, 1.309606, 1.550088, 0.388106, 1.1144269999999998,
    1.745506, 0.332994, 0.75176, 0.608478, 1.384111, 0.213643, 2.571485,
    0.182817, 1.954566, 0.724399, 0.611285, 1.603188, 0.164101, 0.275481,
    1.6030550000000001, 2.626341, 2.731837, 0.322231, 0.22406600000000002,
    0.256556, 1.273103, 0.792827, 0.687646, 1.642277, 1.010502, 0.83256,
    0.28159500000000004, 1.147837, 1.948982, 0.39396800000000004,
    0.14457499999999998, 0.129652, 0.45854700000000004, 0.142633, 0.65842,
    0.600841, 0.394339, 0.565858, 0.9859629999999999, 1.566356, 1.931466,
    1.668944, 0.5234840000000001, 2.28802, 0.62549, 1.321987, 1.28793, 0.403501,
    0.459, 0.42043200000000003, 0.17254499999999998, 0.398189, 0.138703,
    0.224596, 0.9237759999999999, 0.6553869999999999, 0.628522,
    0.6276219999999999, 0.8397859999999999, 1.132739, 1.0574970000000001,
    1.6018610000000002, 1.3966910000000001, 2.499362, 0.582779
  ],
  [
    0.320129, 0.0, 0.6831029999999999, 2.921801, 1.768379, 0.8205359999999999,
    0.761891, 2.9429879999999997, 0.39844799999999997, 0.153611, 0.944174,
    0.632985, 0.346813, 0.661197, 0.8550800000000001, 1.235781, 0.783243,
    1.919802, 0.8606, 1.154493, 0.6731130000000001, 1.862379, 0.458604,
    0.9332140000000001, 1.050155, 0.240868, 0.181977, 2.037627,
    1.4395609999999999, 1.67983, 0.51806, 1.2443810000000002, 1.875461,
    0.43563799999999997, 0.51482, 0.738433, 1.5140660000000001, 0.343597,
    2.70144, 0.312772, 1.867213, 0.808044, 0.74124, 1.733142, 0.294056,
    0.29041500000000003, 1.73301, 2.756295, 2.861792, 0.0021030000000000003,
    0.35402, 0.38651100000000005, 1.403058, 0.946176, 0.461175, 1.772232,
    1.140457, 0.745206, 0.290361, 1.277791, 1.7836010000000002,
    0.43941399999999997, 0.27453, 0.25960700000000003, 0.5885009999999999,
    0.27258699999999997, 0.788374, 0.730796, 0.524294, 0.695812,
    1.1159169999999998, 1.49842, 2.0614209999999997, 1.6600050000000002,
    0.653439, 2.12264, 0.776371, 1.451942, 1.417884, 0.441375,
    0.37164600000000003, 0.333078, 0.236582, 0.5281440000000001, 0.268657,
    0.354551, 0.836422, 0.785341, 0.758477, 0.757577, 0.969741, 1.262693,
    1.187452, 1.43648, 1.526646, 2.583008, 0.6664249999999999
  ],
  [
    0.553148, 0.6831029999999999, 0.0, 2.6805700000000003, 1.514463, 0.601658,
    0.5206609999999999, 3.112753, 0.13227699999999998, 0.449372, 0.751873,
    0.698543, 0.640941, 0.484948, 0.601164, 0.981865, 0.5420130000000001,
    1.678572, 0.61937, 1.140167, 0.416663, 2.1825419999999998,
    0.21737399999999998, 0.679298, 1.03583, 0.653828, 0.477737, 1.796397,
    1.3945139999999998, 1.425914, 0.27802, 1.3160619999999998, 1.634231,
    0.292098, 0.834172, 0.415342, 1.49974, 0.153245, 2.46021,
    0.18407099999999998, 2.036978, 0.554129, 0.65361, 1.718817, 0.238952,
    0.604281, 1.7186839999999999, 2.515065, 2.620562, 0.65103, 0.298916,
    0.504271, 1.388732, 0.5996910000000001, 0.8142, 1.757906, 1.126131,
    0.914971, 0.610394, 1.263466, 2.031393, 0.387896, 0.384392,
    0.45845199999999997, 0.26541000000000003, 0.295497, 0.547144, 0.572035,
    0.723139, 0.702718, 0.874687, 1.648767, 1.8201910000000001, 1.867526,
    0.660344, 2.3704319999999997, 0.848518, 1.210712, 1.264915, 0.408468,
    0.491271, 0.494547, 0.424119, 0.286914, 0.31815699999999997, 0.553395,
    0.866421, 0.544111, 0.819052, 0.818152, 1.081586, 1.0943420000000001,
    1.2612260000000002, 1.684272, 1.5123199999999999, 2.329092, 0.412509
  ],
  [
    2.791846, 2.921801, 2.6805700000000003, 0.0, 1.270451, 2.293237, 2.124726,
    4.3208400000000005, 2.572056, 2.92643, 2.710063, 2.7394830000000003,
    2.9296860000000002, 2.525888, 2.149315, 1.893821, 2.1033739999999996,
    1.606314, 2.038982, 3.0983560000000003, 2.467069, 4.369923,
    2.4869589999999997, 2.083379, 2.9940189999999998, 2.942572, 2.954796,
    0.918498, 3.075623, 1.327261, 2.692857, 3.494168, 1.764001, 2.601971,
    3.021358, 2.369866, 3.212946, 2.630304, 0.23854599999999998, 2.661129,
    3.218022, 2.4413449999999997, 2.6608780000000003, 3.677007,
    2.7160100000000003, 2.893025, 3.1956320000000003, 0.183688, 0.166409,
    2.939775, 2.775975, 2.7843560000000003, 3.346922, 2.277184, 3.001386,
    3.172409, 3.084321, 3.1021579999999997, 2.899139, 3.221656, 4.21858,
    2.6135900000000003, 2.833113, 2.907172, 2.489164, 2.744217, 2.416264,
    2.579303, 2.966633, 2.7707640000000002, 1.822005, 3.372604,
    0.8573930000000001, 4.045632, 2.72839, 4.557619, 2.806708, 1.612982,
    2.927009, 2.5607420000000003, 2.665762, 2.669038, 2.901178, 2.41742,
    2.766878, 2.8421399999999997, 2.691116, 2.413231, 2.824601, 2.977941,
    3.227061, 2.7770349999999997, 3.439332, 3.871654, 3.2424470000000003,
    2.25543, 2.471765
  ],
  [
    1.6397270000000002, 1.768379, 1.514463, 1.270451, 0.0, 1.522799, 1.144023,
    3.4051370000000003, 1.396174, 1.654122, 1.824781, 1.505745, 1.91378,
    1.2921500000000001, 0.915578, 0.5560940000000001, 1.085617, 1.602663,
    1.1963679999999999, 2.213075, 1.2911869999999999, 3.1359899999999996,
    1.311077, 0.849641, 2.108738, 1.926667, 1.682488, 0.38908499999999996,
    2.2861689999999997, 0.097753, 1.516976, 2.559809, 1.7603510000000002,
    1.368233, 1.7876210000000001, 1.136128, 2.423491, 1.453331, 1.138701,
    1.485247, 2.28227, 1.2076069999999999, 1.726518, 2.791725, 1.539038,
    1.87712, 2.62955, 1.193557, 1.299053, 1.92387, 1.518, 1.77711, 2.461641,
    1.042329, 1.7676489999999998, 2.606326, 2.1990390000000004, 1.86842,
    1.883233, 2.3363739999999997, 2.984842, 1.379853, 1.657231, 1.731291,
    1.255426, 1.568336, 1.4477929999999999, 1.644944, 2.013735, 1.836404,
    0.7865800000000001, 2.138866, 0.472706, 3.111272, 1.794031,
    3.3238809999999996, 1.9214259999999999, 1.0787090000000001,
    2.1565700000000003, 1.3270039999999999, 1.432024, 1.435301,
    1.6288699999999998, 1.241538, 1.590996, 1.826234, 1.457379, 1.44476,
    1.93932, 2.0435820000000002, 2.2927020000000002, 2.006597, 2.504973,
    2.637721, 2.585229, 1.554444, 1.2378330000000002
  ],
  [
    0.690581, 0.8205359999999999, 0.601658, 2.293237, 1.522799, 0.0,
    0.6466219999999999, 3.518076, 0.470145, 0.8104199999999999, 0.478277,
    1.127214, 0.648822, 0.9136190000000001, 0.882995, 1.088346, 0.570115,
    1.2808620000000002, 0.347723, 0.866571, 0.568028, 2.329678,
    0.5145639999999999, 0.961129, 0.7622340000000001, 0.660944, 0.838785,
    1.796683, 0.8962469999999999, 1.43316, 0.32440199999999997, 1.213305,
    1.2130969999999999, 0.6974199999999999, 1.07797, 0.675329,
    1.0335699999999999, 0.558567, 2.0592979999999996, 0.5893930000000001,
    2.4423000000000004, 0.9828, 0.380014, 1.445221, 0.644274, 0.612162,
    1.2694349999999999, 2.114154, 2.21965, 0.6589109999999999,
    0.7042390000000001, 0.5027280000000001, 1.115136, 0.850278, 1.024326,
    1.308657, 0.8525349999999999, 1.320294, 0.618275, 0.98987, 2.29509,
    0.793219, 0.5668139999999999, 0.607956, 0.694082, 0.5833769999999999,
    0.495024, 0.298439, 0.685769, 0.4899, 0.775648, 2.05409, 1.7887039999999998,
    1.7647680000000001, 0.44752600000000003, 2.6470279999999997, 0.574922,
    0.854662, 0.766649, 0.8270700000000001, 0.896593, 0.8998700000000001,
    0.829441, 0.445024, 0.576725, 0.560511, 1.285229, 0.491991, 0.592816,
    0.697077, 0.946198, 0.616675, 1.158469, 1.9608679999999998,
    1.0630709999999999, 2.6749560000000003, 0.8411799999999999
  ],
  [
    0.631936, 0.761891, 0.5206609999999999, 2.124726, 1.144023,
    0.6466219999999999, 0.0, 3.1857930000000003, 0.363363, 0.7476670000000001,
    0.791971, 0.96435, 0.88097, 0.750755, 0.6137039999999999, 0.70957, 0.021352,
    1.335855, 0.26503699999999997, 1.1802650000000001, 0.288306,
    2.4808380000000003, 0.278266, 0.5641280000000001, 1.0759269999999999,
    0.893857, 0.776033, 1.4119680000000001, 1.354838, 1.054384, 0.484165,
    1.526998, 1.2915139999999998, 0.590394, 1.132468, 0.390875, 1.539838,
    0.45154099999999997, 1.890787, 0.48236599999999996, 2.1128180000000003,
    0.7160789999999999, 0.693708, 1.758915, 0.5372480000000001, 0.844309,
    1.686962, 1.945643, 2.0511399999999997, 0.8910589999999999, 0.597212,
    0.7443, 1.4288299999999998, 0.39469600000000005, 1.1124949999999998,
    1.663739, 1.166229, 1.213267, 0.850423, 1.3035640000000002,
    2.3296889999999997, 0.686192, 0.624421, 0.69848, 0.493605, 0.535525,
    0.383153, 0.612133, 0.980924, 0.803594, 0.359819, 1.730618, 1.435763,
    2.078462, 0.76122, 2.668728, 0.888616, 0.770126, 1.225239, 0.703127,
    0.789566, 0.792843, 0.7224149999999999, 0.208727, 0.5581860000000001,
    0.793424, 1.000774, 0.38012, 0.906509, 1.0107709999999999, 1.259891,
    1.134439, 1.472163, 1.9825679999999999, 1.5524179999999999,
    2.2994310000000002, 0.696438
  ],
  [
    3.030342, 2.9429879999999997, 3.112753, 4.3208400000000005,
    3.4051370000000003, 3.518076, 3.1857930000000003, 0.0, 3.0649450000000003,
    2.861249, 3.631764, 2.413913, 3.112568, 2.60384, 2.797078, 2.956166,
    3.234966, 4.207778, 3.306416, 3.827544, 3.02846, 3.315288, 3.146194,
    2.780272, 3.723207, 2.999951, 2.8896149999999996, 3.567115,
    4.1126130000000005, 3.3257399999999997, 3.210688, 3.906691, 4.33512,
    2.870926, 2.638761, 2.797719, 4.187118000000001, 2.953174, 4.198315,
    2.922348, 1.15499, 2.500112, 3.448877, 4.406194, 2.887642,
    3.0494980000000003, 4.4060619999999995, 4.253171, 4.358668,
    3.1226570000000002, 2.848342, 3.094149, 4.076109, 2.928778, 2.725271,
    4.445284, 3.813509, 2.204043, 3.056116, 3.950843, 2.439392, 2.816424,
    2.982168, 2.9672449999999997, 2.997195, 2.9601770000000003, 3.339992,
    3.4183850000000002, 3.162009, 3.40345, 3.1815160000000002,
    1.5638219999999998, 3.561388, 3.98523, 3.3610770000000003, 2.608251,
    3.51273, 3.5600639999999997, 4.090936, 2.739198, 2.66947,
    2.6309009999999997, 2.835997, 3.034826, 2.976295, 3.062189, 2.278061,
    3.33696, 3.494836, 3.430628, 3.63205, 3.935745, 3.849761,
    2.6371149999999997, 4.199698000000001, 2.2516480000000003, 2.686688
  ],
  [
    0.268494, 0.39844799999999997, 0.13227699999999998, 2.572056, 1.396174,
    0.470145, 0.363363, 3.0649450000000003, 0.0, 0.40789800000000004, 0.619596,
    0.657069, 0.542547, 0.443474, 0.55969, 0.940391, 0.409736, 1.546295,
    0.487093, 1.007889, 0.299606, 2.141068, 0.08509699999999999, 0.637824,
    0.903552, 0.555434, 0.43626299999999996, 1.664119, 1.2622360000000001,
    1.306535, 0.14574299999999998, 1.217668, 1.5019529999999999, 0.250624,
    0.792698, 0.373868, 1.3674629999999999, 0.111771, 2.3279319999999997,
    0.142597, 1.995504, 0.512655, 0.5213329999999999, 1.58654,
    0.19747800000000001, 0.505887, 1.586406, 2.382788, 2.488285,
    0.5526369999999999, 0.257443, 0.405877, 1.2564549999999999, 0.558217,
    0.772726, 1.625629, 0.993854, 0.873498, 0.512, 1.131188, 1.989919, 0.346423,
    0.285998, 0.360058, 0.22393700000000002, 0.197103, 0.41486700000000004,
    0.439758, 0.624745, 0.570441, 0.74241, 1.6072929999999999, 1.687914,
    1.7691320000000001, 0.528067, 2.328958, 0.71624, 1.078434,
    1.1326379999999998, 0.366995, 0.449797, 0.453073, 0.38264499999999996,
    0.154636, 0.21976300000000001, 0.455001, 0.824947, 0.411834,
    0.7146520000000001, 0.719758, 0.983193, 0.9620639999999999, 1.162832,
    1.642798, 1.380043, 2.287618, 0.371035
  ],
  [
    0.023656, 0.153611, 0.449372, 2.92643, 1.654122, 0.8104199999999999,
    0.7476670000000001, 2.861249, 0.40789800000000004, 0.0, 0.790563, 0.696682,
    0.464421, 0.631562, 0.747778, 1.128479, 0.629632, 1.766191, 0.706989,
    1.0395560000000001, 0.5195019999999999, 2.076474, 0.304993, 0.825913,
    0.935219, 0.477308, 0.202506, 1.8840160000000001, 1.323616, 1.526431,
    0.364449, 1.1395419999999998, 1.7218499999999999, 0.309338,
    0.7281040000000001, 0.584822, 1.3981210000000002, 0.189986, 2.547829,
    0.159161, 1.9309100000000001, 0.700743, 0.64723, 1.6182070000000002,
    0.140445, 0.42776, 1.617065, 2.602684, 2.708181, 0.47451, 0.200409,
    0.32775099999999996, 1.288122, 0.769171, 0.708132, 1.656287, 1.025521,
    0.808904, 0.43387400000000004, 1.162855, 1.925325, 0.37031200000000003,
    0.207872, 0.281931, 0.43489, 0.118976, 0.6347630000000001, 0.577185,
    0.546618, 0.601803, 0.962306, 1.562117, 1.90781, 1.691005, 0.559429,
    2.264364, 0.6604260000000001, 1.298331, 1.3019390000000002, 0.379844,
    0.435344, 0.396775, 0.148888, 0.374533, 0.141637, 0.376875, 0.900119,
    0.63173, 0.642532, 0.641632, 0.905066, 1.133031, 1.084706, 1.578204,
    1.410701, 2.475706, 0.559123
  ],
  [
    0.814219, 0.944174, 0.751873, 2.710063, 1.824781, 0.478277, 0.791971,
    3.631764, 0.619596, 0.790563, 0.0, 1.278383, 0.655235, 1.063069, 1.047539,
    1.384504, 0.832518, 1.701195, 0.850375, 0.388294, 0.732572,
    2.3042420000000003, 0.6791079999999999, 1.125673, 0.28395600000000004,
    0.668122, 0.845198, 2.0869020000000003, 0.64264, 1.729317, 0.473853,
    0.7590560000000001, 1.6334300000000002, 0.820294, 1.084383,
    0.8398730000000001, 0.747867, 0.6814410000000001, 2.47966, 0.712266,
    2.5651729999999997, 1.13225, 0.27467, 0.9669439999999999, 0.764725,
    0.618574, 0.9668110000000001, 2.534516, 2.6400129999999997,
    0.6653239999999999, 0.824689, 0.624937, 0.6368590000000001,
    1.0148220000000001, 1.030739, 1.006033, 0.374258, 1.4431669999999999,
    0.624688, 0.511593, 2.215429, 0.916092, 0.688258, 0.7293999999999999,
    0.8435320000000001, 0.703828, 0.6595679999999999, 0.229719,
    0.5109549999999999, 0.369391, 1.165192, 2.176963, 2.110696, 1.310519,
    0.36244, 2.576206, 0.113616, 1.275024, 0.513042, 0.949943, 1.019467,
    1.022743, 0.952315, 0.609568, 0.6995979999999999, 0.567689, 1.444543,
    0.656535, 0.13151, 0.424683, 0.588515, 0.342468, 0.7042200000000001,
    1.8900460000000001, 0.760447, 2.8395, 0.9906309999999999
  ],
  [
    0.7203390000000001, 0.632985, 0.698543, 2.7394830000000003, 1.505745,
    1.127214, 0.96435, 2.413913, 0.657069, 0.696682, 1.278383, 0.0, 1.081993,
    0.455857, 0.894768, 1.2154090000000002, 1.2529839999999999, 2.392276,
    1.324434, 1.7707249999999999, 1.046479, 2.010677, 0.984427, 0.961408,
    1.666388, 1.068762, 0.8218730000000001, 2.090614, 2.0557939999999997,
    1.659458, 1.0450730000000001, 1.8842780000000001, 2.3479340000000004,
    0.740349, 0.726107, 0.8157369999999999, 2.130299, 0.841626, 2.840229,
    0.823566, 1.326845, 0.619159, 1.379408, 2.349375, 0.7786190000000001,
    1.045333, 2.3492420000000003, 2.895085, 3.000582, 1.0920830000000001,
    0.739319, 1.026408, 2.019291, 0.9892369999999999, 0.706135, 2.388465,
    1.75669, 0.411342, 1.0514469999999998, 1.894024, 1.556076, 0.685846,
    0.914427, 0.899504, 0.790333, 0.851154, 1.3141969999999998, 1.309689,
    1.164191, 1.333981, 1.4407590000000001, 0.944645, 2.1742339999999998,
    2.217527, 1.291607, 1.961176, 1.392604, 1.819308, 2.0361089999999997,
    0.608621, 0.503601, 0.542169, 0.7682559999999999, 1.053967, 0.873815,
    0.994448, 0.41852100000000003, 1.311164, 1.37471, 1.37381, 1.609637,
    1.865536, 1.827349, 1.16983, 2.1428789999999998, 2.0498719999999997,
    0.573252
  ],
  [
    0.312142, 0.346813, 0.640941, 2.9296860000000002, 1.91378, 0.648822,
    0.88097, 3.112568, 0.542547, 0.464421, 0.655235, 1.081993, 0.0, 0.669183,
    0.863066, 1.243767, 0.79123, 1.927789, 0.868587, 1.162479, 0.6811, 1.870365,
    0.46659100000000003, 0.9412010000000001, 1.0581420000000001, 0.248855,
    0.189963, 2.045614, 1.447547, 1.687817, 0.526047, 1.252368,
    1.8834469999999999, 0.443625, 0.522806, 0.7464189999999999, 1.522052,
    0.351584, 2.709426, 0.320758, 1.875199, 0.816031, 0.749226, 1.720203,
    0.302043, 0.298402, 1.740996, 2.764282, 2.869779, 0.010089, 0.362007,
    0.394497, 1.4110440000000002, 0.954163, 0.46916199999999997, 1.780219,
    1.1484429999999999, 0.753193, 0.298347, 1.285778, 1.791588,
    0.44739999999999996, 0.28251600000000004, 0.267594, 0.596488, 0.280574,
    0.796361, 0.738782, 0.532281, 0.703799, 1.123904, 1.4869890000000001,
    2.069407, 1.667992, 0.6614249999999999, 2.130627, 0.784357,
    1.4599280000000001, 1.425871, 0.449361, 0.379633, 0.341065,
    0.24456899999999998, 0.53613, 0.276644, 0.362537, 0.844409,
    0.7933279999999999, 0.766463, 0.765563, 0.977727, 1.27068, 1.195438,
    1.4444670000000002, 1.534632, 2.5909940000000002, 0.674411
  ],
  [
    0.655218, 0.661197, 0.484948, 2.525888, 1.2921500000000001,
    0.9136190000000001, 0.750755, 2.60384, 0.443474, 0.631562, 1.063069,
    0.455857, 0.669183, 0.0, 0.438911, 0.759553, 0.7971280000000001,
    1.9364190000000001, 0.868577, 1.451363, 0.590622, 2.028809, 0.528571,
    0.505551, 1.347026, 0.88083, 0.607823, 1.634757, 1.70571, 1.203602,
    0.589217, 1.604393, 1.892077, 0.338718, 0.680439, 0.35988099999999995,
    1.8109369999999998, 0.441575, 2.384373, 0.472401, 1.528064, 0.240894,
    0.964806, 2.030013, 0.527282, 0.831283, 2.02988, 2.4392289999999996,
    2.544725, 0.8780330000000001, 0.488485, 0.792602, 1.699928, 0.533381,
    0.660467, 2.069103, 1.437327, 0.51149, 0.8373959999999999, 1.574662,
    1.656224, 0.350337, 0.6727219999999999, 0.6854539999999999, 0.334476,
    0.583827, 0.858341, 0.883232, 0.950141, 1.0105439999999999, 0.984902,
    1.145864, 1.718378, 2.1558560000000004, 0.96817, 2.216699,
    1.1252760000000002, 1.363451, 1.5761120000000002, 0.297488, 0.289551,
    0.32811900000000005, 0.5542050000000001, 0.59811, 0.606488, 0.780398,
    0.41703199999999996, 0.855307, 1.107383, 1.1064829999999999,
    1.3699169999999998, 1.405538, 1.549557, 1.269978, 1.8235160000000001,
    2.015857, 0.117395
  ],
  [
    0.771435, 0.8550800000000001, 0.601164, 2.149315, 0.915578, 0.882995,
    0.6137039999999999, 2.797078, 0.55969, 0.747778, 1.047539, 0.894768,
    0.863066, 0.438911, 0.0, 0.38298000000000004, 0.591557, 1.634592,
    0.7315259999999999, 1.442968, 0.45357, 2.222692, 0.529475, 0.080413,
    1.3386300000000002, 1.042196, 0.769189, 1.258184, 1.697314, 0.827029,
    0.705433, 1.7206089999999998, 1.755026, 0.454934, 0.874322, 0.222829,
    1.8025419999999999, 0.5577920000000001, 2.0078, 0.588617,
    1.6742110000000001, 0.384404, 0.9564109999999999, 2.021618, 0.643499,
    0.992648, 2.0214849999999998, 2.062656, 2.1681529999999998,
    1.0393979999999998, 0.604701, 0.908818, 1.691533, 0.175508, 0.85435,
    2.060707, 1.428932, 0.955121, 0.9987619999999999, 1.566267, 2.071543,
    0.46655399999999997, 0.788939, 0.846819, 0.342128, 0.700043, 0.765102,
    0.8748360000000001, 1.111506, 1.066297, 0.60833, 1.375667,
    1.3418050000000001, 2.272073, 1.023923, 2.410582, 1.151319,
    0.9868790000000001, 1.5677159999999999, 0.413705, 0.518725, 0.522002,
    0.7155710000000001, 0.45993599999999996, 0.7227039999999999, 0.941763,
    0.6458229999999999, 0.762069, 1.169213, 1.222699, 1.4861330000000001,
    1.397143, 1.665773, 1.7244220000000001, 1.815121, 1.7882639999999999,
    0.384593
  ],
  [
    1.152136, 1.235781, 0.981865, 1.893821, 0.5560940000000001, 1.088346,
    0.70957, 2.956166, 0.940391, 1.128479, 1.384504, 1.2154090000000002,
    1.243767, 0.759553, 0.38298000000000004, 0.0, 0.651165, 1.378103, 0.761915,
    1.778623, 0.834271, 2.603393, 0.8766240000000001, 0.317044, 1.674285,
    1.4228969999999999, 1.14989, 0.902972, 1.851716, 0.471817, 1.082523,
    2.125356, 1.505731, 0.835635, 1.255023, 0.60353, 1.989039, 0.938493,
    1.652588, 0.9693189999999999, 1.833298, 0.67501, 1.292066, 2.357273, 1.0242,
    1.373349, 2.195097, 1.707444, 1.81294, 1.420099, 0.985403, 1.289519,
    2.027188, 0.509731, 1.235051, 2.171873, 1.764587, 1.335823,
    1.3794629999999999, 1.901921, 2.4522440000000003, 0.847255, 1.16964,
    1.2275209999999999, 0.7228289999999999, 1.0807449999999998, 1.013341,
    1.210491, 1.492208, 1.401952, 0.352127, 1.606268, 0.9865929999999999,
    2.67682, 1.359578, 2.791283, 1.486974, 0.730389, 1.722118, 0.794406,
    0.8994260000000001, 0.9027029999999999, 1.096272, 0.807085, 1.103405,
    1.3224639999999999, 0.924781, 1.010308, 1.504867, 1.6091289999999998,
    1.858249, 1.572144, 2.0705210000000003, 2.105123, 2.150776,
    1.5898610000000002, 0.7052350000000001
  ],
  [
    0.653289, 0.783243, 0.5420130000000001, 2.1033739999999996, 1.085617,
    0.570115, 0.021352, 3.234966, 0.409736, 0.629632, 0.832518,
    1.2529839999999999, 0.79123, 0.7971280000000001, 0.591557, 0.651165, 0.0,
    1.314503, 0.243685, 1.201617, 0.309658, 2.50219, 0.299619, 0.58548, 1.09728,
    0.9152089999999999, 0.797385, 1.353563, 1.3334849999999998,
    0.9959779999999999, 0.505518, 1.54835, 1.270161, 0.611746,
    1.1538199999999998, 0.41222699999999995, 1.56119, 0.47289299999999995,
    1.869435, 0.503719, 2.13417, 0.7374310000000001, 0.7150599999999999,
    1.780267, 0.5586, 0.8656609999999999, 1.6656099999999998, 1.924291,
    2.029788, 0.912411, 0.618564, 0.765652, 1.450182, 0.41604800000000003,
    1.133848, 1.642386, 1.187581, 1.234619, 0.871775, 1.324916,
    2.3510410000000004, 0.707544, 0.645773, 0.719832, 0.514957,
    0.5568780000000001, 0.404505, 0.633485, 1.002277, 0.8249460000000001,
    0.33846699999999996, 1.75197, 1.377357, 2.099814, 0.782572, 2.69008,
    0.909968, 0.748774, 1.203887, 0.7244790000000001, 0.810919, 0.814195,
    0.7437670000000001, 0.23008, 0.579538, 0.814776, 1.022127, 0.401472,
    0.927862, 1.0321230000000001, 1.281243, 1.053913, 1.4935150000000001,
    2.00392, 1.57377, 2.241025, 0.7177899999999999
  ],
  [
    1.7898479999999999, 1.919802, 1.678572, 1.606314, 1.602663,
    1.2808620000000002, 1.335855, 4.207778, 1.546295, 1.766191, 1.701195,
    2.392276, 1.927789, 1.9364190000000001, 1.634592, 1.378103, 1.314503, 0.0,
    1.084454, 1.858727, 1.484401, 3.598167, 1.461198, 1.571269, 1.869194,
    1.930197, 1.9721279999999999, 1.854444, 1.552066, 1.671588,
    1.5928900000000001, 2.344293, 0.173447, 1.786488, 2.328562, 1.587446,
    1.6893889999999998, 1.647635, 1.44198, 1.678461, 3.0872689999999996,
    1.9126500000000002, 1.648502, 2.2360830000000003, 1.7333420000000002,
    1.8806489999999998, 1.6720760000000001, 1.496836, 1.52098,
    1.9273989999999999, 1.793307, 1.77198, 2.083221, 1.569787, 2.292813,
    1.648852, 1.853427, 2.4093620000000002, 1.886763, 1.841225, 3.563578,
    1.882287, 1.807352, 1.876444, 1.6897, 1.7184570000000001, 1.445549,
    1.566927, 1.957935, 1.7583879999999998, 1.117732, 2.860239, 1.715448,
    2.895757, 1.716014, 3.915516, 1.7375239999999998, 0.650072, 1.511249,
    1.899222, 1.9856610000000001, 1.988938, 1.91851, 1.3916590000000002,
    1.741117, 1.829764, 2.197346, 1.4425160000000001, 1.755417, 1.965565,
    2.214686, 1.426639, 2.289457, 3.229356, 1.71889, 2.990168, 1.893009
  ],
  [
    0.730645, 0.8606, 0.61937, 2.038982, 1.1963679999999999, 0.347723,
    0.26503699999999997, 3.306416, 0.487093, 0.706989, 0.850375, 1.324434,
    0.868587, 0.868577, 0.7315259999999999, 0.761915, 0.243685, 1.084454, 0.0,
    1.1528420000000001, 0.410762, 2.6032930000000003, 0.40199599999999996,
    0.8096599999999999, 1.048505, 1.010969, 0.8984880000000001, 1.470253,
    1.111093, 1.106729, 0.607894, 1.548654, 1.0357429999999999,
    0.7128490000000001, 1.254923, 0.508697, 1.248416, 0.573996, 1.805043,
    0.604822, 2.2306399999999997, 0.833901, 0.7153630000000001, 1.731492,
    0.6597029999999999, 0.961422, 1.4432180000000001, 1.8598979999999998,
    1.965395, 1.0081710000000002, 0.719668, 0.8527530000000001,
    1.4014069999999998, 0.606298, 1.2349510000000001, 1.419994, 1.138806,
    1.335723, 0.9675349999999999, 1.276141, 2.4521439999999997, 0.808648,
    0.74815, 0.822209, 0.616328, 0.659254, 0.379816, 0.633788, 1.045135,
    0.825249, 0.449217, 1.84844, 1.4622739999999999, 2.100117, 0.782876,
    2.791183, 0.861193, 0.600406, 0.981495, 0.839998, 0.912022,
    0.9152980000000001, 0.84487, 0.33245600000000003, 0.6819149999999999,
    0.9105359999999999, 1.118597, 0.37678300000000003, 0.879087, 1.032427,
    1.281547, 0.831521, 1.493818, 2.105023, 1.277917, 2.3517759999999996,
    0.81426
  ],
  [
    1.024538, 1.154493, 1.140167, 3.0983560000000003, 2.213075, 0.866571,
    1.1802650000000001, 3.827544, 1.007889, 1.0395560000000001, 0.388294,
    1.7707249999999999, 1.162479, 1.451363, 1.442968, 1.778623, 1.201617,
    1.858727, 1.1528420000000001, 0.0, 1.120866, 2.223895, 1.067401, 1.513967,
    0.120912, 0.889752, 1.0668279999999999, 2.475196, 0.306661,
    2.1176109999999997, 0.862147, 0.671578, 1.7909629999999999, 1.182183,
    1.387634, 1.228167, 0.356288, 1.062832, 2.867954, 1.032006, 2.751769,
    1.5205440000000001, 0.6629640000000001, 0.592622, 1.01329,
    0.8402050000000001, 0.575232, 2.92281, 3.028306, 0.886955, 1.073255,
    0.838313, 0.26253699999999996, 1.403116, 1.284151, 0.614454, 0.016292,
    1.630058, 0.846318, 0.120014, 2.416608, 1.2431569999999998, 0.901635,
    0.9427770000000001, 1.231826, 0.9205800000000001, 1.047862, 0.618013,
    0.712134, 0.786986, 1.5534860000000001, 2.399739, 2.4989899999999996,
    1.193215, 0.7446119999999999, 2.777385, 0.5019100000000001, 1.663318,
    0.507858, 1.25269, 1.2564980000000001, 1.21793, 1.121434,
    0.9978619999999999, 0.917717, 0.835997, 1.721274, 1.044829, 0.519803,
    0.556797, 0.508168, 0.6171760000000001, 0.623873, 2.091225, 0.368868,
    3.227794, 1.378924
  ],
  [
    0.543159, 0.6731130000000001, 0.416663, 2.467069, 1.2911869999999999,
    0.568028, 0.288306, 3.02846, 0.299606, 0.5195019999999999, 0.732572,
    1.046479, 0.6811, 0.590622, 0.45357, 0.834271, 0.309658, 1.484401, 0.410762,
    1.120866, 0.0, 2.192531, 0.227364, 0.689288, 1.045819, 0.663817,
    0.48772699999999997, 1.806386, 1.4045029999999998, 1.435904, 0.28801,
    1.326052, 1.64422, 0.302087, 0.8441620000000001, 0.425331, 1.50973,
    0.16323500000000002, 2.470199, 0.19406, 2.046967, 0.564118, 0.663599,
    1.728807, 0.248942, 0.61427, 1.728673, 2.525055, 2.6305520000000002,
    0.6610199999999999, 0.308906, 0.514261, 1.398722, 0.60968, 0.824189,
    1.767896, 1.1361199999999998, 0.924961, 0.620384, 1.273455, 2.041383,
    0.397886, 0.394382, 0.468441, 0.2754, 0.305486, 0.557134, 0.582025,
    0.733128, 0.712708, 0.884677, 1.658757, 1.830181, 1.877515, 0.670334,
    2.380422, 0.8585069999999999, 1.220701, 1.274905, 0.41845800000000005,
    0.50126, 0.504537, 0.43410899999999997, 0.29690300000000003,
    0.32814699999999997, 0.563385, 0.87641, 0.554101, 0.8290420000000001,
    0.828142, 1.091576, 1.104331, 1.271216, 1.694262, 1.52231, 2.339081,
    0.422498
  ],
  [
    2.009527, 1.862379, 2.1825419999999998, 4.369923, 3.1359899999999996,
    2.329678, 2.4808380000000003, 3.315288, 2.141068, 2.076474,
    2.3042420000000003, 2.010677, 1.870365, 2.028809, 2.222692, 2.603393,
    2.50219, 3.598167, 2.6032930000000003, 2.223895, 2.192531, 0.0, 2.215983,
    2.300826, 2.15715, 1.683346, 1.959403, 3.478597, 2.507168, 3.047442,
    2.183683, 1.7224469999999998, 3.544244, 1.940714, 1.44434, 2.140288,
    2.456168, 2.022962, 4.228212999999999, 1.992137, 2.470161, 2.175656,
    2.215473, 2.0751039999999996, 1.9574310000000001, 1.732893, 2.675112,
    4.283069, 4.388565, 1.806052, 1.9181300000000001, 1.89234, 2.128728,
    2.313788, 1.557837, 2.714334, 2.2068980000000002, 1.746135, 1.73951,
    2.2198939999999996, 1.214328, 1.886212, 2.051956, 2.0370340000000002,
    2.066983, 2.029965, 2.495425, 2.239169, 1.792874, 2.170045, 2.828742,
    2.337561, 3.5622179999999997, 1.445786, 2.127672, 1.18757, 2.135229,
    3.1858090000000003, 2.584887, 1.8089870000000001, 1.739258, 1.70069,
    1.905785, 2.285522, 2.046084, 1.783772, 2.204034, 2.4923919999999997,
    2.117335, 1.858946, 1.762682, 2.533706, 1.806643, 0.9030929999999999,
    2.468748, 3.815484, 2.034037
  ],
  [
    0.32865, 0.458604, 0.21737399999999998, 2.4869589999999997, 1.311077,
    0.5145639999999999, 0.278266, 3.146194, 0.08509699999999999, 0.304993,
    0.6791079999999999, 0.984427, 0.46659100000000003, 0.528571, 0.529475,
    0.8766240000000001, 0.299619, 1.461198, 0.40199599999999996, 1.067401,
    0.227364, 2.215983, 0.0, 0.6076090000000001, 0.899717, 0.6155900000000001,
    0.52136, 1.579022, 1.258401, 1.221438, 0.205899, 1.277824, 1.416856,
    0.335721, 0.877795, 0.312409, 1.363627, 0.196868, 2.242835,
    0.22769399999999998, 2.080601, 0.597752, 0.517497, 1.5827039999999999,
    0.28257499999999997, 0.566043, 1.582571, 2.297691, 2.403188, 0.612793,
    0.34254, 0.46603300000000003, 1.252619, 0.496758, 0.857823,
    1.6217929999999998, 0.9900180000000001, 0.958595, 0.572156, 1.127353,
    2.075017, 0.43151999999999996, 0.346154, 0.420214, 0.309034, 0.257259,
    0.345414, 0.43592200000000003, 0.684901, 0.630597, 0.657313, 1.711809,
    1.602817, 1.829288, 0.5882229999999999, 2.414055, 0.712405, 0.993337,
    1.1288019999999999, 0.452092, 0.534894, 0.5381699999999999, 0.467742,
    0.069539, 0.279919, 0.5151570000000001, 0.910044, 0.342381, 0.730299,
    0.779914, 1.0433489999999999, 0.958229, 1.222989, 1.727895,
    1.3762070000000002, 2.306273, 0.456132
  ],
  [
    0.8495689999999999, 0.9332140000000001, 0.679298, 2.083379, 0.849641,
    0.961129, 0.5641280000000001, 2.780272, 0.637824, 0.825913, 1.125673,
    0.961408, 0.9412010000000001, 0.505551, 0.080413, 0.317044, 0.58548,
    1.571269, 0.8096599999999999, 1.513967, 0.689288, 2.300826,
    0.6076090000000001, 0.0, 1.416765, 1.1203299999999998, 0.8473229999999999,
    1.193505, 1.775449, 0.76235, 0.783567, 1.798744, 1.716704, 0.533068,
    0.952456, 0.300964, 1.880676, 0.635926, 1.943121, 0.6667519999999999,
    1.657405, 0.421008, 1.034545, 2.099752, 0.7216330000000001,
    1.0707829999999998, 2.099619, 1.9979770000000001, 2.103473,
    1.1175329999999999, 0.682836, 0.986952, 1.7696679999999998, 0.185279,
    0.9324840000000001, 2.138842, 1.507066, 1.0332560000000002,
    1.0768959999999999, 1.644401, 2.149677, 0.544688, 0.867073,
    0.9249539999999999, 0.420262, 0.778178, 0.843237, 0.952971,
    1.1896410000000002, 1.1444320000000001, 0.5631, 1.430375, 1.277126,
    2.3502069999999997, 1.102058, 2.4887159999999997, 1.229453, 0.922199,
    1.6458510000000002, 0.491839, 0.5968600000000001, 0.600136, 0.793705,
    0.53807, 0.8008390000000001, 1.019898, 0.682428, 0.840204, 1.247347,
    1.3008330000000001, 1.564268, 1.475277, 1.7439069999999999, 1.802557,
    1.893256, 1.7451400000000001, 0.451233
  ],
  [
    0.9202, 1.050155, 1.03583, 2.9940189999999998, 2.108738, 0.7622340000000001,
    1.0759269999999999, 3.723207, 0.903552, 0.935219, 0.28395600000000004,
    1.666388, 1.0581420000000001, 1.347026, 1.3386300000000002, 1.674285,
    1.09728, 1.869194, 1.048505, 0.120912, 1.045819, 2.15715, 0.899717,
    1.416765, 0.0, 0.785415, 0.962491, 2.370858, 0.40598, 2.013274, 0.757809,
    0.6127279999999999, 1.8037999999999998, 1.077846, 1.2832970000000001,
    1.1238299999999999, 0.48048599999999997, 0.9584940000000001, 2.763616,
    0.927669, 2.6501129999999997, 1.4162070000000002, 0.558626, 0.699562,
    0.908953, 0.7358669999999999, 0.699429, 2.818473, 2.923969, 0.782617,
    0.968917, 0.733976, 0.369477, 1.298778, 1.179813, 0.738651, 0.106876,
    1.525721, 0.741981, 0.244211, 2.312271, 1.13882, 0.797297,
    0.8384389999999999, 1.127489, 0.816243, 0.943525, 0.513676, 0.607797,
    0.682648, 1.4491489999999998, 2.295402, 2.3946520000000002,
    1.1641920000000001, 0.6402749999999999, 2.6730479999999996, 0.397572,
    1.55898, 0.56402, 1.148353, 1.152161, 1.113593, 1.017097, 0.893525,
    0.8133790000000001, 0.731659, 1.6169369999999998, 0.940492, 0.415466,
    0.452459, 0.44218799999999997, 0.512839, 0.557892, 1.986888, 0.493065,
    3.1234569999999997, 1.274587
  ],
  [
    0.325029, 0.240868, 0.653828, 2.942572, 1.926667, 0.660944, 0.893857,
    2.999951, 0.555434, 0.477308, 0.668122, 1.068762, 0.248855, 0.88083,
    1.042196, 1.4228969999999999, 0.9152089999999999, 1.930197, 1.010969,
    0.889752, 0.663817, 1.683346, 0.6155900000000001, 1.1203299999999998,
    0.785415, 0.0, 0.306289, 2.161939, 1.174821, 1.8041420000000001, 0.500337,
    0.968899, 1.843123, 0.5599500000000001, 0.41626100000000005, 0.862745,
    1.249326, 0.46791000000000005, 2.689324, 0.43708400000000003, 1.925398,
    0.932357, 0.5402809999999999, 1.468402, 0.418368, 0.049546999999999994,
    1.468269, 2.7441799999999996, 2.849676, 0.126415, 0.478333, 0.208994,
    1.138318, 1.070488, 0.362617, 1.507492, 0.875716, 0.869518,
    0.08676099999999999, 1.0130510000000001, 1.652923, 0.563726, 0.329501,
    0.383919, 0.712814, 0.34844600000000003, 0.801636, 0.559761,
    0.26176299999999997, 0.49485399999999996, 1.240229, 1.570687,
    2.1857330000000004, 1.482125, 0.45248, 1.991962, 0.554486, 1.484688,
    1.153144, 0.565687, 0.495959, 0.45738999999999996, 0.36089499999999997,
    0.652456, 0.34558300000000003, 0.100426, 0.9607340000000001, 0.798603,
    0.536592, 0.492836, 0.694258, 0.997953, 0.911969, 1.305802, 1.261905,
    2.70732, 0.7907369999999999
  ],
  [
    0.052022, 0.181977, 0.477737, 2.954796, 1.682488, 0.838785, 0.776033,
    2.8896149999999996, 0.43626299999999996, 0.202506, 0.845198,
    0.8218730000000001, 0.189963, 0.607823, 0.769189, 1.14989, 0.797385,
    1.9721279999999999, 0.8984880000000001, 1.0668279999999999,
    0.48772699999999997, 1.959403, 0.52136, 0.8473229999999999, 0.962491,
    0.306289, 0.0, 1.945622, 1.2366579999999998, 1.588038, 0.360165, 1.062405,
    1.783457, 0.370944, 0.689268, 0.6464289999999999, 1.3320889999999999,
    0.251593, 2.609435, 0.220767, 1.9925160000000002, 0.76235,
    0.5592630000000001, 1.551166, 0.20205199999999998, 0.22346000000000002,
    1.5510329999999999, 2.664291, 2.769788, 0.270209, 0.262016, 0.204534,
    1.2210809999999999, 0.8307770000000001, 0.6356240000000001, 1.569329,
    0.937554, 0.87051, 0.229573, 1.0748879999999998, 1.9259300000000001,
    0.431918, 0.092553, 0.077631, 0.496497, 0.109341, 0.69637, 0.54677,
    0.342318, 0.513836, 1.023913, 1.604306, 1.969417, 1.616922, 0.471462,
    2.2649690000000002, 0.594394, 1.359938, 1.235908, 0.44145100000000004,
    0.49695, 0.458382, 0.387219, 0.436139, 0.086681, 0.172574, 0.961726,
    0.693337, 0.5555739999999999, 0.5756, 0.787764, 1.0807170000000001,
    1.0054750000000001, 1.578809, 1.323743, 2.537312, 0.62073
  ],
  [
    1.907672, 2.037627, 1.796397, 0.918498, 0.38908499999999996, 1.796683,
    1.4119680000000001, 3.567115, 1.664119, 1.8840160000000001,
    2.0869020000000003, 2.090614, 2.045614, 1.634757, 1.258184, 0.902972,
    1.353563, 1.854444, 1.470253, 2.475196, 1.806386, 3.478597, 1.579022,
    1.193505, 2.370858, 2.161939, 1.945622, 0.0, 2.554114, 0.436859, 1.784921,
    2.827754, 2.015362, 1.711568, 2.1309560000000003, 1.479463, 2.691437,
    1.722367, 0.775924, 1.753193, 2.444248, 1.550942, 1.994464, 3.05967,
    1.808074, 2.145065, 2.8974949999999997, 0.83078, 0.936276, 2.191815,
    1.868039, 2.045056, 2.729586, 1.369248, 2.1109839999999997,
    2.8742710000000002, 2.466985, 2.211755, 2.151179, 2.604319, 3.328177,
    1.7231880000000002, 1.925177, 1.999236, 1.598762, 1.836281,
    1.7157390000000001, 1.9128889999999998, 2.2816799999999997,
    2.1043499999999997, 1.0545250000000002, 2.482201, 0.138996, 3.379218,
    2.061976, 3.667216, 2.1893719999999997, 1.3508630000000001, 2.424516,
    1.670339, 1.775359, 1.7786359999999999, 1.972205, 1.509483, 1.858942,
    2.0941799999999997, 1.800714, 1.7127059999999998, 2.207265, 2.311527,
    2.560647, 2.274542, 2.772918, 2.981056, 2.853174, 1.612841, 1.581168
  ],
  [
    1.309606, 1.4395609999999999, 1.3945139999999998, 3.075623,
    2.2861689999999997, 0.8962469999999999, 1.354838, 4.1126130000000005,
    1.2622360000000001, 1.323616, 0.64264, 2.0557939999999997, 1.447547,
    1.70571, 1.697314, 1.851716, 1.3334849999999998, 1.552066, 1.111093,
    0.306661, 1.4045029999999998, 2.507168, 1.258401, 1.775449, 0.40598,
    1.174821, 1.2366579999999998, 2.554114, 0.0, 2.258465, 1.116493, 0.940196,
    1.4843009999999999, 1.467252, 1.672702, 1.4825139999999999, 0.154598,
    1.3240809999999998, 2.826205, 1.317075, 3.039519, 1.774891, 0.91731,
    0.684016, 1.2983589999999998, 1.125273, 0.390463, 2.8810610000000003,
    2.986557, 1.1720229999999998, 1.3583230000000002, 1.123382,
    0.5311549999999999, 1.657462, 1.5692190000000001, 0.42968599999999996,
    0.30136, 1.915127, 1.131387, 0.289158, 2.701677, 1.528226, 1.186703,
    1.227845, 1.486173, 1.205649, 1.302209, 0.87236, 0.997203, 1.012032,
    1.600953, 2.684808, 2.614009, 1.4618330000000002, 1.0296800000000002,
    3.0624540000000002, 0.7562559999999999, 1.621568, 0.20119599999999999,
    1.537758, 1.541567, 1.502998, 1.4065029999999998, 1.2522090000000001,
    1.202785, 1.121065, 2.006343, 1.2991759999999999, 0.77415, 0.841865,
    0.792206, 0.316124, 0.899292, 2.3762939999999997, 0.18409899999999998,
    3.482141, 1.633271
  ],
  [
    1.550088, 1.67983, 1.425914, 1.327261, 0.097753, 1.43316, 1.054384,
    3.3257399999999997, 1.306535, 1.526431, 1.729317, 1.659458, 1.687817,
    1.203602, 0.827029, 0.471817, 0.9959779999999999, 1.671588, 1.106729,
    2.1176109999999997, 1.435904, 3.047442, 1.221438, 0.76235, 2.013274,
    1.8041420000000001, 1.588038, 0.436859, 2.258465, 0.0, 1.427337, 2.47017,
    1.713991, 1.279684, 1.699072, 1.047579, 2.333852, 1.3647829999999999,
    1.1857460000000002, 1.395608, 2.202873, 1.119059, 1.636879, 2.702086,
    1.45049, 1.787481, 2.53991, 1.240602, 1.346098, 1.83423, 1.429452, 1.687471,
    2.372001, 0.95378, 1.6790999999999998, 2.516687, 2.1094, 1.7798720000000001,
    1.7935940000000001, 2.246735, 2.896293, 1.291304, 1.567592,
    1.6416520000000001, 1.1668779999999999, 1.478697, 1.358154,
    1.5553050000000002, 1.924096, 1.7467650000000001, 0.696941, 2.050317,
    0.52048, 3.021633, 1.7043920000000001, 3.2353330000000002, 1.831787,
    1.032349, 2.066931, 1.2384549999999999, 1.3434760000000001, 1.346752,
    1.5403209999999998, 1.1518989999999998, 1.501357, 1.736595, 1.36883,
    1.355121, 1.8496810000000001, 1.953943, 2.203063, 1.9169580000000002,
    2.4153339999999996, 2.549172, 2.49559, 1.5571780000000002,
    1.1492840000000002
  ],
  [
    0.388106, 0.51806, 0.27802, 2.692857, 1.516976, 0.32440199999999997,
    0.484165, 3.210688, 0.14574299999999998, 0.364449, 0.473853,
    1.0450730000000001, 0.526047, 0.589217, 0.705433, 1.082523, 0.505518,
    1.5928900000000001, 0.607894, 0.862147, 0.28801, 2.183683, 0.205899,
    0.783567, 0.757809, 0.500337, 0.360165, 1.784921, 1.116493, 1.427337, 0.0,
    1.122276, 1.524361, 0.396367, 0.9384410000000001, 0.519611, 1.22172,
    0.257514, 2.370562, 0.28834, 2.141247, 0.658398, 0.37559, 1.440797,
    0.343221, 0.46933400000000003, 1.440664, 2.425418, 2.530914, 0.516084,
    0.403185, 0.360665, 1.110712, 0.70396, 0.881499, 1.479886, 0.848111,
    1.01924, 0.475448, 0.985445, 2.135662, 0.492165, 0.282514, 0.352545,
    0.369679, 0.280137, 0.33481299999999997, 0.29401499999999997, 0.55614,
    0.42469799999999996, 0.863212, 1.772454, 1.8087149999999999, 1.67374,
    0.382324, 2.474701, 0.5704980000000001, 1.1659249999999999, 0.986895,
    0.512737, 0.59554, 0.598816, 0.5283880000000001, 0.27543799999999996,
    0.273484, 0.418449, 0.97069, 0.33177999999999996, 0.568909, 0.606049,
    0.855169, 0.8163210000000001, 1.067441, 1.788541, 1.2343,
    2.4333609999999997, 0.5167780000000001
  ],
  [
    1.1144269999999998, 1.2443810000000002, 1.3160619999999998, 3.494168,
    2.559809, 1.213305, 1.526998, 3.906691, 1.217668, 1.1395419999999998,
    0.7590560000000001, 1.8842780000000001, 1.252368, 1.604393,
    1.7206089999999998, 2.125356, 1.54835, 2.344293, 1.548654, 0.671578,
    1.326052, 1.7224469999999998, 1.277824, 1.798744, 0.6127279999999999,
    0.968899, 1.062405, 2.827754, 0.940196, 2.47017, 1.122276, 0.0, 2.282339,
    1.282168, 1.4919570000000002, 1.582435, 0.876213, 1.162817, 3.267763,
