[
    [
        0.0,
        1.217695,
        0.774457,
        1.850057,
        1.682713,
        2.413957,
        2.616564,
        2.7560540000000002,
        0.794759,
        3.4309920000000003,
        2.66135,
        2.991275,
        1.60117,
        3.260878,
        2.3688719999999996,
        2.019224,
        1.225655,
        2.29169,
        1.789887,
        2.851376
    ],
    [
        1.217695,
        0.0,
        0.424973,
        0.63648,
        0.658806,
        1.83719,
        2.038497,
        2.193165,
        0.780342,
        2.570717,
        2.0832829999999998,
        2.413208,
        0.8385750000000001,
        2.207103,
        1.4562629999999999,
        1.0816839999999999,
        0.00796,
        1.7066780000000001,
        0.69665,
        2.1892669999999996
    ],
    [
        0.774457,
        0.424973,
        0.0,
        1.06208,
        0.874668,
        2.117478,
        2.3187860000000002,
        2.4734540000000003,
        0.5601349999999999,
        2.885151,
        2.363572,
        2.693497,
        0.9690890000000001,
        2.699973,
        1.8230309999999998,
        1.423317,
        0.43356,
        1.9869659999999998,
        1.157807,
        2.4695549999999997
    ],
    [
        1.850057,
        0.63648,
        1.06208,
        0.0,
        0.39117399999999997,
        2.1234830000000002,
        2.294073,
        2.462497,
        1.2894210000000002,
        1.951417,
        2.33886,
        2.682541,
        0.263841,
        1.622181,
        0.836963,
        0.45976,
        0.607796,
        1.963634,
        0.06017,
        2.173242
    ],
    [
        1.682713,
        0.658806,
        0.874668,
        0.39117399999999997,
        0.0,
        2.514657,
        2.685248,
        2.853672,
        1.252637,
        2.2058180000000003,
        2.7300340000000003,
        3.073715,
        0.142287,
        1.990818,
        1.091364,
        0.7141620000000001,
        0.672226,
        2.354808,
        0.331004,
        2.5644169999999997
    ],
    [
        2.413957,
        1.83719,
        2.117478,
        2.1234830000000002,
        2.514657,
        0.0,
        0.216317,
        0.342097,
        1.822589,
        3.8154310000000002,
        0.26110300000000003,
        0.5909289999999999,
        2.38793,
        3.2301379999999997,
        2.739102,
        2.334992,
        1.862111,
        0.162939,
        2.184259,
        0.46689299999999995
    ],
    [
        2.616564,
        2.038497,
        2.3187860000000002,
        2.294073,
        2.685248,
        0.216317,
        0.0,
        0.180648,
        2.006935,
        3.978013,
        0.044786,
        0.37363799999999997,
        2.55852,
        3.392719,
        2.8653589999999998,
        2.505582,
        2.046457,
        0.33044,
        2.354849,
        0.427224
    ],
    [
        2.7560540000000002,
        2.193165,
        2.4734540000000003,
        2.462497,
        2.853672,
        0.342097,
        0.180648,
        0.0,
        2.161603,
        4.081047,
        0.13586199999999998,
        0.248258,
        2.726944,
        3.495754,
        2.968393,
        2.674006,
        2.201125,
        0.501954,
        2.523273,
        0.573735
    ],
    [
        0.794759,
        0.780342,
        0.5601349999999999,
        1.2894210000000002,
        1.252637,
        1.822589,
        2.006935,
        2.161603,
        0.0,
        3.239854,
        2.051721,
        2.3816460000000004,
        1.404039,
        2.879817,
        2.1254,
        1.750821,
        0.765394,
        1.676546,
        1.3657860000000002,
        2.246998
    ],
    [
        3.4309920000000003,
        2.570717,
        2.885151,
        1.951417,
        2.2058180000000003,
        3.8154310000000002,
        3.978013,
        4.081047,
        3.239854,
        0.0,
        4.024336,
        4.2658130000000005,
        2.088302,
        0.7986409999999999,
        1.1490820000000002,
        1.574011,
        2.55185,
        3.658481,
        1.9010630000000002,
        3.508667
    ],
    [
        2.66135,
        2.0832829999999998,
        2.363572,
        2.33886,
        2.7300340000000003,
        0.26110300000000003,
        0.044786,
        0.13586199999999998,
        2.051721,
        4.024336,
        0.0,
        0.328852,
        2.603306,
        3.437506,
        2.910145,
        2.5503690000000003,
        2.091243,
        0.375226,
        2.3996350000000004,
        0.457108
    ],
    [
        2.991275,
        2.413208,
        2.693497,
        2.682541,
        3.073715,
        0.5909289999999999,
        0.37363799999999997,
        0.248258,
        2.3816460000000004,
        4.2658130000000005,
        0.328852,
        0.0,
        2.932158,
        3.678983,
        3.1516219999999997,
        2.879221,
        2.420095,
        0.704078,
        2.728488,
        0.7569640000000001
    ],
    [
        1.60117,
        0.8385750000000001,
        0.9690890000000001,
        0.263841,
        0.142287,
        2.38793,
        2.55852,
        2.726944,
        1.404039,
        2.088302,
        2.603306,
        2.932158,
        0.0,
        1.8634849999999998,
        0.964031,
        0.5868289999999999,
        0.839697,
        2.227475,
        0.203671,
        2.437083
    ],
    [
        3.260878,
        2.207103,
        2.699973,
        1.622181,
        1.990818,
        3.2301379999999997,
        3.392719,
        3.495754,
        2.879817,
        0.7986409999999999,
        3.437506,
        3.678983,
        1.8634849999999998,
        0.0,
        1.023355,
        1.336835,
        2.178419,
        3.065279,
        1.678774,
        2.915393
    ],
    [
        2.3688719999999996,
        1.4562629999999999,
        1.8230309999999998,
        0.836963,
        1.091364,
        2.739102,
        2.8653589999999998,
        2.968393,
        2.1254,
        1.1490820000000002,
        2.910145,
        3.1516219999999997,
        0.964031,
        1.023355,
        0.0,
        0.443269,
        1.4557390000000001,
        2.545743,
        0.776793,
        2.394476
    ],
    [
        2.019224,
        1.0816839999999999,
        1.423317,
        0.45976,
        0.7141620000000001,
        2.334992,
        2.505582,
        2.674006,
        1.750821,
        1.574011,
        2.5503690000000003,
        2.879221,
        0.5868289999999999,
        1.336835,
        0.443269,
        0.0,
        1.053,
        2.141634,
        0.39959,
        2.221662
    ],
    [
        1.225655,
        0.00796,
        0.43356,
        0.607796,
        0.672226,
        1.862111,
        2.046457,
        2.201125,
        0.765394,
        2.55185,
        2.091243,
        2.420095,
        0.839697,
        2.178419,
        1.4557390000000001,
        1.053,
        0.0,
        1.714637,
        0.68869,
        2.197227
    ],
    [
        2.29169,
        1.7066780000000001,
        1.9869659999999998,
        1.963634,
        2.354808,
        0.162939,
        0.33044,
        0.501954,
        1.676546,
        3.658481,
        0.375226,
        0.704078,
        2.227475,
        3.065279,
        2.545743,
        2.141634,
        1.714637,
        0.0,
        2.024409,
        0.564148
    ],
    [
        1.789887,
        0.69665,
        1.157807,
        0.06017,
        0.331004,
        2.184259,
        2.354849,
        2.523273,
        1.3657860000000002,
        1.9010630000000002,
        2.3996350000000004,
        2.728488,
        0.203671,
        1.678774,
        0.776793,
        0.39959,
        0.68869,
        2.024409,
        0.0,
        2.233412
    ],
    [
        2.851376,
        2.1892669999999996,
        2.4695549999999997,
        2.173242,
        2.5644169999999997,
        0.46689299999999995,
        0.427224,
        0.573735,
        2.246998,
        3.508667,
        0.457108,
        0.7569640000000001,
        2.437083,
        2.915393,
        2.394476,
        2.221662,
        2.197227,
        0.564148,
        2.233412,
        0.0
    ]
]