[
    [
        0.0,
        1.200186,
        2.046198,
        2.108918,
        1.9416120000000001,
        3.97159,
        2.150709,
        1.960011,
        2.683391
    ],
    [
        1.200186,
        0.0,
        2.015841,
        1.939944,
        1.667931,
        3.941233,
        1.9817349999999998,
        1.929655,
        2.475451
    ],
    [
        2.046198,
        2.015841,
        0.0,
        0.06272,
        0.244631,
        2.1896210000000003,
        0.104512,
        0.178043,
        0.637193
    ],
    [
        2.108918,
        1.939944,
        0.06272,
        0.0,
        0.272012,
        2.2472600000000003,
        0.075026,
        0.240763,
        0.6077079999999999
    ],
    [
        1.9416120000000001,
        1.667931,
        0.244631,
        0.272012,
        0.0,
        2.298104,
        0.313803,
        0.286526,
        0.846485
    ],
    [
        3.97159,
        3.941233,
        2.1896210000000003,
        2.2472600000000003,
        2.298104,
        0.0,
        2.294133,
        2.011579,
        2.841423
    ],
    [
        2.150709,
        1.9817349999999998,
        0.104512,
        0.075026,
        0.313803,
        2.294133,
        0.0,
        0.28255399999999997,
        0.532682
    ],
    [
        1.960011,
        1.929655,
        0.178043,
        0.240763,
        0.286526,
        2.011579,
        0.28255399999999997,
        0.0,
        0.815236
    ],
    [
        2.683391,
        2.475451,
        0.637193,
        0.6077079999999999,
        0.846485,
        2.841423,
        0.532682,
        0.815236,
        0.0
    ]
]