[
    [
        0.0,
        0.446523,
        0.09990900000000001,
        0.39804700000000004,
        0.626002,
        2.168741,
        0.156515
    ],
    [
        0.446523,
        0.0,
        0.546432,
        0.26899,
        0.843828,
        2.1255990000000002,
        0.379925
    ],
    [
        0.09990900000000001,
        0.546432,
        0.0,
        0.497955,
        0.5260929999999999,
        2.224499,
        0.212273
    ],
    [
        0.39804700000000004,
        0.26899,
        0.497955,
        0.0,
        1.024048,
        2.04938,
        0.5545610000000001
    ],
    [
        0.626002,
        0.843828,
        0.5260929999999999,
        1.024048,
        0.0,
        1.659038,
        0.519715
    ],
    [
        2.168741,
        2.1255990000000002,
        2.224499,
        2.04938,
        1.659038,
        0.0,
        2.012226
    ],
    [
        0.156515,
        0.379925,
        0.212273,
        0.5545610000000001,
        0.519715,
        2.012226,
        0.0
    ]
]