[
    [
        0.0,
        0.31041199999999997,
        0.352397,
        0.40859500000000004,
        1.722016,
        0.174882,
        0.96784,
        0.852408,
        0.119519,
        0.264363,
        1.3874680000000001,
        0.611267,
        2.7969609999999996,
        0.228192,
        0.32669400000000004,
        0.135359,
        0.26208499999999996,
        0.5474600000000001,
        0.5274800000000001,
        0.5774239999999999
    ],
    [
        0.31041199999999997,
        0.0,
        0.096896,
        0.68738,
        1.444032,
        0.485064,
        0.689856,
        0.637824,
        0.190893,
        0.046049,
        1.109484,
        0.39668400000000004,
        2.8873420000000003,
        0.538374,
        0.5895159999999999,
        0.27836700000000003,
        0.572268,
        0.26947699999999997,
        0.27197899999999997,
        0.856209
    ],
    [
        0.352397,
        0.096896,
        0.0,
        0.719634,
        1.4627999999999999,
        0.550083,
        0.708624,
        0.502705,
        0.23287799999999997,
        0.142945,
        1.128252,
        0.261565,
        2.752222,
        0.6033930000000001,
        0.590151,
        0.250924,
        0.6372859999999999,
        0.217719,
        0.175083,
        0.888463
    ],
    [
        0.40859500000000004,
        0.68738,
        0.719634,
        0.0,
        2.0989839999999997,
        0.359462,
        1.344808,
        1.185758,
        0.496487,
        0.641331,
        1.764436,
        0.9446180000000001,
        2.598375,
        0.430444,
        0.334609,
        0.468709,
        0.413725,
        0.924428,
        0.894716,
        0.285894
    ],
    [
        1.722016,
        1.444032,
        1.4627999999999999,
        2.0989839999999997,
        0.0,
        1.8966679999999998,
        0.909186,
        1.707816,
        1.602497,
        1.457653,
        0.500217,
        1.592044,
        3.983444,
        1.8431469999999999,
        2.001121,
        1.688017,
        1.7243060000000001,
        1.311218,
        1.363705,
        2.170697
    ],
    [
        0.174882,
        0.485064,
        0.550083,
        0.359462,
        1.8966679999999998,
        0.0,
        1.142492,
        1.016207,
        0.294171,
        0.439015,
        1.56212,
        0.7750670000000001,
        2.8660880000000004,
        0.070982,
        0.46825,
        0.29915800000000004,
        0.09951900000000001,
        0.722112,
        0.725165,
        0.5257269999999999
    ],
    [
        0.96784,
        0.689856,
        0.708624,
        1.344808,
        0.909186,
        1.142492,
        0.0,
        0.9025850000000001,
        0.848321,
        0.703477,
        0.40896899999999997,
        0.7810170000000001,
        3.178214,
        1.037917,
        1.246945,
        0.933841,
        1.07181,
        0.505988,
        0.558475,
        1.513637
    ],
    [
        0.852408,
        0.637824,
        0.502705,
        1.185758,
        1.707816,
        1.016207,
        0.9025850000000001,
        0.0,
        0.735583,
        0.651445,
        1.3222129999999999,
        0.28176999999999996,
        2.2741480000000003,
        1.069518,
        0.848681,
        0.7170489999999999,
        1.1034110000000001,
        0.502657,
        0.460021,
        1.357146
    ],
    [
        0.119519,
        0.190893,
        0.23287799999999997,
        0.496487,
        1.602497,
        0.294171,
        0.848321,
        0.735583,
        0.0,
        0.144844,
        1.267948,
        0.49444299999999997,
        2.86889,
        0.347482,
        0.39862400000000003,
        0.104833,
        0.381375,
        0.42794099999999996,
        0.407961,
        0.665316
    ],
    [
        0.264363,
        0.046049,
        0.142945,
        0.641331,
        1.457653,
        0.439015,
        0.703477,
        0.651445,
        0.144844,
        0.0,
        1.123105,
        0.41030500000000003,
        3.013734,
        0.492325,
        0.543467,
        0.230364,
        0.5262190000000001,
        0.283097,
        0.32382299999999997,
        0.81016
    ],
    [
        1.3874680000000001,
        1.109484,
        1.128252,
        1.764436,
        0.500217,
        1.56212,
        0.40896899999999997,
        1.3222129999999999,
        1.267948,
        1.123105,
        0.0,
        1.200645,
        3.597841,
        1.457545,
        1.666572,
        1.353469,
        1.491438,
        0.925616,
        0.978102,
        1.933265
    ],
    [
        0.611267,
        0.39668400000000004,
        0.261565,
        0.9446180000000001,
        1.592044,
        0.7750670000000001,
        0.7810170000000001,
        0.28176999999999996,
        0.49444299999999997,
        0.41030500000000003,
        1.200645,
        0.0,
        2.50951,
        0.8283769999999999,
        0.7011430000000001,
        0.47590899999999997,
        0.86227,
        0.275009,
        0.232373,
        1.1134469999999999
    ],
    [
        2.7969609999999996,
        2.8873420000000003,
        2.752222,
        2.598375,
        3.983444,
        2.8660880000000004,
        3.178214,
        2.2741480000000003,
        2.86889,
        3.013734,
        3.597841,
        2.50951,
        0.0,
        2.9370700000000003,
        2.497325,
        2.781151,
        2.920351,
        2.74871,
        2.706074,
        2.6448020000000003
    ],
    [
        0.228192,
        0.538374,
        0.6033930000000001,
        0.430444,
        1.8431469999999999,
        0.070982,
        1.037917,
        1.069518,
        0.347482,
        0.492325,
        1.457545,
        0.8283769999999999,
        2.9370700000000003,
        0.0,
        0.5215599999999999,
        0.352469,
        0.049311999999999995,
        0.775423,
        0.778476,
        0.596708
    ],
    [
        0.32669400000000004,
        0.5895159999999999,
        0.590151,
        0.334609,
        2.001121,
        0.46825,
        1.246945,
        0.848681,
        0.39862400000000003,
        0.543467,
        1.666572,
        0.7011430000000001,
        2.497325,
        0.5215599999999999,
        0.0,
        0.33922599999999997,
        0.555453,
        0.80787,
        0.7652329999999999,
        0.589383
    ],
    [
        0.135359,
        0.27836700000000003,
        0.250924,
        0.468709,
        1.688017,
        0.29915800000000004,
        0.933841,
        0.7170489999999999,
        0.104833,
        0.230364,
        1.353469,
        0.47590899999999997,
        2.781151,
        0.352469,
        0.33922599999999997,
        0.0,
        0.38636200000000004,
        0.468643,
        0.426007,
        0.637538
    ],
    [
        0.26208499999999996,
        0.572268,
        0.6372859999999999,
        0.413725,
        1.7243060000000001,
        0.09951900000000001,
        1.07181,
        1.1034110000000001,
        0.381375,
        0.5262190000000001,
        1.491438,
        0.86227,
        2.920351,
        0.049311999999999995,
        0.555453,
        0.38636200000000004,
        0.0,
        0.809316,
        0.812369,
        0.582554
    ],
    [
        0.5474600000000001,
        0.26947699999999997,
        0.217719,
        0.924428,
        1.311218,
        0.722112,
        0.505988,
        0.502657,
        0.42794099999999996,
        0.283097,
        0.925616,
        0.275009,
        2.74871,
        0.775423,
        0.80787,
        0.468643,
        0.809316,
        0.0,
        0.079753,
        1.0932570000000001
    ],
    [
        0.5274800000000001,
        0.27197899999999997,
        0.175083,
        0.894716,
        1.363705,
        0.725165,
        0.558475,
        0.460021,
        0.407961,
        0.32382299999999997,
        0.978102,
        0.232373,
        2.706074,
        0.778476,
        0.7652329999999999,
        0.426007,
        0.812369,
        0.079753,
        0.0,
        1.063545
    ],
    [
        0.5774239999999999,
        0.856209,
        0.888463,
        0.285894,
        2.170697,
        0.5257269999999999,
        1.513637,
        1.357146,
        0.665316,
        0.81016,
        1.933265,
        1.1134469999999999,
        2.6448020000000003,
        0.596708,
        0.589383,
        0.637538,
        0.582554,
        1.0932570000000001,
        1.063545,
        0.0
    ]
]