[
    [
        0.0,
        2.510439,
        2.20459,
        2.011172,
        2.3617719999999998,
        2.2322919999999997,
        2.268089,
        2.301281,
        2.16273,
        2.138344,
        2.6610210000000003,
        2.334438,
        2.2612840000000003,
        2.3004499999999997,
        2.235018
    ],
    [
        2.510439,
        0.0,
        0.469159,
        0.499267,
        0.630265,
        0.37469600000000003,
        0.24234999999999998,
        0.221975,
        0.492097,
        0.372095,
        0.624965,
        0.516126,
        0.249155,
        0.34063299999999996,
        0.37197
    ],
    [
        2.20459,
        0.469159,
        0.0,
        0.264372,
        0.161106,
        0.191011,
        0.22680799999999998,
        0.260001,
        0.04733,
        0.1372,
        0.499158,
        0.14812,
        0.22000399999999998,
        0.25917,
        0.193737
    ],
    [
        2.011172,
        0.499267,
        0.264372,
        0.0,
        0.425478,
        0.22112,
        0.25691699999999995,
        0.290109,
        0.287311,
        0.127172,
        0.649849,
        0.31133999999999995,
        0.250113,
        0.289279,
        0.22384600000000002
    ],
    [
        2.3617719999999998,
        0.630265,
        0.161106,
        0.425478,
        0.0,
        0.352117,
        0.387914,
        0.421107,
        0.208436,
        0.29830599999999996,
        0.6019829999999999,
        0.309226,
        0.38111,
        0.420276,
        0.354843
    ],
    [
        2.2322919999999997,
        0.37469600000000003,
        0.191011,
        0.22112,
        0.352117,
        0.0,
        0.18355600000000002,
        0.216748,
        0.21395,
        0.09394799999999999,
        0.42872899999999997,
        0.23797900000000002,
        0.17675200000000002,
        0.06815900000000001,
        0.002726
    ],
    [
        2.268089,
        0.24234999999999998,
        0.22680799999999998,
        0.25691699999999995,
        0.387914,
        0.18355600000000002,
        0.0,
        0.033192,
        0.24974700000000002,
        0.129745,
        0.612285,
        0.273776,
        0.006804,
        0.251715,
        0.186282
    ],
    [
        2.301281,
        0.221975,
        0.260001,
        0.290109,
        0.421107,
        0.216748,
        0.033192,
        0.0,
        0.282939,
        0.162937,
        0.645478,
        0.306968,
        0.039997,
        0.28490699999999997,
        0.219474
    ],
    [
        2.16273,
        0.492097,
        0.04733,
        0.287311,
        0.208436,
        0.21395,
        0.24974700000000002,
        0.282939,
        0.0,
        0.160139,
        0.522097,
        0.171059,
        0.24294300000000002,
        0.282109,
        0.21667599999999998
    ],
    [
        2.138344,
        0.372095,
        0.1372,
        0.127172,
        0.29830599999999996,
        0.09394799999999999,
        0.129745,
        0.162937,
        0.160139,
        0.0,
        0.5226770000000001,
        0.184167,
        0.12294,
        0.162106,
        0.09667400000000001
    ],
    [
        2.6610210000000003,
        0.624965,
        0.499158,
        0.649849,
        0.6019829999999999,
        0.42872899999999997,
        0.612285,
        0.645478,
        0.522097,
        0.5226770000000001,
        0.0,
        0.351038,
        0.605481,
        0.394666,
        0.42600299999999997
    ],
    [
        2.334438,
        0.516126,
        0.14812,
        0.31133999999999995,
        0.309226,
        0.23797900000000002,
        0.273776,
        0.306968,
        0.171059,
        0.184167,
        0.351038,
        0.0,
        0.266971,
        0.259277,
        0.240705
    ],
    [
        2.2612840000000003,
        0.249155,
        0.22000399999999998,
        0.250113,
        0.38111,
        0.17675200000000002,
        0.006804,
        0.039997,
        0.24294300000000002,
        0.12294,
        0.605481,
        0.266971,
        0.0,
        0.24491,
        0.179478
    ],
    [
        2.3004499999999997,
        0.34063299999999996,
        0.25917,
        0.289279,
        0.420276,
        0.06815900000000001,
        0.251715,
        0.28490699999999997,
        0.282109,
        0.162106,
        0.394666,
        0.259277,
        0.24491,
        0.0,
        0.065433
    ],
    [
        2.235018,
        0.37197,
        0.193737,
        0.22384600000000002,
        0.354843,
        0.002726,
        0.186282,
        0.219474,
        0.21667599999999998,
        0.09667400000000001,
        0.42600299999999997,
        0.240705,
        0.179478,
        0.065433,
        0.0
    ]
]