[
  [
    0.0, 1.6127090000000002, 1.071575, 0.612091, 0.312705, 0.230096,
    0.35872000000000004, 0.282559, 0.37505299999999997, 0.4718, 0.043022,
    0.43068900000000004, 0.329259, 0.328595, 0.450971, 1.2552670000000001,
    0.796341, 0.38179700000000005, 1.235233, 0.642207, 0.40379000000000004,
    0.134653, 0.3163, 0.249307, 1.003116, 0.15608000000000002, 1.418639,
    0.18954300000000002, 0.255373, 0.19480699999999998, 0.535098, 0.991009,
    0.419526, 0.395341, 0.492483, 0.478608, 1.027186, 1.148453, 0.532811,
    0.18326599999999998
  ],
  [
    1.6127090000000002, 0.0, 0.683892, 2.192291, 1.679203, 1.801709, 1.673086,
    1.378949, 1.839022, 1.589451, 1.623222, 1.559475, 1.2930979999999999,
    1.284114, 1.643602, 0.419646, 0.943351, 1.6500080000000001, 0.43968,
    2.077937, 1.532576, 1.714853, 1.2964090000000001, 1.6013979999999999,
    0.882878, 1.534636, 1.921243, 1.5351590000000002, 1.523722, 1.495916,
    1.0760319999999999, 0.748986, 1.213762, 1.26433, 1.402265,
    1.3883889999999999, 0.585523, 0.5900019999999999, 1.078319, 1.756699
  ],
  [
    1.071575, 0.683892, 0.0, 1.6515009999999999, 1.049623, 1.155567, 1.026943,
    0.789636, 1.298232, 0.930376, 1.082432, 0.9701620000000001, 0.752309,
    0.743324, 0.984527, 0.267883, 0.27486900000000003, 1.003866,
    0.24784899999999999, 1.537147, 0.9432630000000001, 1.174063, 0.755619,
    1.060608, 0.38119600000000003, 0.993846, 1.429025, 0.9943690000000001,
    0.982933, 0.955126, 0.49691399999999997, 0.080566, 0.672972, 0.725567,
    0.863502, 0.8496269999999999, 0.129737, 0.23341, 0.499202, 1.21591
  ],
  [
    0.612091, 2.192291, 1.6515009999999999, 0.0, 0.6421870000000001, 0.528251,
    0.656875, 0.845476, 0.693422, 0.7622380000000001, 0.552404, 0.993606,
    0.892177, 0.891512, 0.74141, 1.818184, 1.359259, 0.679951, 1.798151,
    0.674861, 0.966707, 0.46077300000000004, 0.879217, 0.835804, 1.585559,
    0.742578, 1.1460219999999999, 0.75246, 0.8543719999999999, 0.781304,
    1.098016, 1.553926, 0.982443, 0.958258, 1.0554000000000001, 1.041525,
    1.590103, 1.7113699999999998, 1.095728, 0.599075
  ],
  [
    0.312705, 1.679203, 1.049623, 0.6421870000000001, 0.0, 0.11393600000000001,
    0.030431, 0.422089, 0.477634, 0.203202, 0.30101, 0.386651, 0.494398,
    0.5446660000000001, 0.18237299999999998, 1.321761, 0.813952, 0.053507,
    1.301728, 0.72394, 0.359752, 0.20937999999999998, 0.556961,
    0.5620109999999999, 0.944231, 0.468785, 1.1500409999999999, 0.358075,
    0.568078, 0.507512, 0.592976, 0.9690570000000001, 0.477403, 0.570129,
    0.667271, 0.653395, 1.09368, 1.2287219999999999, 0.590688, 0.360677
  ],
  [
    0.230096, 1.801709, 1.155567, 0.528251, 0.11393600000000001, 0.0, 0.128624,
    0.45411, 0.36369799999999997, 0.30139499999999997, 0.18707400000000002,
    0.509157, 0.526847, 0.526182, 0.280566, 1.444268, 0.9198959999999999,
    0.1517, 1.424234, 0.610004, 0.482259, 0.095444, 0.513887, 0.479403,
    1.050174, 0.38617700000000005, 1.2482339999999998, 0.268471, 0.485469,
    0.42490300000000003, 0.715482, 1.0750009999999999, 0.5999099999999999,
    0.592928, 0.690071, 0.6761950000000001, 1.216186, 1.34604, 0.713195,
    0.24674100000000002
  ],
  [
    0.35872000000000004, 1.673086, 1.026943, 0.656875, 0.030431, 0.128624, 0.0,
    0.41597199999999995, 0.492322, 0.17277099999999998, 0.315698, 0.380534,
    0.488281, 0.5385489999999999, 0.15194300000000002, 1.315644,
    0.7912720000000001, 0.023077, 1.29561, 0.7386280000000001, 0.353635,
    0.22406700000000002, 0.550844, 0.6080270000000001, 0.921551,
    0.5147999999999999, 1.1196110000000001, 0.385363, 0.614093, 0.553527,
    0.586859, 0.9463769999999999, 0.471286, 0.564012, 0.661154, 0.647278,
    1.087563, 1.222604, 0.5845710000000001, 0.375364
  ],
  [
    0.282559, 1.378949, 0.789636, 0.845476, 0.422089, 0.45411,
    0.41597199999999995, 0.0, 0.653049, 0.455149, 0.288509, 0.32808499999999996,
    0.104685, 0.154952, 0.434321, 1.021508, 0.553965, 0.392895, 1.001474,
    0.9226660000000001, 0.30118599999999995, 0.38014, 0.16724799999999998,
    0.435926, 0.8218540000000001, 0.369163, 1.401989, 0.177558, 0.35825,
    0.330444, 0.292722, 0.7090700000000001, 0.17715, 0.180415,
    0.27755799999999997, 0.263682, 0.7934260000000001, 0.9170280000000001,
    0.290435, 0.461262
  ],
  [
    0.37505299999999997, 1.839022, 1.298232, 0.693422, 0.477634,
    0.36369799999999997, 0.492322, 0.653049, 0.0, 0.6650929999999999, 0.387851,
    0.805742, 0.605176, 0.554909, 0.644265, 1.4815809999999998, 1.189735,
    0.515399, 1.461547, 0.266931, 0.778843, 0.29622000000000004, 0.542613,
    0.481348, 1.413872, 0.413845, 1.593889, 0.564596, 0.3153, 0.375866,
    0.856837, 1.2173230000000002, 0.687203, 0.621655, 0.718797, 0.704921,
    1.2535, 1.374767, 0.854549, 0.29152999999999996
  ],
  [
    0.4718, 1.589451, 0.930376, 0.7622380000000001, 0.203202,
    0.30139499999999997, 0.17277099999999998, 0.455149, 0.6650929999999999, 0.0,
    0.482313, 0.419711, 0.527458, 0.577726, 0.054151000000000005, 1.232009,
    0.694705, 0.149694, 1.2119760000000002, 0.850159, 0.392812, 0.396839,
    0.5900209999999999, 0.721106, 0.8249829999999999, 0.62788, 1.021819,
    0.42454000000000003, 0.727173, 0.666607, 0.6260359999999999, 0.84981,
    0.510463, 0.603189, 0.700331, 0.686455, 1.003928, 1.13897,
    0.6237480000000001, 0.548136
  ],
  [
    0.043022, 1.623222, 1.082432, 0.552404, 0.30101, 0.18707400000000002,
    0.315698, 0.288509, 0.387851, 0.482313, 0.0, 0.441202, 0.33977300000000005,
    0.339108, 0.461484, 1.26578, 0.806855, 0.338775, 1.2457470000000002,
    0.6341570000000001, 0.414303, 0.091631, 0.32681299999999996, 0.292328,
    1.0136290000000001, 0.199102, 1.417265, 0.200056, 0.29839499999999997,
    0.237829, 0.545612, 1.001522, 0.430039, 0.405854, 0.502996, 0.489121,
    1.0376990000000001, 1.158966, 0.5433239999999999, 0.22628800000000002
  ],
  [
    0.43068900000000004, 1.559475, 0.9701620000000001, 0.993606, 0.386651,
    0.509157, 0.380534, 0.32808499999999996, 0.805742, 0.419711, 0.441202, 0.0,
    0.432769, 0.48997, 0.398882, 1.202033, 0.734491, 0.357456, 1.181999,
    1.0728959999999998, 0.026885000000000003, 0.532833, 0.502265, 0.679995,
    0.859971, 0.586769, 1.36655, 0.383428, 0.686061, 0.625495, 0.473248,
    0.889596, 0.357675, 0.4764, 0.6143350000000001, 0.600459, 0.973952,
    1.1089939999999998, 0.47096, 0.613954
  ],
  [
    0.329259, 1.2930979999999999, 0.752309, 0.892177, 0.494398, 0.526847,
    0.488281, 0.104685, 0.605176, 0.527458, 0.33977300000000005, 0.432769, 0.0,
    0.050268, 0.506629, 0.9356570000000001, 0.5354439999999999, 0.465204,
    0.9156230000000001, 0.844091, 0.405871, 0.43140300000000004,
    0.06256300000000001, 0.36755200000000005, 0.803333, 0.30079, 1.474297,
    0.249866, 0.28987599999999997, 0.26206999999999997, 0.27420100000000003,
    0.671399, 0.158629, 0.07573099999999999, 0.172873, 0.15899700000000003,
    0.707576, 0.828843, 0.271913, 0.512525
  ],
  [
    0.328595, 1.284114, 0.743324, 0.891512, 0.5446660000000001, 0.526182,
    0.5385489999999999, 0.154952, 0.554909, 0.577726, 0.339108, 0.48997,
    0.050268, 0.0, 0.5568970000000001, 0.926673, 0.634827, 0.515471, 0.906639,
    0.793823, 0.463071, 0.430739, 0.012295, 0.317284, 0.902715,
    0.25052199999999997, 1.524565, 0.25104499999999996, 0.23960900000000002,
    0.211802, 0.320697, 0.662414, 0.13229400000000002, 0.066746, 0.163889,
    0.150013, 0.698591, 0.819858, 0.31841, 0.472586
  ],
  [
    0.450971, 1.643602, 0.984527, 0.74141, 0.18237299999999998, 0.280566,
    0.15194300000000002, 0.434321, 0.644265, 0.054151000000000005, 0.461484,
    0.398882, 0.506629, 0.5568970000000001, 0.0, 1.286161, 0.748856, 0.128865,
    1.266127, 0.82933, 0.371983, 0.37601, 0.569192, 0.7002780000000001,
    0.879134, 0.607052, 0.967668, 0.403711, 0.7063440000000001,
    0.6457780000000001, 0.6052069999999999, 0.903961, 0.489635, 0.58236,
    0.6795019999999999, 0.665627, 1.058079, 1.193121, 0.602919, 0.527307
  ],
  [
    1.2552670000000001, 0.419646, 0.267883, 1.818184, 1.321761, 1.444268,
    1.315644, 1.021508, 1.4815809999999998, 1.232009, 1.26578, 1.202033,
    0.9356570000000001, 0.926673, 1.286161, 0.0, 0.5859099999999999, 1.292567,
    0.020034, 1.720496, 1.175135, 1.3574110000000001, 0.9389679999999999,
    1.2439570000000002, 0.468748, 1.1771939999999999, 1.503241, 1.177718,
    1.166281, 1.138475, 0.7185900000000001, 0.34582, 0.856321, 0.906888,
    1.044824, 1.0309480000000002, 0.22808099999999998, 0.23256, 0.720878,
    1.3992580000000001
  ],
  [
    0.796341, 0.943351, 0.27486900000000003, 1.359259, 0.813952,
    0.9198959999999999, 0.7912720000000001, 0.553965, 1.189735, 0.694705,
    0.806855, 0.734491, 0.5354439999999999, 0.634827, 0.748856,
    0.5859099999999999, 0.0, 0.7681950000000001, 0.522719, 1.4286500000000002,
    0.707592, 0.898485, 0.647122, 0.952111, 0.267889, 0.8853479999999999,
    1.221318, 0.716948, 0.874435, 0.846629, 0.261243, 0.194303, 0.448983,
    0.6170180000000001, 0.7549539999999999, 0.741078, 0.357828,
    0.49287000000000003, 0.26353, 0.979607
  ],
  [
    0.38179700000000005, 1.6500080000000001, 1.003866, 0.679951, 0.053507,
    0.1517, 0.023077, 0.392895, 0.515399, 0.149694, 0.338775, 0.357456,
    0.465204, 0.515471, 0.128865, 1.292567, 0.7681950000000001, 0.0, 1.272533,
    0.7617039999999999, 0.330558, 0.247144, 0.527766, 0.631103, 0.898473,
    0.5378769999999999, 1.0965340000000001, 0.362285, 0.637169, 0.576603,
    0.563781, 0.9233, 0.448209, 0.5409339999999999, 0.638077, 0.624201,
    1.064485, 1.199527, 0.561494, 0.398441
  ],
  [
    1.235233, 0.43968, 0.24784899999999999, 1.798151, 1.301728, 1.424234,
    1.29561, 1.001474, 1.461547, 1.2119760000000002, 1.2457470000000002,
    1.181999, 0.9156230000000001, 0.906639, 1.266127, 0.020034, 0.522719,
    1.272533, 0.0, 1.700462, 1.1551010000000002, 1.337377, 0.9189339999999999,
    1.223923, 0.448714, 1.1571600000000002, 1.4832070000000002, 1.157684,
    1.146247, 1.118441, 0.698557, 0.325786, 0.836287, 0.8868550000000001,
    1.0247899999999999, 1.010914, 0.208048, 0.212527, 0.700844, 1.379224
  ],
  [
    0.642207, 2.077937, 1.537147, 0.674861, 0.72394, 0.610004,
    0.7386280000000001, 0.9226660000000001, 0.266931, 0.850159,
    0.6341570000000001, 1.0728959999999998, 0.844091, 0.793823, 0.82933,
    1.720496, 1.4286500000000002, 0.7617039999999999, 1.700462, 0.0, 1.04846,
    0.542526, 0.781528, 0.720263, 1.6601780000000002, 0.681339,
    1.5445909999999998, 0.834213, 0.554215, 0.6147809999999999, 1.095751,
    1.4562380000000001, 0.926118, 0.8605689999999999, 0.957712, 0.943836,
    1.492414, 1.6136810000000001, 1.093464, 0.537836
  ],
  [
    0.40379000000000004, 1.532576, 0.9432630000000001, 0.966707, 0.359752,
    0.482259, 0.353635, 0.30118599999999995, 0.778843, 0.392812, 0.414303,
    0.026885000000000003, 0.405871, 0.463071, 0.371983, 1.175135, 0.707592,
    0.330558, 1.1551010000000002, 1.04846, 0.0, 0.505934, 0.475366, 0.653096,
    0.833073, 0.55987, 1.339652, 0.35652999999999996, 0.659163,
    0.5985969999999999, 0.446349, 0.862697, 0.330777, 0.449501,
    0.5874360000000001, 0.573561, 0.947053, 1.082095, 0.444062, 0.587056
  ],
  [
    0.134653, 1.714853, 1.174063, 0.46077300000000004, 0.20937999999999998,
    0.095444, 0.22406700000000002, 0.38014, 0.29622000000000004, 0.396839,
    0.091631, 0.532833, 0.43140300000000004, 0.430739, 0.37601,
    1.3574110000000001, 0.898485, 0.247144, 1.337377, 0.542526, 0.505934, 0.0,
    0.41844400000000004, 0.383959, 1.145618, 0.290733, 1.325634,
    0.29168700000000003, 0.390026, 0.32946, 0.637242, 1.093153, 0.52167,
    0.497485, 0.5946269999999999, 0.5807519999999999, 1.12933, 1.250597,
    0.634955, 0.179263
  ],
  [
    0.3163, 1.2964090000000001, 0.755619, 0.879217, 0.556961, 0.513887,
    0.550844, 0.16724799999999998, 0.542613, 0.5900209999999999,
    0.32681299999999996, 0.502265, 0.06256300000000001, 0.012295, 0.569192,
    0.9389679999999999, 0.647122, 0.527766, 0.9189339999999999, 0.781528,
    0.475366, 0.41844400000000004, 0.0, 0.30498899999999995, 0.915011, 0.238227,
    1.53686, 0.23875, 0.227313, 0.19950700000000002, 0.332993, 0.67471, 0.14459,
    0.079041, 0.176184, 0.16230799999999998, 0.710886, 0.832153,
    0.33070499999999997, 0.460291
  ],
  [
    0.249307, 1.6013979999999999, 1.060608, 0.835804, 0.5620109999999999,
    0.479403, 0.6080270000000001, 0.435926, 0.481348, 0.721106, 0.292328,
    0.679995, 0.36755200000000005, 0.317284, 0.7002780000000001,
    1.2439570000000002, 0.952111, 0.631103, 1.223923, 0.720263, 0.653096,
    0.383959, 0.30498899999999995, 0.0, 0.9010370000000001, 0.259651, 1.520518,
    0.14913900000000002, 0.248738, 0.220932, 0.371905, 0.821899,
    0.25633300000000003, 0.226231, 0.32337299999999997, 0.309498,
    0.8580760000000001, 0.979343, 0.369618, 0.40995499999999996
  ],
  [
    1.003116, 0.882878, 0.38119600000000003, 1.585559, 0.944231, 1.050174,
    0.921551, 0.8218540000000001, 1.413872, 0.8249829999999999,
    1.0136290000000001, 0.859971, 0.803333, 0.902715, 0.879134, 0.468748,
    0.267889, 0.898473, 0.448714, 1.6601780000000002, 0.833073, 1.145618,
    0.915011, 0.9010370000000001, 0.0, 1.153237, 1.0454670000000001, 0.984837,
    1.1423240000000001, 1.1145180000000001, 0.5291319999999999, 0.462192,
    0.716872, 0.884907, 1.022843, 1.008967, 0.427918, 0.432397, 0.531419,
    1.186382
  ],
  [
    0.15608000000000002, 1.534636, 0.993846, 0.742578, 0.468785,
    0.38617700000000005, 0.5147999999999999, 0.369163, 0.413845, 0.62788,
    0.199102, 0.586769, 0.30079, 0.25052199999999997, 0.607052,
    1.1771939999999999, 0.8853479999999999, 0.5378769999999999,
    1.1571600000000002, 0.681339, 0.55987, 0.290733, 0.238227, 0.259651,
    1.153237, 0.0, 1.5747200000000001, 0.24235900000000002, 0.099286, 0.03872,
    0.46512400000000004, 0.9129360000000001, 0.34955200000000003, 0.317268,
    0.41441, 0.40053500000000003, 0.9491130000000001, 1.07038, 0.462837,
    0.22205699999999998
  ],
  [
    1.418639, 1.921243, 1.429025, 1.1460219999999999, 1.1500409999999999,
    1.2482339999999998, 1.1196110000000001, 1.401989, 1.593889, 1.021819,
    1.417265, 1.36655, 1.474297, 1.524565, 0.967668, 1.503241, 1.221318,
    1.0965340000000001, 1.4832070000000002, 1.5445909999999998, 1.339652,
    1.325634, 1.53686, 1.520518, 1.0454670000000001, 1.5747200000000001, 0.0,
    1.371379, 1.6740119999999998, 1.613446, 1.482561, 1.4156220000000002,
    1.457303, 1.550028, 1.64717, 1.6332950000000002, 1.4757470000000001,
    1.480226, 1.4848489999999999, 1.476931
  ],
  [
    0.18954300000000002, 1.5351590000000002, 0.9943690000000001, 0.75246,
    0.358075, 0.268471, 0.385363, 0.177558, 0.564596, 0.42454000000000003,
    0.200056, 0.383428, 0.249866, 0.25104499999999996, 0.403711, 1.177718,
    0.716948, 0.362285, 1.157684, 0.834213, 0.35652999999999996,
    0.29168700000000003, 0.23875, 0.14913900000000002, 0.984837,
    0.24235900000000002, 1.371379, 0.0, 0.34114999999999995, 0.313344, 0.457549,
    0.9134589999999999, 0.341977, 0.317791, 0.414934, 0.40105799999999997,
    0.9496359999999999, 1.070903, 0.455261, 0.372808
  ],
  [
    0.255373, 1.523722, 0.982933, 0.8543719999999999, 0.568078, 0.485469,
    0.614093, 0.35825, 0.3153, 0.727173, 0.29839499999999997, 0.686061,
    0.28987599999999997, 0.23960900000000002, 0.7063440000000001, 1.166281,
    0.874435, 0.637169, 1.146247, 0.554215, 0.659163, 0.390026, 0.227313,
    0.248738, 1.1423240000000001, 0.099286, 1.6740119999999998,
    0.34114999999999995, 0.0, 0.060566, 0.541537, 0.902023, 0.37190300000000004,
    0.30635500000000004, 0.403497, 0.389621, 0.9382, 1.0594670000000002,
    0.539249, 0.321349
  ],
  [
    0.19480699999999998, 1.495916, 0.955126, 0.781304, 0.507512,
    0.42490300000000003, 0.553527, 0.330444, 0.375866, 0.666607, 0.237829,
    0.625495, 0.26206999999999997, 0.211802, 0.6457780000000001, 1.138475,
    0.846629, 0.576603, 1.118441, 0.6147809999999999, 0.5985969999999999,
    0.32946, 0.19950700000000002, 0.220932, 1.1145180000000001, 0.03872,
    1.613446, 0.313344, 0.060566, 0.0, 0.477387, 0.874216, 0.344097, 0.278548,
    0.375691, 0.361815, 0.910393, 1.03166, 0.4751, 0.260784
  ],
  [
    0.535098, 1.0760319999999999, 0.49691399999999997, 1.098016, 0.592976,
    0.715482, 0.586859, 0.292722, 0.856837, 0.6260359999999999, 0.545612,
    0.473248, 0.27420100000000003, 0.320697, 0.6052069999999999,
    0.7185900000000001, 0.261243, 0.563781, 0.698557, 1.095751, 0.446349,
    0.637242, 0.332993, 0.371905, 0.5291319999999999, 0.46512400000000004,
    1.482561, 0.457549, 0.541537, 0.477387, 0.0, 0.416348, 0.18774000000000002,
    0.307127, 0.445063, 0.431187, 0.49050900000000003, 0.6255510000000001,
    0.002287, 0.718364
  ],
  [
    0.991009, 0.748986, 0.080566, 1.553926, 0.9690570000000001,
    1.0750009999999999, 0.9463769999999999, 0.7090700000000001,
    1.2173230000000002, 0.84981, 1.001522, 0.889596, 0.671399, 0.662414,
    0.903961, 0.34582, 0.194303, 0.9233, 0.325786, 1.4562380000000001, 0.862697,
    1.093153, 0.67471, 0.821899, 0.462192, 0.9129360000000001,
    1.4156220000000002, 0.9134589999999999, 0.902023, 0.874216, 0.416348, 0.0,
    0.592063, 0.644657, 0.782593, 0.768717, 0.163463, 0.298505, 0.418636, 1.135
  ],
  [
    0.419526, 1.213762, 0.672972, 0.982443, 0.477403, 0.5999099999999999,
    0.471286, 0.17715, 0.687203, 0.510463, 0.430039, 0.357675, 0.158629,
    0.13229400000000002, 0.489635, 0.856321, 0.448983, 0.448209, 0.836287,
    0.926118, 0.330777, 0.52167, 0.14459, 0.25633300000000003, 0.716872,
    0.34955200000000003, 1.457303, 0.341977, 0.37190300000000004, 0.344097,
    0.18774000000000002, 0.592063, 0.0, 0.11872400000000001,
    0.25665899999999997, 0.242784, 0.628239, 0.751841, 0.185453, 0.602792
  ],
  [
    0.395341, 1.26433, 0.725567, 0.958258, 0.570129, 0.592928, 0.564012,
    0.180415, 0.621655, 0.603189, 0.405854, 0.4764, 0.07573099999999999,
    0.066746, 0.58236, 0.906888, 0.6170180000000001, 0.5409339999999999,
    0.8868550000000001, 0.8605689999999999, 0.449501, 0.497485, 0.079041,
    0.226231, 0.884907, 0.317268, 1.550028, 0.317791, 0.30635500000000004,
    0.278548, 0.307127, 0.644657, 0.11872400000000001, 0.0, 0.137935, 0.12406,
    0.6808339999999999, 0.758509, 0.30484, 0.539332
  ],
  [
    0.492483, 1.402265, 0.863502, 1.0554000000000001, 0.667271, 0.690071,
    0.661154, 0.27755799999999997, 0.718797, 0.700331, 0.502996,
    0.6143350000000001, 0.172873, 0.163889, 0.6795019999999999, 1.044824,
    0.7549539999999999, 0.638077, 1.0247899999999999, 0.957712,
    0.5874360000000001, 0.5946269999999999, 0.176184, 0.32337299999999997,
    1.022843, 0.41441, 1.64717, 0.414934, 0.403497, 0.375691, 0.445063,
    0.782593, 0.25665899999999997, 0.137935, 0.0, 0.013876, 0.818769,
    0.8964439999999999, 0.442775, 0.6364740000000001
  ],
  [
    0.478608, 1.3883889999999999, 0.8496269999999999, 1.041525, 0.653395,
    0.6761950000000001, 0.647278, 0.263682, 0.704921, 0.686455, 0.489121,
    0.600459, 0.15899700000000003, 0.150013, 0.665627, 1.0309480000000002,
    0.741078, 0.624201, 1.010914, 0.943836, 0.573561, 0.5807519999999999,
    0.16230799999999998, 0.309498, 1.008967, 0.40053500000000003,
    1.6332950000000002, 0.40105799999999997, 0.389621, 0.361815, 0.431187,
    0.768717, 0.242784, 0.12406, 0.013876, 0.0, 0.804894, 0.882568, 0.428899,
    0.622598
  ],
  [
    1.027186, 0.585523, 0.129737, 1.590103, 1.09368, 1.216186, 1.087563,
    0.7934260000000001, 1.2535, 1.003928, 1.0376990000000001, 0.973952,
    0.707576, 0.698591, 1.058079, 0.22808099999999998, 0.357828, 1.064485,
    0.208048, 1.492414, 0.947053, 1.12933, 0.710886, 0.8580760000000001,
    0.427918, 0.9491130000000001, 1.4757470000000001, 0.9496359999999999,
    0.9382, 0.910393, 0.49050900000000003, 0.163463, 0.628239,
    0.6808339999999999, 0.818769, 0.804894, 0.0, 0.135042, 0.492796, 1.171177
  ],
  [
    1.148453, 0.5900019999999999, 0.23341, 1.7113699999999998,
    1.2287219999999999, 1.34604, 1.222604, 0.9170280000000001, 1.374767,
    1.13897, 1.158966, 1.1089939999999998, 0.828843, 0.819858, 1.193121,
    0.23256, 0.49287000000000003, 1.199527, 0.212527, 1.6136810000000001,
    1.082095, 1.250597, 0.832153, 0.979343, 0.432397, 1.07038, 1.480226,
    1.070903, 1.0594670000000002, 1.03166, 0.6255510000000001, 0.298505,
    0.751841, 0.758509, 0.8964439999999999, 0.882568, 0.135042, 0.0, 0.627838,
    1.306218
  ],
  [
    0.532811, 1.078319, 0.499202, 1.095728, 0.590688, 0.713195,
    0.5845710000000001, 0.290435, 0.854549, 0.6237480000000001,
    0.5433239999999999, 0.47096, 0.271913, 0.31841, 0.602919, 0.720878, 0.26353,
    0.561494, 0.700844, 1.093464, 0.444062, 0.634955, 0.33070499999999997,
    0.369618, 0.531419, 0.462837, 1.4848489999999999, 0.455261, 0.539249,
    0.4751, 0.002287, 0.418636, 0.185453, 0.30484, 0.442775, 0.428899, 0.492796,
    0.627838, 0.0, 0.716077
  ],
  [
    0.18326599999999998, 1.756699, 1.21591, 0.599075, 0.360677,
    0.24674100000000002, 0.375364, 0.461262, 0.29152999999999996, 0.548136,
    0.22628800000000002, 0.613954, 0.512525, 0.472586, 0.527307,
    1.3992580000000001, 0.979607, 0.398441, 1.379224, 0.537836, 0.587056,
    0.179263, 0.460291, 0.40995499999999996, 1.186382, 0.22205699999999998,
    1.476931, 0.372808, 0.321349, 0.260784, 0.718364, 1.135, 0.602792, 0.539332,
    0.6364740000000001, 0.622598, 1.171177, 1.306218, 0.716077, 0.0
  ]
]
