[
    [
        0.0,
        0.899704,
        0.023153,
        0.16263,
        0.916045,
        0.192165,
        3.216714,
        0.079518,
        0.146398,
        1.570663,
        1.742918,
        0.091296,
        2.720475,
        0.7554529999999999,
        0.871553,
        0.8534579999999999,
        0.789149,
        0.023153,
        1.991103,
        1.288194
    ],
    [
        0.899704,
        0.0,
        0.938504,
        0.463618,
        0.15414,
        0.466371,
        2.960142,
        0.546729,
        0.49647,
        0.7944629999999999,
        0.843215,
        0.534952,
        1.934292,
        0.14425,
        0.221619,
        0.046246,
        0.14163,
        0.938504,
        1.0913989999999998,
        0.557635
    ],
    [
        0.023153,
        0.938504,
        0.0,
        0.13947700000000002,
        0.939198,
        0.169012,
        3.239866,
        0.056366,
        0.12324500000000001,
        1.593815,
        1.766071,
        0.068143,
        2.743628,
        0.778606,
        0.8947050000000001,
        0.876611,
        0.812302,
        0.0,
        2.014255,
        1.311347
    ],
    [
        0.16263,
        0.463618,
        0.13947700000000002,
        0.0,
        0.479959,
        0.029535,
        3.183048,
        0.083111,
        0.032852,
        1.134577,
        1.3068330000000001,
        0.07133400000000001,
        2.284389,
        0.311199,
        0.435467,
        0.417372,
        0.321988,
        0.13947700000000002,
        1.555017,
        0.9450919999999999
    ],
    [
        0.916045,
        0.15414,
        0.939198,
        0.479959,
        0.0,
        0.482712,
        3.114283,
        0.5630700000000001,
        0.512811,
        0.661011,
        0.996183,
        0.551293,
        1.814559,
        0.163129,
        0.089421,
        0.107894,
        0.157971,
        0.957382,
        1.046686,
        0.711776
    ],
    [
        0.192165,
        0.466371,
        0.169012,
        0.029535,
        0.482712,
        0.0,
        3.1858020000000002,
        0.10854699999999999,
        0.062387,
        1.13733,
        1.309586,
        0.09677,
        2.287142,
        0.313952,
        0.43822000000000005,
        0.420125,
        0.324741,
        0.164913,
        1.5577699999999999,
        0.947845
    ],
    [
        3.216714,
        2.960142,
        3.239866,
        3.183048,
        3.114283,
        3.1858020000000002,
        0.0,
        3.389515,
        3.339255,
        2.747268,
        2.355616,
        3.377738,
        3.845463,
        3.052564,
        3.166128,
        2.9907559999999997,
        3.086139,
        3.231389,
        2.676581,
        2.381709
    ],
    [
        0.079518,
        0.546729,
        0.056366,
        0.083111,
        0.5630700000000001,
        0.10854699999999999,
        3.389515,
        0.0,
        0.06688,
        1.217688,
        1.389944,
        0.011777,
        2.3675,
        0.39431,
        0.518578,
        0.500483,
        0.405099,
        0.056366,
        1.638128,
        1.028203
    ],
    [
        0.146398,
        0.49647,
        0.12324500000000001,
        0.032852,
        0.512811,
        0.062387,
        3.339255,
        0.06688,
        0.0,
        1.1674280000000001,
        1.3396839999999999,
        0.055103,
        2.317241,
        0.34405,
        0.46831900000000004,
        0.45022300000000004,
        0.35484,
        0.12324500000000001,
        1.5878679999999998,
        0.977943
    ],
    [
        1.570663,
        0.7944629999999999,
        1.593815,
        1.134577,
        0.661011,
        1.13733,
        2.747268,
        1.217688,
        1.1674280000000001,
        0.0,
        0.48496100000000003,
        1.205911,
        1.496014,
        0.815209,
        0.7377140000000001,
        0.762512,
        0.812589,
        1.6094629999999999,
        0.402263,
        0.8108719999999999
    ],
    [
        1.742918,
        0.843215,
        1.766071,
        1.3068330000000001,
        0.996183,
        1.309586,
        2.355616,
        1.389944,
        1.3396839999999999,
        0.48496100000000003,
        0.0,
        1.37469,
        1.6764590000000001,
        0.983987,
        1.061356,
        0.885984,
        0.981367,
        1.778241,
        0.33902,
        0.839117
    ],
    [
        0.091296,
        0.534952,
        0.068143,
        0.07133400000000001,
        0.551293,
        0.09677,
        3.377738,
        0.011777,
        0.055103,
        1.205911,
        1.37469,
        0.0,
        2.355723,
        0.382533,
        0.506801,
        0.48870600000000003,
        0.393322,
        0.068143,
        1.626351,
        1.016426
    ],
    [
        2.720475,
        1.934292,
        2.743628,
        2.284389,
        1.814559,
        2.287142,
        3.845463,
        2.3675,
        2.317241,
        1.496014,
        1.6764590000000001,
        2.355723,
        0.0,
        1.965021,
        1.887526,
        1.9123240000000001,
        1.962401,
        2.759275,
        1.550157,
        2.098643
    ],
    [
        0.7554529999999999,
        0.14425,
        0.778606,
        0.311199,
        0.163129,
        0.313952,
        3.052564,
        0.39431,
        0.34405,
        0.815209,
        0.983987,
        0.382533,
        1.965021,
        0.0,
        0.11609900000000001,
        0.09800400000000001,
        0.036109999999999996,
        0.7942530000000001,
        1.235649,
        0.684721
    ],
    [
        0.871553,
        0.221619,
        0.8947050000000001,
        0.435467,
        0.089421,
        0.43822000000000005,
        3.166128,
        0.518578,
        0.46831900000000004,
        0.7377140000000001,
        1.061356,
        0.506801,
        1.887526,
        0.11609900000000001,
        0.0,
        0.172209,
        0.113479,
        0.910353,
        1.123527,
        0.7760900000000001
    ],
    [
        0.8534579999999999,
        0.046246,
        0.876611,
        0.417372,
        0.107894,
        0.420125,
        2.9907559999999997,
        0.500483,
        0.45022300000000004,
        0.762512,
        0.885984,
        0.48870600000000003,
        1.9123240000000001,
        0.09800400000000001,
        0.172209,
        0.0,
        0.095384,
        0.892258,
        1.137645,
        0.603881
    ],
    [
        0.789149,
        0.14163,
        0.812302,
        0.321988,
        0.157971,
        0.324741,
        3.086139,
        0.405099,
        0.35484,
        0.812589,
        0.981367,
        0.393322,
        1.962401,
        0.036109999999999996,
        0.113479,
        0.095384,
        0.0,
        0.830364,
        1.233029,
        0.699265
    ],
    [
        0.023153,
        0.938504,
        0.0,
        0.13947700000000002,
        0.957382,
        0.164913,
        3.231389,
        0.056366,
        0.12324500000000001,
        1.6094629999999999,
        1.778241,
        0.068143,
        2.759275,
        0.7942530000000001,
        0.910353,
        0.892258,
        0.830364,
        0.0,
        2.014255,
        1.311347
    ],
    [
        1.991103,
        1.0913989999999998,
        2.014255,
        1.555017,
        1.046686,
        1.5577699999999999,
        2.676581,
        1.638128,
        1.5878679999999998,
        0.402263,
        0.33902,
        1.626351,
        1.550157,
        1.235649,
        1.123527,
        1.137645,
        1.233029,
        2.014255,
        0.0,
        1.091277
    ],
    [
        1.288194,
        0.557635,
        1.311347,
        0.9450919999999999,
        0.711776,
        0.947845,
        2.381709,
        1.028203,
        0.977943,
        0.8108719999999999,
        0.839117,
        1.016426,
        2.098643,
        0.684721,
        0.7760900000000001,
        0.603881,
        0.699265,
        1.311347,
        1.091277,
        0.0
    ]
]