[
    [
        0.0,
        3.1915839999999998,
        4.765645999999999,
        2.667614,
        1.1949,
        2.6496619999999997,
        3.308069,
        2.333328,
        1.6756959999999999,
        2.846819,
        2.8149029999999997,
        2.017912,
        2.231734,
        0.8280660000000001,
        2.38794,
        2.89308,
        1.935486,
        1.882732,
        2.062778,
        3.0148099999999998,
        2.876967,
        3.140018,
        2.618202,
        0.889302,
        1.9672290000000001,
        2.088283,
        1.397318,
        0.45718400000000003,
        2.4382020000000004,
        2.9369810000000003,
        2.6608989999999997,
        3.576942,
        2.521833,
        2.068631,
        2.736304,
        1.326018,
        2.117829,
        2.600896,
        2.827321,
        3.214346,
        3.122875,
        2.514183,
        2.640289,
        4.229103,
        1.95473,
        1.69871,
        2.4306579999999998,
        2.909631,
        1.234815,
        2.405687,
        1.9555,
        5.7330879999999995,
        1.596466,
        4.206451,
        1.017551,
        4.209,
        2.6355999999999997,
        2.734052,
        1.487702,
        2.521215
    ],
    [
        3.1915839999999998,
        0.0,
        3.162322,
        0.52397,
        2.0900659999999998,
        2.881602,
        0.137233,
        2.037313,
        1.6012639999999998,
        3.009487,
        0.564682,
        1.279171,
        1.8646449999999999,
        2.410903,
        1.109109,
        0.962725,
        1.3189259999999998,
        1.353635,
        1.629569,
        2.225384,
        0.678453,
        1.690551,
        1.03826,
        2.311042,
        2.582394,
        2.55593,
        2.1529499999999997,
        2.821812,
        1.108959,
        2.4943359999999997,
        0.5689249999999999,
        1.275276,
        2.074331,
        1.505031,
        2.804889,
        1.972511,
        1.250736,
        0.9871570000000001,
        0.735702,
        1.874832,
        1.63472,
        0.934241,
        1.414615,
        2.0566619999999998,
        1.332619,
        2.262276,
        1.4000920000000001,
        1.736107,
        2.009905,
        1.474643,
        1.420419,
        2.5685279999999997,
        1.845915,
        3.224148,
        2.395489,
        3.937446,
        1.815034,
        0.777109,
        1.822491,
        1.53483
    ],
    [
        4.765645999999999,
        3.162322,
        0.0,
        3.500292,
        4.966035,
        3.169438,
        3.0119119999999997,
        2.778424,
        4.477232,
        3.2247049999999997,
        3.5154319999999997,
        4.1377939999999995,
        2.721475,
        5.286872000000001,
        3.742487,
        3.898285,
        4.194894000000001,
        4.212257999999999,
        4.274504,
        7.4690330000000005,
        3.5906550000000004,
        5.3259620000000005,
        3.546125,
        5.18701,
        5.227825,
        5.50668,
        4.103133,
        5.69778,
        3.692225,
        7.57106,
        3.545247,
        5.066439,
        2.398986,
        4.217942,
        2.993303,
        4.8484799999999995,
        2.7214,
        2.200239,
        3.2993319999999997,
        5.441515000000001,
        5.267819,
        3.517506,
        4.365365,
        0.6361079999999999,
        4.191241,
        4.907707,
        3.980065,
        2.096321,
        4.885872999999999,
        4.054616,
        4.305897,
        2.551672,
        3.441288,
        0.983811,
        5.271457000000001,
        1.794029,
        4.765784,
        3.727859,
        4.69721,
        4.114803
    ],
    [
        2.667614,
        0.52397,
        3.500292,
        0.0,
        1.566097,
        2.357632,
        0.640455,
        1.513344,
        1.0772940000000002,
        2.4855169999999998,
        1.0493620000000001,
        0.755202,
        1.340676,
        1.886933,
        0.585139,
        1.446636,
        0.794956,
        0.829666,
        1.105104,
        2.411393,
        1.163133,
        2.174462,
        0.5142899999999999,
        1.787072,
        2.058425,
        2.447474,
        1.980743,
        2.297842,
        0.584989,
        2.680344,
        0.044954999999999995,
        1.7591880000000002,
        1.550361,
        0.981062,
        2.280919,
        1.448542,
        0.7267659999999999,
        0.463188,
        0.342477,
        2.358744,
        2.1186309999999997,
        0.410271,
        1.587396,
        1.669012,
        0.808649,
        1.738307,
        0.876122,
        1.212137,
        1.485935,
        0.950674,
        0.8964489999999999,
        3.0654749999999997,
        1.321945,
        2.810462,
        1.871519,
        3.5237600000000002,
        2.0010429999999997,
        1.261789,
        1.298521,
        1.01086
    ],
    [
        1.1949,
        2.0900659999999998,
        4.966035,
        1.566097,
        0.0,
        2.1247689999999997,
        2.206886,
        1.481249,
        0.613537,
        2.2526550000000003,
        1.93114,
        0.916729,
        1.379655,
        0.44568,
        1.286756,
        2.231471,
        0.834302,
        0.7815489999999999,
        1.210699,
        2.802677,
        1.993204,
        2.86629,
        1.517019,
        0.314692,
        1.528973,
        2.199706,
        1.385941,
        0.825462,
        1.337018,
        3.008766,
        1.5597159999999999,
        2.9153339999999996,
        1.669754,
        1.094743,
        2.123157,
        0.240533,
        1.016646,
        1.499713,
        1.726138,
        3.0764549999999997,
        2.849147,
        1.413,
        1.97868,
        3.21262,
        0.921855,
        1.2109459999999999,
        1.5075150000000002,
        2.0575520000000003,
        0.133632,
        1.460597,
        1.032414,
        4.631906,
        0.755272,
        3.3543719999999997,
        0.528889,
        3.356921,
        2.3923270000000003,
        1.850289,
        0.465486,
        1.647885
    ],
    [
        2.6496619999999997,
        2.881602,
        3.169438,
        2.357632,
        2.1247689999999997,
        0.0,
        3.005043,
        0.8782770000000001,
        2.168865,
        0.41267200000000004,
        3.2351680000000003,
        2.001299,
        1.083917,
        2.1869720000000004,
        1.839359,
        3.7066120000000002,
        2.289929,
        2.092749,
        1.355684,
        4.680796,
        3.335268,
        4.538484,
        2.1404520000000002,
        2.381636,
        0.9312229999999999,
        4.155439,
        3.347439,
        2.298369,
        1.889621,
        4.949748,
        2.3573069999999996,
        4.123209,
        0.949443,
        1.705774,
        0.27402699999999997,
        1.9719790000000001,
        2.1084,
        2.135822,
        2.355546,
        4.722766,
        4.482653,
        2.039092,
        3.856799,
        2.9293069999999997,
        1.9562929999999998,
        0.955754,
        1.548419,
        1.825858,
        2.178904,
        1.5234480000000001,
        2.723082,
        4.705387,
        2.685593,
        2.5107220000000003,
        1.7895750000000001,
        2.520779,
        4.270447,
        3.4053910000000003,
        1.678047,
        1.4997960000000001
    ],
    [
        3.308069,
        0.137233,
        3.0119119999999997,
        0.640455,
        2.206886,
        3.005043,
        0.0,
        2.152468,
        1.7164190000000001,
        3.124641,
        0.529599,
        1.394326,
        1.9798,
        2.5260569999999998,
        1.2242639999999998,
        0.924837,
        1.43408,
        1.46879,
        1.744229,
        2.1903,
        0.64337,
        1.652663,
        1.153414,
        2.426196,
        2.697549,
        2.520734,
        2.110044,
        2.936967,
        1.224114,
        2.4592519999999998,
        0.684079,
        1.237388,
        2.1894850000000003,
        1.620186,
        2.920044,
        2.087666,
        1.36589,
        1.102312,
        0.850857,
        1.836944,
        1.596832,
        1.049395,
        1.379532,
        1.906252,
        1.447773,
        2.377431,
        1.515246,
        1.851261,
        2.1250590000000003,
        1.589798,
        1.535573,
        2.4566410000000003,
        1.697997,
        3.0737379999999996,
        2.510643,
        3.787036,
        1.7799500000000001,
        0.742026,
        1.937645,
        1.649984
    ],
    [
        2.333328,
        2.037313,
        2.778424,
        1.513344,
        1.481249,
        0.8782770000000001,
        2.152468,
        0.0,
        1.4106130000000001,
        1.000874,
        2.413916,
        1.180047,
        0.20596899999999999,
        1.626079,
        1.0181069999999999,
        2.88536,
        1.468677,
        1.271497,
        0.6210610000000001,
        3.859544,
        2.5140160000000003,
        3.717232,
        1.301862,
        1.7359090000000001,
        1.1748409999999998,
        3.334187,
        2.5261869999999997,
        1.939811,
        1.068369,
        4.128496,
        1.5360550000000002,
        3.301958,
        0.39111399999999996,
        0.934548,
        0.767905,
        1.329645,
        1.287147,
        1.284556,
        1.534294,
        3.901513,
        3.6614009999999997,
        1.225725,
        3.035547,
        2.2659409999999998,
        1.1935499999999999,
        0.840298,
        0.703795,
        0.945551,
        1.5365689999999999,
        0.6699660000000001,
        1.901829,
        4.043571,
        1.8643409999999998,
        2.137339,
        1.48501,
        2.1398870000000003,
        3.449194,
        2.584139,
        1.035712,
        0.619488
    ],
    [
        1.6756959999999999,
        1.6012639999999998,
        4.477232,
        1.0772940000000002,
        0.613537,
        2.168865,
        1.7164190000000001,
        1.4106130000000001,
        0.0,
        2.29675,
        1.559938,
        0.332844,
        1.230731,
        0.879933,
        0.822473,
        2.028825,
        0.389141,
        0.213211,
        0.910442,
        2.600031,
        1.660038,
        2.663645,
        1.0527360000000001,
        0.794294,
        1.778945,
        2.1117440000000003,
        1.297979,
        1.305064,
        0.872735,
        2.868983,
        1.100104,
        2.471194,
        1.45661,
        0.547147,
        2.170974,
        0.43500700000000003,
        0.552363,
        1.03543,
        1.266526,
        2.873809,
        2.646501,
        0.948717,
        1.7760340000000001,
        2.753008,
        0.319048,
        1.374625,
        1.002198,
        1.625922,
        0.494408,
        0.966463,
        0.691569,
        4.172294,
        0.601523,
        3.1412289999999996,
        0.864519,
        3.1437779999999997,
        2.189682,
        1.550306,
        0.6519579999999999,
        1.098284
    ],
    [
        2.846819,
        3.009487,
        3.2247049999999997,
        2.4855169999999998,
        2.2526550000000003,
        0.41267200000000004,
        3.124641,
        1.000874,
        2.29675,
        0.0,
        3.361025,
        2.1794000000000002,
        1.2053209999999999,
        2.38384,
        1.9652159999999999,
        3.832469,
        2.46803,
        2.27085,
        1.481541,
        4.858897,
        3.461125,
        4.664341,
        2.200822,
        2.504101,
        1.125051,
        4.33354,
        3.525539,
        2.496013,
        2.015478,
        5.127849,
        2.483165,
        4.249067,
        1.0402339999999999,
        1.8316320000000001,
        0.258606,
        2.097837,
        2.2865,
        2.183516,
        2.481404,
        4.848623,
        4.60851,
        2.164949,
        4.0349,
        3.0200970000000003,
        2.08215,
        1.150359,
        1.705508,
        1.8371410000000001,
        2.304761,
        1.6716790000000001,
        2.901182,
        4.796178,
        2.8636939999999997,
        2.5486709999999997,
        1.989839,
        2.4022289999999997,
        4.448547,
        3.531249,
        1.803904,
        1.6212010000000001
    ],
    [
        2.8149029999999997,
        0.564682,
        3.5154319999999997,
        1.0493620000000001,
        1.93114,
        3.2351680000000003,
        0.529599,
        2.413916,
        1.559938,
        3.361025,
        0.0,
        1.3800109999999999,
        2.211822,
        2.0827269999999998,
        1.456285,
        0.49456700000000003,
        1.248075,
        1.456804,
        1.97625,
        1.759645,
        0.123224,
        1.2277580000000001,
        1.385436,
        1.935213,
        2.930065,
        2.091733,
        1.7283130000000002,
        2.4459839999999997,
        1.456135,
        2.0670059999999997,
        1.0763230000000001,
        0.878633,
        2.421507,
        1.645772,
        3.152065,
        1.901661,
        1.406781,
        1.334333,
        1.2136230000000001,
        1.41204,
        1.171927,
        1.2814169999999998,
        0.859386,
        2.409773,
        1.4334580000000001,
        2.609947,
        1.747268,
        2.0832829999999998,
        1.839349,
        1.82182,
        0.940106,
        2.8891750000000003,
        1.27979,
        3.577259,
        2.3246379999999998,
        4.290557,
        1.349655,
        0.22188,
        1.923331,
        1.882006
    ],
    [
        2.017912,
        1.279171,
        4.1377939999999995,
        0.755202,
        0.916729,
        2.001299,
        1.394326,
        1.180047,
        0.332844,
        2.1794000000000002,
        1.3800109999999999,
        0.0,
        0.977467,
        1.215209,
        0.517714,
        1.8514549999999999,
        0.325495,
        0.11963299999999999,
        0.741896,
        2.716362,
        1.4801110000000002,
        2.779976,
        0.747977,
        1.146708,
        1.659568,
        2.19009,
        1.376326,
        1.657478,
        0.567976,
        2.985314,
        0.748487,
        2.291267,
        1.203347,
        0.30247199999999996,
        1.917711,
        0.683466,
        0.24760400000000002,
        0.7306710000000001,
        0.914909,
        2.99014,
        2.762833,
        0.6439579999999999,
        1.892365,
        2.4013910000000003,
        0.053447,
        1.255249,
        0.688447,
        1.360271,
        0.8455710000000001,
        0.700813,
        0.758648,
        3.8206759999999997,
        0.71448,
        2.8879650000000003,
        1.1997950000000002,
        2.8905149999999997,
        2.306013,
        1.535967,
        0.539122,
        0.8326330000000001
    ],
    [
        2.231734,
        1.8646449999999999,
        2.721475,
        1.340676,
        1.379655,
        1.083917,
        1.9798,
        0.20596899999999999,
        1.230731,
        1.2053209999999999,
        2.211822,
        0.977467,
        0.0,
        1.5244849999999999,
        0.8454389999999999,
        2.712692,
        1.2966769999999999,
        1.098829,
        0.511725,
        3.6868760000000003,
        2.341348,
        3.544564,
        1.1465319999999999,
        1.634315,
        1.250452,
        3.1615189999999997,
        2.353519,
        1.838217,
        0.895701,
        3.955828,
        1.363387,
        3.12929,
        0.33317899999999995,
        0.76188,
        0.973545,
        1.228051,
        1.1151469999999999,
        1.129226,
        1.361626,
        3.728846,
        3.4887330000000003,
        1.045172,
        2.862879,
        2.1782199999999996,
        1.0208819999999998,
        0.915909,
        0.535592,
        0.8578300000000001,
        1.434975,
        0.510621,
        1.729162,
        3.960025,
        1.685909,
        2.0195540000000003,
        1.383417,
        2.022103,
        3.276527,
        2.4114720000000003,
        0.934119,
        0.47813799999999995
    ],
    [
        0.8280660000000001,
        2.410903,
        5.286872000000001,
        1.886933,
        0.44568,
        2.1869720000000004,
        2.5260569999999998,
        1.626079,
        0.879933,
        2.38384,
        2.0827269999999998,
        1.215209,
        1.5244849999999999,
        0.0,
        1.610751,
        2.3825390000000004,
        1.172345,
        1.1036489999999999,
        1.355529,
        2.953745,
        2.144272,
        3.017359,
        1.841013,
        0.26052800000000004,
        1.561198,
        2.3631439999999997,
        1.537009,
        0.43455,
        1.6610129999999999,
        3.222697,
        1.88371,
        3.066402,
        1.814584,
        1.3550740000000001,
        2.257715,
        0.500864,
        1.34064,
        1.8237070000000002,
        2.050132,
        3.227523,
        3.0002150000000003,
        1.736994,
        2.129748,
        3.536614,
        1.196171,
        1.243171,
        1.7234090000000002,
        2.202382,
        0.458995,
        1.6984380000000001,
        1.2228050000000001,
        4.9558990000000005,
        0.90634,
        3.4992020000000004,
        0.397396,
        3.501751,
        2.543396,
        2.0013579999999997,
        0.725817,
        1.813966
    ],
    [
        2.38794,
        1.109109,
        3.742487,
        0.585139,
        1.286756,
        1.839359,
        1.2242639999999998,
        1.0181069999999999,
        0.822473,
        1.9652159999999999,
        1.456285,
        0.517714,
        0.8454389999999999,
        1.610751,
        0.0,
        1.927729,
        0.694449,
        0.628232,
        0.580441,
        2.833534,
        1.556385,
        2.7596019999999997,
        0.301093,
        1.547948,
        1.533761,
        2.604203,
        1.7904380000000002,
        2.058718,
        0.050262,
        3.102486,
        0.5784239999999999,
        2.3443270000000003,
        1.025698,
        0.5243730000000001,
        1.756256,
        1.2049210000000001,
        0.432577,
        0.28378699999999996,
        0.576664,
        2.943883,
        2.703771,
        0.224956,
        2.009538,
        1.997153,
        0.6072150000000001,
        1.213643,
        0.351459,
        0.8888550000000001,
        1.246811,
        0.42601100000000003,
        1.165847,
        3.575915,
        1.1285930000000002,
        2.181383,
        1.6278979999999998,
        2.648187,
        2.423185,
        1.626509,
        1.113184,
        0.486197
    ],
    [
        2.89308,
        0.962725,
        3.898285,
        1.446636,
        2.231471,
        3.7066120000000002,
        0.924837,
        2.88536,
        2.028825,
        3.832469,
        0.49456700000000003,
        1.8514549999999999,
        2.712692,
        2.3825390000000004,
        1.927729,
        0.0,
        1.8880050000000002,
        1.951552,
        2.485266,
        1.26723,
        0.37898200000000004,
        0.776892,
        1.894452,
        2.187354,
        3.439082,
        1.7361030000000002,
        1.603734,
        2.540471,
        1.965151,
        1.5745909999999999,
        1.557127,
        0.567272,
        2.930523,
        2.14052,
        3.661082,
        2.273161,
        1.901529,
        1.8433499999999998,
        1.7226389999999998,
        0.9083640000000001,
        0.6682509999999999,
        1.790433,
        0.588998,
        2.804713,
        1.928207,
        3.1189630000000004,
        2.256284,
        2.592299,
        2.09149,
        2.3308359999999997,
        1.405195,
        2.8011060000000003,
        1.464884,
        3.664041,
        2.607041,
        4.685496,
        0.85724,
        0.35318099999999997,
        2.418079,
        2.391022
    ],
    [
        1.935486,
        1.3189259999999998,
        4.194894000000001,
        0.794956,
        0.834302,
        2.289929,
        1.43408,
        1.468677,
        0.389141,
        2.46803,
        1.248075,
        0.325495,
        1.2966769999999999,
        1.172345,
        0.694449,
        1.8880050000000002,
        0.0,
        0.40228800000000003,
        1.031174,
        2.447451,
        1.348175,
        2.5110639999999997,
        0.8428479999999999,
        1.057618,
        1.984495,
        2.046652,
        1.2328869999999998,
        1.568388,
        0.708659,
        2.7164029999999997,
        0.788241,
        2.1593299999999997,
        1.492131,
        0.591256,
        2.206495,
        0.7307319999999999,
        0.385425,
        0.825542,
        0.954663,
        2.7212289999999997,
        2.493921,
        0.738829,
        1.623454,
        2.441145,
        0.378943,
        1.577752,
        0.977231,
        1.4867750000000002,
        0.756481,
        0.989596,
        0.482811,
        3.86043,
        0.571041,
        2.817351,
        1.155701,
        3.1792979999999997,
        2.0371010000000003,
        1.40403,
        0.8650650000000001,
        1.1214169999999999
    ],
    [
        1.882732,
        1.353635,
        4.212257999999999,
        0.829666,
        0.7815489999999999,
        2.092749,
        1.46879,
        1.271497,
        0.213211,
        2.27085,
        1.456804,
        0.11963299999999999,
        1.098829,
        1.1036489999999999,
        0.628232,
        1.951552,
        0.40228800000000003,
        0.0,
        0.833841,
        2.794094,
        1.557844,
        2.857708,
        0.822441,
        0.997053,
        1.7261110000000002,
        2.2613890000000003,
        1.447624,
        1.5078230000000001,
        0.642441,
        3.063046,
        0.822951,
        2.3689989999999996,
        1.294797,
        0.39392200000000005,
        2.009161,
        0.5638329999999999,
        0.32206799999999997,
        0.805135,
        0.9893730000000001,
        3.067873,
        2.8405650000000002,
        0.718422,
        1.970098,
        2.475855,
        0.12883799999999998,
        1.3217919999999999,
        0.7798970000000001,
        1.451721,
        0.697167,
        0.792263,
        0.83638,
        3.895141,
        0.785779,
        2.979416,
        1.080162,
        2.981965,
        2.383745,
        1.613699,
        0.598245,
        0.924083
    ],
    [
        2.062778,
        1.629569,
        4.274504,
        1.105104,
        1.210699,
        1.355684,
        1.744229,
        0.6210610000000001,
        0.910442,
        1.481541,
        1.97625,
        0.741896,
        0.511725,
        1.355529,
        0.580441,
        2.485266,
        1.031174,
        0.833841,
        0.0,
        3.422373,
        2.077242,
        3.2800610000000003,
        0.882029,
        1.4653589999999999,
        1.050581,
        2.8970160000000003,
        2.089016,
        1.6692609999999999,
        0.6311979999999999,
        3.691325,
        1.098884,
        2.8647869999999998,
        0.7358490000000001,
        0.447351,
        1.354072,
        1.0590950000000001,
        0.849977,
        0.8647229999999999,
        1.097123,
        3.464343,
        3.22423,
        0.780668,
        2.598376,
        2.347038,
        0.69787,
        0.730463,
        0.465141,
        1.027566,
        1.266019,
        0.44017,
        1.4646579999999998,
        4.124668,
        1.421406,
        2.4222240000000004,
        1.214461,
        2.424772,
        3.012023,
        2.146969,
        0.765163,
        0.571991
    ],
    [
        3.0148099999999998,
        2.225384,
        7.4690330000000005,
        2.411393,
        2.802677,
        4.680796,
        2.1903,
        3.859544,
        2.600031,
        4.858897,
        1.759645,
        2.716362,
        3.6868760000000003,
        2.953745,
        2.833534,
        1.26723,
        2.447451,
        2.794094,
        3.422373,
        0.0,
        1.661521,
        0.8219890000000001,
        2.8901239999999997,
        2.75856,
        4.373962000000001,
        1.3236649999999999,
        1.769285,
        3.262686,
        3.000653,
        0.43384300000000003,
        2.404678,
        1.4728569999999999,
        3.881598,
        2.980723,
        4.5986,
        2.844367,
        2.7634630000000002,
        2.732456,
        2.590872,
        0.6593819999999999,
        0.911451,
        2.786105,
        1.074016,
        6.379335,
        2.771048,
        3.969857,
        3.241374,
        3.481405,
        2.6626950000000003,
        3.379374,
        1.9764000000000002,
        3.734424,
        2.0360899999999997,
        7.546822,
        3.178246,
        8.260119000000001,
        0.452875,
        1.5543289999999998,
        3.26092,
        3.376112
    ],
    [
        2.876967,
        0.678453,
        3.5906550000000004,
        1.163133,
        1.993204,
        3.335268,
        0.64337,
        2.5140160000000003,
        1.660038,
        3.461125,
        0.123224,
        1.4801110000000002,
        2.341348,
        2.144272,
        1.556385,
        0.37898200000000004,
        1.348175,
        1.557844,
        2.077242,
        1.661521,
        0.0,
        1.104535,
        1.485536,
        1.997278,
        3.0301660000000004,
        2.044854,
        1.772299,
        2.5080479999999996,
        1.5562349999999998,
        1.965184,
        1.199546,
        0.7554099999999999,
        2.521607,
        1.745872,
        3.2521660000000003,
        2.001761,
        1.5068810000000001,
        1.434433,
        1.313723,
        1.288816,
        1.0487039999999999,
        1.381517,
        0.757563,
        2.5329960000000002,
        1.533558,
        2.710047,
        1.847368,
        2.1833829999999996,
        1.901414,
        1.92192,
        1.0021710000000001,
        2.8125120000000003,
        1.341855,
        3.700482,
        2.416964,
        4.41378,
        1.2478330000000002,
        0.142915,
        2.023431,
        1.982106
    ],
    [
        3.140018,
        1.690551,
        5.3259620000000005,
        2.174462,
        2.86629,
        4.538484,
        1.652663,
        3.717232,
        2.663645,
        4.664341,
        1.2277580000000001,
        2.779976,
        3.544564,
        3.017359,
        2.7596019999999997,
        0.776892,
        2.5110639999999997,
        2.857708,
        3.2800610000000003,
        0.8219890000000001,
        1.104535,
        0.0,
        2.623662,
        2.748418,
        4.168291,
        1.745813,
        1.983258,
        3.101534,
        2.694361,
        1.2121300000000002,
        2.1543270000000003,
        0.674486,
        3.874094,
        2.973219,
        4.588457999999999,
        2.834225,
        2.753321,
        2.572559,
        2.338308,
        0.2079,
        0.11308,
        2.519643,
        0.813855,
        4.2203029999999995,
        2.760906,
        3.959715,
        2.985494,
        3.321509,
        2.6525529999999997,
        3.060045,
        1.966259,
        2.958342,
        2.025948,
        5.387789,
        3.168104,
        6.1010860000000005,
        0.775257,
        1.088711,
        3.250778,
        3.120232
    ],
    [
        2.618202,
        1.03826,
        3.546125,
        0.5142899999999999,
        1.517019,
        2.1404520000000002,
        1.153414,
        1.301862,
        1.0527360000000001,
        2.200822,
        1.385436,
        0.747977,
        1.1465319999999999,
        1.841013,
        0.301093,
        1.894452,
        0.8428479999999999,
        0.822441,
        0.882029,
        2.8901239999999997,
        1.485536,
        2.623662,
        0.0,
        1.742702,
        1.838661,
        2.798413,
        1.984648,
        2.252928,
        0.25083099999999997,
        3.050035,
        0.50373,
        2.269633,
        1.2193040000000002,
        0.829273,
        1.946963,
        1.3991300000000002,
        0.6186269999999999,
        0.033628,
        0.403432,
        2.869189,
        2.629076,
        0.103994,
        1.957086,
        1.762912,
        0.801424,
        1.518543,
        0.545066,
        0.936584,
        1.44102,
        0.619617,
        1.120813,
        3.341674,
        1.3228019999999998,
        1.973028,
        1.822107,
        2.6073310000000003,
        2.370733,
        1.574057,
        1.307393,
        0.679804
    ],
    [
        0.889302,
        2.311042,
        5.18701,
        1.787072,
        0.314692,
        2.381636,
        2.426196,
        1.7359090000000001,
        0.794294,
        2.504101,
        1.935213,
        1.146708,
        1.634315,
        0.26052800000000004,
        1.547948,
        2.187354,
        1.057618,
        0.997053,
        1.4653589999999999,
        2.75856,
        1.997278,
        2.748418,
        1.742702,
        0.0,
        1.759204,
        2.139741,
        1.405329,
        0.486004,
        1.5579939999999999,
        2.988439,
        1.780691,
        2.918889,
        1.922658,
        1.349404,
        2.3778180000000004,
        0.495998,
        1.237621,
        1.720688,
        1.947113,
        3.08001,
        2.8527020000000003,
        1.633975,
        1.982235,
        3.433595,
        1.1083610000000002,
        1.441177,
        1.776654,
        2.312212,
        0.354607,
        1.715257,
        1.075292,
        4.85288,
        0.758827,
        3.609032,
        0.6409199999999999,
        3.611582,
        2.395882,
        1.853844,
        0.730034,
        1.902546
    ],
    [
        1.9672290000000001,
        2.582394,
        5.227825,
        2.058425,
        1.528973,
        0.9312229999999999,
        2.697549,
        1.1748409999999998,
        1.778945,
        1.125051,
        2.930065,
        1.659568,
        1.250452,
        1.561198,
        1.533761,
        3.439082,
        1.984495,
        1.7261110000000002,
        1.050581,
        4.373962000000001,
        3.0301660000000004,
        4.168291,
        1.838661,
        1.759204,
        0.0,
        3.673868,
        2.860103,
        1.6561569999999999,
        1.584518,
        4.482929,
        2.052204,
        3.818107,
        1.540551,
        1.400672,
        1.20525,
        1.432209,
        1.803297,
        1.8180429999999999,
        2.050444,
        4.417662999999999,
        4.177551,
        1.733989,
        3.452842,
        3.21658,
        1.6429880000000001,
        0.42156,
        1.418461,
        1.897108,
        1.604337,
        1.3934900000000001,
        2.417979,
        4.99421,
        2.2294340000000004,
        3.2251689999999997,
        1.166444,
        3.227718,
        3.866489,
        3.100289,
        1.226477,
        1.508693
    ],
    [
        2.088283,
        2.55593,
        5.50668,
        2.447474,
        2.199706,
        4.155439,
        2.520734,
        3.334187,
        2.1117440000000003,
        4.33354,
        2.091733,
        2.19009,
        3.1615189999999997,
        2.3631439999999997,
        2.604203,
        1.7361030000000002,
        2.046652,
        2.2613890000000003,
        2.8970160000000003,
        1.3236649999999999,
        2.044854,
        1.745813,
        2.798413,
        2.139741,
        3.673868,
        0.0,
        0.8422229999999999,
        2.3356239999999997,
        2.6645630000000002,
        1.245301,
        2.430685,
        2.100032,
        3.4002399999999997,
        2.499364,
        4.114604,
        2.401767,
        2.344191,
        2.8272579999999996,
        2.616879,
        1.6592360000000002,
        1.715647,
        2.746707,
        1.321409,
        4.395765,
        2.289688,
        3.4791480000000004,
        2.885339,
        3.4426799999999997,
        2.2200949999999997,
        2.8977049999999998,
        1.952318,
        4.6158459999999994,
        1.593489,
        4.586712,
        2.735646,
        5.087407,
        0.9766119999999999,
        1.9434259999999999,
        2.748406,
        3.029525
    ],
    [
        1.397318,
        2.1529499999999997,
        4.103133,
        1.980743,
        1.385941,
        3.347439,
        2.110044,
        2.5261869999999997,
        1.297979,
        3.525539,
        1.7283130000000002,
        1.376326,
        2.353519,
        1.537009,
        1.7904380000000002,
        1.603734,
        1.2328869999999998,
        1.447624,
        2.089016,
        1.769285,
        1.772299,
        1.983258,
        1.984648,
        1.405329,
        2.860103,
        0.8422229999999999,
        0.0,
        1.568779,
        1.805112,
        1.730957,
        1.983988,
        2.1765749999999997,
        2.540788,
        1.639913,
        3.255152,
        1.542315,
        1.484739,
        1.967806,
        2.15041,
        1.903943,
        1.812471,
        1.8810930000000001,
        1.239921,
        3.636892,
        1.430237,
        2.6199209999999997,
        2.025888,
        2.583228,
        1.360643,
        2.038253,
        1.092867,
        4.4180079999999995,
        0.734038,
        3.875757,
        1.876194,
        4.227955,
        1.234492,
        1.536441,
        1.888955,
        2.170074
    ],
    [
        0.45718400000000003,
        2.821812,
        5.69778,
        2.297842,
        0.825462,
        2.298369,
        2.936967,
        1.939811,
        1.305064,
        2.496013,
        2.4459839999999997,
        1.657478,
        1.838217,
        0.43455,
        2.058718,
        2.540471,
        1.568388,
        1.5078230000000001,
        1.6692609999999999,
        3.262686,
        2.5080479999999996,
        3.101534,
        2.252928,
        0.486004,
        1.6561569999999999,
        2.3356239999999997,
        1.568779,
        0.0,
        2.045972,
        3.137963,
        2.268669,
        3.224199,
        2.12656,
        1.675114,
        2.425231,
        0.9325019999999999,
        1.7255999999999998,
        2.2086669999999997,
        2.435092,
        3.38532,
        3.1580120000000003,
        2.121954,
        2.287545,
        3.8355859999999997,
        1.561213,
        1.387637,
        2.0371420000000002,
        2.516114,
        0.8425860000000001,
        2.012171,
        1.56327,
        5.340859,
        1.204237,
        3.812935,
        0.7064779999999999,
        3.815483,
        2.701192,
        2.3418229999999998,
        1.094185,
        2.1276990000000002
    ],
    [
        2.4382020000000004,
        1.108959,
        3.692225,
        0.584989,
        1.337018,
        1.889621,
        1.224114,
        1.068369,
        0.872735,
        2.015478,
        1.456135,
        0.567976,
        0.895701,
        1.6610129999999999,
        0.050262,
        1.965151,
        0.708659,
        0.642441,
        0.6311979999999999,
        3.000653,
        1.5562349999999998,
        2.694361,
        0.25083099999999997,
        1.5579939999999999,
        1.584518,
        2.6645630000000002,
        1.805112,
        2.045972,
        0.0,
        3.1023359999999998,
        0.578274,
        2.344177,
        1.0610060000000001,
        0.5735979999999999,
        1.805481,
        1.254146,
        0.481802,
        0.233525,
        0.576514,
        2.9437330000000004,
        2.70362,
        0.174694,
        2.009387,
        1.952309,
        0.656439,
        1.2628679999999999,
        0.38676699999999997,
        0.924163,
        1.296036,
        0.46131900000000003,
        1.2161089999999999,
        3.531071,
        1.177818,
        2.166365,
        1.6771230000000001,
        2.6834949999999997,
        2.423035,
        1.6263589999999999,
        1.162409,
        0.521505
    ],
    [
        2.9369810000000003,
        2.4943359999999997,
        7.57106,
        2.680344,
        3.008766,
        4.949748,
        2.4592519999999998,
        4.128496,
        2.868983,
        5.127849,
        2.0670059999999997,
        2.985314,
        3.955828,
        3.222697,
        3.102486,
        1.5745909999999999,
        2.7164029999999997,
        3.063046,
        3.691325,
        0.43384300000000003,
        1.965184,
        1.2121300000000002,
        3.050035,
        2.988439,
        4.482929,
        1.245301,
        1.730957,
        3.137963,
        3.1023359999999998,
        0.0,
        2.674305,
        1.8629980000000002,
        4.222302,
        3.3214270000000004,
        4.936666,
        3.2429609999999998,
        3.03309,
        3.0020830000000003,
        2.860499,
        1.0495219999999998,
        1.301592,
        3.055732,
        1.3298320000000001,
        6.461284,
        3.1117510000000004,
        4.336372,
        3.5110010000000003,
        3.7510320000000004,
        3.0612890000000004,
        3.71744,
        2.246028,
        4.124564,
        2.434683,
        7.628769,
        3.5768400000000002,
        8.342066999999998,
        0.717351,
        1.852103,
        3.5896,
        3.645739
    ],
    [
        2.6608989999999997,
        0.5689249999999999,
        3.545247,
        0.044954999999999995,
        1.5597159999999999,
        2.3573069999999996,
        0.684079,
        1.5360550000000002,
        1.100104,
        2.483165,
        1.0763230000000001,
        0.748487,
        1.363387,
        1.88371,
        0.5784239999999999,
        1.557127,
        0.788241,
        0.822951,
        1.098884,
        2.404678,
        1.199546,
        2.1543270000000003,
        0.50373,
        1.780691,
        2.052204,
        2.430685,
        1.983988,
        2.268669,
        0.578274,
        2.674305,
        0.0,
        1.804143,
        1.5436459999999999,
        0.974346,
        2.274205,
        1.441827,
        0.720051,
        0.456473,
        0.335762,
        2.403699,
        2.1635859999999996,
        0.40355599999999997,
        1.580681,
        1.713967,
        0.8019339999999999,
        1.7315909999999999,
        0.869407,
        1.205422,
        1.47922,
        0.943959,
        0.889734,
        3.110429,
        1.3152300000000001,
        2.855417,
        1.8648040000000001,
        2.8761680000000003,
        1.9943279999999999,
        1.186701,
        1.291806,
        1.004145
    ],
    [
        3.576942,
        1.275276,
        5.066439,
        1.7591880000000002,
        2.9153339999999996,
        4.123209,
        1.237388,
        3.301958,
        2.471194,
        4.249067,
        0.878633,
        2.291267,
        3.12929,
        3.066402,
        2.3443270000000003,
        0.567272,
        2.1593299999999997,
        2.3689989999999996,
        2.8647869999999998,
        1.4728569999999999,
        0.7554099999999999,
        0.674486,
        2.269633,
        2.918889,
        3.818107,
        2.100032,
        2.1765749999999997,
        3.224199,
        2.344177,
        1.8629980000000002,
        1.804143,
        0.0,
        3.310607,
        2.553208,
        4.0411660000000005,
        2.714212,
        2.314216,
        2.223434,
        1.989183,
        0.869447,
        0.629334,
        2.170517,
        0.985863,
        3.943947,
        2.3408939999999996,
        3.4990479999999997,
        2.636368,
        2.9723829999999998,
        2.569982,
        2.71092,
        1.670739,
        2.392714,
        2.031299,
        5.111433,
        3.085533,
        5.824731,
        1.2211690000000002,
        0.8216359999999999,
        2.830766,
        2.7711069999999998
    ],
    [
        2.521833,
        2.074331,
        2.398986,
        1.550361,
        1.669754,
        0.949443,
        2.1894850000000003,
        0.39111399999999996,
        1.45661,
        1.0402339999999999,
        2.421507,
        1.203347,
        0.33317899999999995,
        1.814584,
        1.025698,
        2.930523,
        1.492131,
        1.294797,
        0.7358490000000001,
