[
    [
        0.0,
        1.673473,
        0.892161,
        0.735475,
        1.606141,
        0.621951,
        0.625263,
        1.106046,
        0.855081,
        1.6685429999999999,
        1.1029980000000001,
        0.886667,
        0.961264,
        1.011373,
        0.6306660000000001,
        0.841724,
        1.611696,
        1.194003,
        0.820152,
        0.616077,
        1.685405,
        0.70836,
        1.210752,
        0.5264589999999999,
        0.944606,
        0.993813,
        0.529423,
        1.040608,
        0.926677,
        1.119938,
        1.049776,
        0.336864,
        1.121103,
        1.045364,
        0.697332,
        2.674572,
        1.7119149999999999,
        0.567332,
        0.5647089999999999,
        1.0935540000000001,
        1.106798,
        0.6618999999999999,
        0.599765,
        0.922285,
        1.069481,
        2.1071880000000003,
        0.606905,
        0.9955510000000001,
        0.632,
        1.000151,
        0.5727000000000001,
        0.9804210000000001,
        1.4008099999999999,
        0.990974,
        0.7195170000000001,
        1.0594890000000001,
        0.567414,
        1.187387,
        0.702856,
        0.856578
    ],
    [
        1.673473,
        0.0,
        0.469267,
        0.538803,
        0.433415,
        1.1339359999999998,
        1.050716,
        0.258555,
        0.8905599999999999,
        0.371013,
        0.210082,
        0.420548,
        0.373282,
        0.301707,
        0.726247,
        0.432553,
        0.427851,
        0.5535890000000001,
        0.487091,
        1.723245,
        0.011932,
        0.573388,
        2.0956770000000002,
        0.755288,
        0.365877,
        0.344221,
        1.196482,
        0.409519,
        0.395501,
        1.152527,
        0.27052,
        1.3661079999999999,
        1.059145,
        0.267717,
        0.618583,
        1.0844690000000001,
        0.122616,
        1.093376,
        0.806134,
        0.40867899999999996,
        1.0393050000000001,
        1.002034,
        1.060943,
        0.5174719999999999,
        0.438392,
        1.462768,
        1.053803,
        0.354796,
        1.516924,
        0.367114,
        1.1336780000000002,
        0.339875,
        0.365846,
        0.34216,
        0.671409,
        0.428399,
        0.7444919999999999,
        0.622891,
        0.6880700000000001,
        0.484528
    ],
    [
        0.892161,
        0.469267,
        0.0,
        0.15668700000000002,
        0.378061,
        0.894456,
        0.512051,
        0.39081299999999997,
        0.774211,
        0.332991,
        0.34234,
        0.20494300000000001,
        0.110236,
        0.38731299999999996,
        0.419354,
        0.050436999999999996,
        0.372497,
        0.7778039999999999,
        0.386406,
        1.015525,
        0.48119999999999996,
        0.228776,
        1.801091,
        0.410676,
        0.406964,
        0.455595,
        0.59246,
        0.24241200000000002,
        0.152444,
        1.064579,
        0.19874799999999998,
        0.8274429999999999,
        1.0372750000000002,
        0.399975,
        0.273971,
        1.5537370000000001,
        0.591883,
        0.55471,
        0.461522,
        0.29532400000000003,
        0.946562,
        0.4644,
        0.522277,
        0.432548,
        0.271285,
        1.407414,
        0.515138,
        0.18769,
        1.222338,
        0.461933,
        0.49660899999999997,
        0.129393,
        0.5879930000000001,
        0.17505400000000002,
        0.364517,
        0.261293,
        0.39987900000000004,
        0.847106,
        0.38117700000000004,
        0.075887
    ],
    [
        0.735475,
        0.538803,
        0.15668700000000002,
        0.0,
        0.914657,
        1.0426410000000002,
        0.5800890000000001,
        0.462637,
        0.922397,
        0.9770599999999999,
        0.414164,
        0.151208,
        0.21525,
        0.44894,
        0.133187,
        0.10625,
        0.920213,
        1.094436,
        0.402654,
        0.869771,
        0.553023,
        0.08302200000000001,
        1.6260080000000001,
        0.264923,
        0.46859100000000004,
        0.517221,
        0.5416040000000001,
        0.38031200000000004,
        0.266381,
        1.216203,
        0.323401,
        0.67738,
        1.188899,
        0.471798,
        0.12821700000000003,
        1.6255609999999998,
        0.663707,
        0.577917,
        0.315768,
        0.35289800000000004,
        1.0981859999999999,
        0.5832309999999999,
        0.587707,
        0.49417500000000003,
        0.409185,
        1.421482,
        0.598448,
        0.31234300000000004,
        1.047255,
        0.5235599999999999,
        0.44531400000000004,
        0.254046,
        0.64962,
        0.299707,
        0.115994,
        0.399192,
        0.254126,
        1.08782,
        0.132655,
        0.144422
    ],
    [
        1.606141,
        0.433415,
        0.378061,
        0.914657,
        0.0,
        1.441556,
        1.358336,
        0.390509,
        1.19818,
        0.062403,
        0.342036,
        0.315091,
        0.267825,
        0.433661,
        0.647789,
        0.996129,
        0.005556,
        0.861208,
        0.614841,
        1.289829,
        0.445348,
        0.9150280000000001,
        2.4032970000000002,
        1.079682,
        0.55238,
        0.6008579999999999,
        1.5041010000000001,
        0.470051,
        0.380879,
        1.4601469999999999,
        0.423697,
        1.6737270000000002,
        1.366765,
        0.399671,
        0.9602229999999999,
        1.517885,
        0.5560309999999999,
        1.400995,
        1.130527,
        0.08273699999999999,
        1.346924,
        1.309654,
        1.3685619999999998,
        0.660983,
        0.498924,
        1.036588,
        1.3614220000000001,
        0.415328,
        1.8245440000000002,
        0.6071960000000001,
        0.725044,
        0.357031,
        0.672647,
        0.402692,
        0.592951,
        0.488931,
        1.068885,
        0.93051,
        0.6096119999999999,
        0.398612
    ],
    [
        0.621951,
        1.1339359999999998,
        0.894456,
        1.0426410000000002,
        1.441556,
        0.0,
        0.507062,
        0.996856,
        0.243376,
        1.385861,
        0.993808,
        0.946781,
        0.852074,
        0.902183,
        0.624976,
        1.293858,
        1.4427,
        0.656504,
        0.710962,
        1.210345,
        1.1479059999999999,
        1.160493,
        1.0394839999999999,
        0.978592,
        0.835416,
        0.884623,
        0.65313,
        0.984251,
        1.3788099999999999,
        0.61311,
        0.940586,
        0.404827,
        0.585806,
        0.936173,
        1.149465,
        2.12956,
        1.174415,
        0.549721,
        1.016843,
        1.0371620000000001,
        0.495093,
        0.45941000000000004,
        0.517288,
        0.8130940000000001,
        1.013124,
        2.484852,
        0.510148,
        0.929528,
        0.46073200000000003,
        0.890961,
        0.597327,
        0.871231,
        0.8633099999999999,
        0.916892,
        0.6203500000000001,
        1.003131,
        1.019547,
        0.649888,
        0.6036900000000001,
        0.832533
    ],
    [
        0.625263,
        1.050716,
        0.512051,
        0.5800890000000001,
        1.358336,
        0.507062,
        0.0,
        0.6285510000000001,
        0.386817,
        1.295933,
        0.625503,
        0.578476,
        0.483769,
        0.5338780000000001,
        0.162424,
        0.863174,
        1.3527719999999999,
        0.566576,
        0.342657,
        1.240424,
        1.0579770000000002,
        0.7995249999999999,
        1.324292,
        0.617625,
        0.467111,
        0.5163179999999999,
        0.098687,
        0.615946,
        0.948126,
        0.6883429999999999,
        0.5722809999999999,
        0.330663,
        0.661038,
        0.567868,
        0.788497,
        2.04634,
        1.084487,
        0.057930999999999996,
        0.720222,
        0.6688569999999999,
        0.570326,
        0.077006,
        0.025498,
        0.444789,
        0.6448189999999999,
        2.178406,
        0.018358,
        0.5612229999999999,
        0.745539,
        0.5226559999999999,
        0.134775,
        0.502926,
        0.7733819999999999,
        0.5485869999999999,
        0.242022,
        0.634826,
        0.65858,
        0.55996,
        0.22536099999999998,
        0.46422800000000003
    ],
    [
        1.106046,
        0.258555,
        0.39081299999999997,
        0.462637,
        0.390509,
        0.996856,
        0.6285510000000001,
        0.0,
        0.8796029999999999,
        0.32810700000000004,
        0.048473,
        0.342094,
        0.294828,
        0.09467300000000001,
        0.5717150000000001,
        0.354098,
        0.384945,
        0.5840789999999999,
        0.33256,
        1.281682,
        0.27048700000000003,
        0.494933,
        1.906482,
        0.6768339999999999,
        0.213392,
        0.26187,
        0.677532,
        0.331064,
        0.317047,
        1.1830180000000001,
        0.19206499999999999,
        0.9328339999999999,
        1.142666,
        0.060683,
        0.540128,
        1.3430250000000001,
        0.381171,
        0.660102,
        0.72768,
        0.432475,
        1.051954,
        0.569791,
        0.627669,
        0.36294,
        0.359937,
        1.427097,
        0.620529,
        0.276341,
        1.327729,
        0.268208,
        0.610283,
        0.26142000000000004,
        0.39426799999999995,
        0.263706,
        0.5168780000000001,
        0.349945,
        0.666037,
        0.653381,
        0.533539,
        0.40607299999999996
    ],
    [
        0.855081,
        0.8905599999999999,
        0.774211,
        0.922397,
        1.19818,
        0.243376,
        0.386817,
        0.8796029999999999,
        0.0,
        1.142485,
        0.873564,
        0.8265370000000001,
        0.731829,
        0.781938,
        0.5047320000000001,
        1.209916,
        1.199324,
        0.413128,
        0.5907169999999999,
        1.443474,
        0.904529,
        1.146268,
        1.2726140000000001,
        0.964367,
        0.715171,
        0.6658890000000001,
        0.532886,
        0.8640059999999999,
        1.2948689999999998,
        0.426142,
        0.820342,
        0.637957,
        0.398837,
        0.815929,
        1.13524,
        1.8861839999999999,
        0.931039,
        0.429477,
        1.066965,
        0.916918,
        0.308125,
        0.339166,
        0.397043,
        0.6928500000000001,
        0.892879,
        2.241476,
        0.389904,
        0.809283,
        0.693862,
        0.688782,
        0.47708300000000003,
        0.750986,
        0.619934,
        0.796648,
        0.5001059999999999,
        0.882887,
        1.005322,
        0.406512,
        0.483445,
        0.712288
    ],
    [
        1.6685429999999999,
        0.371013,
        0.332991,
        0.9770599999999999,
        0.062403,
        1.385861,
        1.295933,
        0.32810700000000004,
        1.142485,
        0.0,
        0.27963299999999996,
        0.270021,
        0.222755,
        0.371258,
        0.602719,
        0.282026,
        0.056838,
        0.798806,
        0.5697709999999999,
        1.3522319999999999,
        0.382945,
        0.977431,
        2.3408939999999996,
        1.142084,
        0.489978,
        0.538455,
        1.441699,
        0.424981,
        0.335809,
        1.3977439999999999,
        0.378627,
        1.6113250000000001,
        1.304362,
        0.33726799999999996,
        1.022626,
        1.455482,
        0.49362900000000004,
        1.3385930000000001,
        1.19293,
        0.037667,
        1.284522,
        1.2472509999999999,
        1.30616,
        0.615913,
        0.453854,
        1.091755,
        1.29902,
        0.370258,
        1.7621410000000002,
        0.544794,
        1.378895,
        0.311961,
        0.610244,
        0.357622,
        0.547881,
        0.443861,
        1.131287,
        0.868108,
        0.564542,
        0.35354199999999997
    ],
    [
        1.1029980000000001,
        0.210082,
        0.34234,
        0.414164,
        0.342036,
        0.993808,
        0.625503,
        0.048473,
        0.873564,
        0.27963299999999996,
        0.0,
        0.29362099999999997,
        0.246355,
        0.091625,
        0.568667,
        0.305625,
        0.336472,
        0.581031,
        0.329512,
        1.233209,
        0.22201400000000002,
        0.44645999999999997,
        1.903435,
        0.628361,
        0.210344,
        0.258822,
        0.6744840000000001,
        0.282591,
        0.26857400000000003,
        1.17997,
        0.14359200000000003,
        0.9297859999999999,
        1.139618,
        0.057635,
        0.49165499999999995,
        1.294551,
        0.332698,
        0.657054,
        0.679206,
        0.384002,
        1.048906,
        0.566743,
        0.624621,
        0.359892,
        0.311464,
        1.378624,
        0.617481,
        0.227868,
        1.324682,
        0.26516,
        0.607235,
        0.212947,
        0.39122,
        0.215232,
        0.51383,
        0.30147199999999996,
        0.617564,
        0.6503329999999999,
        0.5304909999999999,
        0.35760000000000003
    ],
    [
        0.886667,
        0.420548,
        0.20494300000000001,
        0.151208,
        0.315091,
        0.946781,
        0.578476,
        0.342094,
        0.8265370000000001,
        0.270021,
        0.29362099999999997,
        0.0,
        0.094707,
        0.385246,
        0.474671,
        0.044958,
        0.309527,
        0.833121,
        0.44172300000000003,
        0.965056,
        0.43248000000000003,
        0.178307,
        1.856407,
        0.36020800000000003,
        0.46227999999999997,
        0.510911,
        0.6477759999999999,
        0.296933,
        0.207761,
        1.119896,
        0.250579,
        0.882759,
        1.0925909999999999,
        0.351255,
        0.223502,
        1.505018,
        0.543164,
        0.6100270000000001,
        0.411053,
        0.23235499999999998,
        1.001879,
        0.519716,
        0.577594,
        0.487865,
        0.325806,
        1.35168,
        0.5704539999999999,
        0.24221,
        1.277655,
        0.51725,
        0.551926,
        0.18391300000000002,
        0.6433099999999999,
        0.229574,
        0.419833,
        0.315813,
        0.349411,
        0.902423,
        0.43649400000000005,
        0.225494
    ],
    [
        0.961264,
        0.373282,
        0.110236,
        0.21525,
        0.267825,
        0.852074,
        0.483769,
        0.294828,
        0.731829,
        0.222755,
        0.246355,
        0.094707,
        0.0,
        0.33798,
        0.379963,
        0.106712,
        0.262261,
        0.738414,
        0.34701600000000005,
        1.034296,
        0.385214,
        0.247547,
        1.7617,
        0.429447,
        0.367573,
        0.416204,
        0.5530689999999999,
        0.202225,
        0.113054,
        1.0251890000000001,
        0.158561,
        0.788052,
        0.997884,
        0.30398899999999995,
        0.292742,
        1.457751,
        0.495898,
        0.51532,
        0.480293,
        0.185089,
        0.907172,
        0.425009,
        0.482887,
        0.393158,
        0.23109800000000003,
        1.2971780000000002,
        0.47574700000000003,
        0.147503,
        1.182948,
        0.422543,
        0.457219,
        0.08920600000000001,
        0.5486019999999999,
        0.134867,
        0.32512599999999997,
        0.221106,
        0.41864999999999997,
        0.807716,
        0.34178699999999995,
        0.13078700000000001
    ],
    [
        1.011373,
        0.301707,
        0.38731299999999996,
        0.44894,
        0.433661,
        0.902183,
        0.5338780000000001,
        0.09467300000000001,
        0.781938,
        0.371258,
        0.091625,
        0.385246,
        0.33798,
        0.0,
        0.47704199999999997,
        0.39725,
        0.428097,
        0.489406,
        0.237886,
        1.268359,
        0.313639,
        0.538085,
        1.811809,
        0.611759,
        0.11871899999999999,
        0.167197,
        0.582859,
        0.374216,
        0.25428,
        1.0883450000000001,
        0.235217,
        0.8381609999999999,
        1.047993,
        0.03399,
        0.58328,
        1.357372,
        0.387335,
        0.565429,
        0.714356,
        0.475627,
        0.9572809999999999,
        0.475118,
        0.532996,
        0.268267,
        0.403089,
        1.470249,
        0.525856,
        0.31949299999999997,
        1.233056,
        0.173535,
        0.51561,
        0.304572,
        0.299595,
        0.30685700000000005,
        0.422205,
        0.393097,
        0.652714,
        0.558708,
        0.438866,
        0.335141
    ],
    [
        0.6306660000000001,
        0.726247,
        0.419354,
        0.133187,
        0.647789,
        0.624976,
        0.162424,
        0.5717150000000001,
        0.5047320000000001,
        0.602719,
        0.568667,
        0.474671,
        0.379963,
        0.47704199999999997,
        0.0,
        0.239436,
        0.642225,
        0.676771,
        0.430756,
        0.952605,
        0.7381789999999999,
        0.216209,
        1.3954980000000001,
        0.296005,
        0.496692,
        0.545323,
        0.17310599999999998,
        0.51214,
        0.312402,
        0.798538,
        0.468476,
        0.44687,
        0.771233,
        0.5110330000000001,
        0.26140399999999997,
        1.738626,
        0.776773,
        0.209418,
        0.39860199999999996,
        0.565052,
        0.6805209999999999,
        0.165566,
        0.187922,
        0.522277,
        0.5410130000000001,
        1.554669,
        0.180782,
        0.45741699999999996,
        0.816745,
        0.551662,
        0.07725499999999999,
        0.39912000000000003,
        0.6777219999999999,
        0.44478199999999996,
        0.144096,
        0.531021,
        0.33696,
        0.670155,
        0.160757,
        0.360422
    ],
    [
        0.841724,
        0.432553,
        0.050436999999999996,
        0.10625,
        0.996129,
        1.293858,
        0.863174,
        0.354098,
        1.209916,
        0.282026,
        0.305625,
        0.044958,
        0.106712,
        0.39725,
        0.239436,
        0.0,
        1.001684,
        1.200686,
        0.39590499999999995,
        0.965088,
        0.44677300000000003,
        0.178339,
        1.732258,
        0.36024,
        0.416462,
        0.46509300000000003,
        0.647854,
        0.260816,
        0.372631,
        1.3224529999999999,
        0.217151,
        0.78363,
        1.295148,
        0.365548,
        0.22353399999999998,
        1.5193109999999999,
        0.557457,
        0.6841670000000001,
        0.411085,
        0.246648,
        1.2044359999999998,
        0.689481,
        0.693957,
        0.442047,
        0.28968900000000003,
        1.502954,
        0.7046979999999999,
        0.206093,
        1.153505,
        0.471432,
        0.5515639999999999,
        0.14779599999999998,
        0.5974919999999999,
        0.193457,
        0.222244,
        0.27969700000000003,
        0.349443,
        1.19407,
        0.238905,
        0.06843
    ],
    [
        1.611696,
        0.427851,
        0.372497,
        0.920213,
        0.005556,
        1.4427,
        1.3527719999999999,
        0.384945,
        1.199324,
        0.056838,
        0.336472,
        0.309527,
        0.262261,
        0.428097,
        0.642225,
        1.001684,
        0.0,
        0.855644,
        0.6092770000000001,
        1.295385,
        0.439784,
        0.920584,
        2.397732,
        1.085237,
        0.5468160000000001,
        0.595294,
        1.498537,
        0.46448700000000004,
        0.375315,
        1.454582,
        0.418133,
        1.668163,
        1.361201,
        0.39410700000000004,
        0.9657789999999999,
        1.5123209999999998,
        0.550467,
        1.395431,
        1.1360830000000002,
        0.077173,
        1.3413599999999999,
        1.30409,
        1.3629980000000002,
        0.655419,
        0.49336,
        1.034908,
        1.355858,
        0.409764,
        1.81898,
        0.601632,
        0.71948,
        0.351467,
        0.667082,
        0.397128,
        0.587387,
        0.483367,
        1.07444,
        0.924946,
        0.604048,
        0.393048
    ],
    [
        1.194003,
        0.5535890000000001,
        0.7778039999999999,
        1.094436,
        0.861208,
        0.656504,
        0.566576,
        0.5840789999999999,
        0.413128,
        0.798806,
        0.581031,
        0.833121,
        0.738414,
        0.489406,
        0.676771,
        1.200686,
        0.855644,
        0.0,
        0.5425359999999999,
        1.755166,
        0.5608500000000001,
        1.314267,
        1.611536,
        1.132367,
        0.41587599999999997,
        0.32221,
        0.712341,
        0.8373120000000001,
        0.644771,
        0.693879,
        0.698313,
        0.881967,
        0.6458769999999999,
        0.523397,
        1.303239,
        1.549213,
        0.58736,
        0.609235,
        1.234964,
        0.836472,
        0.555164,
        0.517894,
        0.576802,
        0.5729160000000001,
        0.866184,
        1.897797,
        0.569662,
        0.7825890000000001,
        1.0327840000000001,
        0.345103,
        0.6495380000000001,
        0.7643289999999999,
        0.276254,
        0.769953,
        0.6681050000000001,
        0.856192,
        1.173322,
        0.164242,
        0.651445,
        0.725631
    ],
    [
        0.820152,
        0.487091,
        0.386406,
        0.402654,
        0.614841,
        0.710962,
        0.342657,
        0.33256,
        0.5907169999999999,
        0.5697709999999999,
        0.329512,
        0.44172300000000003,
        0.34701600000000005,
        0.237886,
        0.430756,
        0.39590499999999995,
        0.6092770000000001,
        0.5425359999999999,
        0.0,
        1.2220730000000002,
        0.49902300000000005,
        0.485677,
        1.620588,
        0.565472,
        0.171119,
        0.220326,
        0.391638,
        0.52632,
        0.352151,
        0.884077,
        0.47310399999999997,
        0.6469400000000001,
        0.8567720000000001,
        0.27187700000000004,
        0.530872,
        1.49947,
        0.537617,
        0.37420800000000004,
        0.66807,
        0.579232,
        0.76606,
        0.283897,
        0.341775,
        0.148798,
        0.5551929999999999,
        1.691322,
        0.334635,
        0.471597,
        1.041836,
        0.226665,
        0.324389,
        0.4133,
        0.352724,
        0.458962,
        0.28666,
        0.545201,
        0.606428,
        0.611838,
        0.27,
        0.374602
    ],
    [
        0.616077,
        1.723245,
        1.015525,
        0.869771,
        1.289829,
        1.210345,
        1.240424,
        1.281682,
        1.443474,
        1.3522319999999999,
        1.233209,
        0.965056,
        1.034296,
        1.268359,
        0.952605,
        0.965088,
        1.295385,
        1.755166,
        1.2220730000000002,
        0.0,
        1.735177,
        0.786749,
        1.799146,
        0.6566000000000001,
        1.288009,
        1.33664,
        1.104464,
        1.236521,
        1.1157059999999999,
        1.7083320000000002,
        1.190167,
        0.925258,
        1.7094960000000001,
        1.290844,
        0.775721,
        2.8453150000000003,
        1.9017709999999999,
        1.142373,
        0.5777490000000001,
        1.171943,
        1.695192,
        1.236941,
        1.174806,
        1.313593,
        1.265394,
        1.64591,
        1.181946,
        1.181798,
        1.220393,
        1.3429790000000001,
        0.962616,
        1.123501,
        1.962476,
        1.169163,
        0.935413,
        1.2554020000000001,
        0.615645,
        1.74855,
        0.952073,
        1.00326
    ],
    [
        1.685405,
        0.011932,
        0.48119999999999996,
        0.553023,
        0.445348,
        1.1479059999999999,
        1.0579770000000002,
        0.27048700000000003,
        0.904529,
        0.382945,
        0.22201400000000002,
        0.43248000000000003,
        0.385214,
        0.313639,
        0.7381789999999999,
        0.44677300000000003,
        0.439784,
        0.5608500000000001,
        0.49902300000000005,
        1.735177,
        0.0,
        0.5853200000000001,
        2.107609,
        0.767221,
        0.377809,
        0.356153,
        1.2084139999999999,
        0.421451,
        0.407433,
        1.1644590000000001,
        0.282452,
        1.37804,
        1.071078,
        0.279649,
        0.6305149999999999,
        1.072537,
        0.11068399999999999,
        1.105308,
        0.8180660000000001,
        0.42061200000000004,
        1.051237,
        1.013967,
        1.072875,
        0.529404,
        0.450324,
        1.474701,
        1.0657349999999999,
        0.366728,
        1.528857,
        0.379047,
        1.1456110000000002,
        0.35180700000000004,
        0.377778,
        0.35409199999999996,
        0.683342,
        0.44033100000000003,
        0.756424,
        0.634823,
        0.7000019999999999,
        0.49645999999999996
    ],
    [
        0.70836,
        0.573388,
        0.228776,
        0.08302200000000001,
        0.9150280000000001,
        1.160493,
        0.7995249999999999,
        0.494933,
        1.146268,
        0.977431,
        0.44645999999999997,
        0.178307,
        0.247547,
        0.538085,
        0.216209,
        0.178339,
        0.920584,
        1.314267,
        0.485677,
        0.786749,
        0.5853200000000001,
        0.0,
        1.7492940000000001,
        0.181901,
        0.551613,
        0.600244,
        0.584206,
        0.449772,
        0.349403,
        1.2588050000000002,
        0.403418,
        0.719982,
        1.2315,
        0.5040950000000001,
        0.045195,
        1.657857,
        0.6960040000000001,
        0.620518,
        0.232746,
        0.38519400000000004,
        1.140788,
        0.625833,
        0.630308,
        0.577197,
        0.478645,
        1.421854,
        0.641049,
        0.395049,
        1.1705409999999998,
        0.606582,
        0.487916,
        0.336752,
        0.732642,
        0.382414,
        0.199016,
        0.46865300000000004,
        0.171104,
        1.1304210000000001,
        0.21567699999999998,
        0.216511
    ],
    [
        1.210752,
        2.0956770000000002,
        1.801091,
        1.6260080000000001,
        2.4032970000000002,
        1.0394839999999999,
        1.324292,
        1.906482,
        1.2726140000000001,
        2.3408939999999996,
        1.903435,
        1.856407,
        1.7617,
        1.811809,
        1.3954980000000001,
        1.732258,
        2.397732,
        1.611536,
        1.620588,
        1.799146,
        2.107609,
        1.7492940000000001,
        0.0,
        1.567393,
        1.742051,
        1.791258,
        1.2942550000000002,
        1.890886,
        1.9676120000000001,
        1.17999,
        1.847221,
        0.9936280000000001,
        1.181155,
        1.842809,
        1.738266,
        3.092105,
        2.129448,
        1.2890039999999998,
        1.605644,
        1.943798,
        1.271042,
        1.3660450000000002,
        1.298794,
        1.719729,
        1.919759,
        3.154583,
        1.305933,
        1.836163,
        0.57875,
        1.797596,
        1.337531,
        1.777866,
        1.818343,
        1.8235270000000001,
        1.5269849999999998,
        1.909766,
        1.608349,
        1.604921,
        1.5103250000000001,
        1.7391679999999998
    ],
    [
        0.5264589999999999,
        0.755288,
        0.410676,
        0.264923,
        1.079682,
        0.978592,
        0.617625,
        0.6768339999999999,
        0.964367,
        1.142084,
        0.628361,
        0.36020800000000003,
        0.429447,
        0.611759,
        0.296005,
        0.36024,
        1.085237,
        1.132367,
        0.565472,
        0.6566000000000001,
        0.767221,
        0.181901,
        1.567393,
        0.0,
        0.631409,
        0.68004,
        0.402305,
        0.573036,
        0.45910500000000004,
        1.076904,
        0.5853189999999999,
        0.538081,
        1.049599,
        0.645749,
        0.170873,
        2.435318,
        1.473048,
        0.438618,
        0.102598,
        0.567095,
        0.9588869999999999,
        0.443932,
        0.44840800000000003,
        0.656993,
        0.601909,
        1.5865070000000001,
        0.459149,
        0.5279790000000001,
        0.988641,
        0.686378,
        0.306015,
        0.518653,
        1.161943,
        0.523402,
        0.278812,
        0.591917,
        0.040955,
        0.948521,
        0.295473,
        0.38900599999999996
    ],
    [
        0.944606,
        0.365877,
        0.406964,
        0.46859100000000004,
        0.55238,
        0.835416,
        0.467111,
        0.213392,
        0.715171,
        0.489978,
        0.210344,
        0.46227999999999997,
        0.367573,
        0.11871899999999999,
        0.496692,
        0.416462,
        0.5468160000000001,
        0.41587599999999997,
        0.171119,
        1.288009,
        0.377809,
        0.551613,
        1.742051,
        0.631409,
        0.0,
        0.093667,
        0.516092,
        0.492935,
        0.273931,
        1.0148139999999999,
        0.353937,
        0.771394,
        0.981226,
        0.15271,
        0.596808,
        1.3782560000000001,
        0.416403,
        0.498662,
        0.7340059999999999,
        0.5594199999999999,
        0.890513,
        0.408351,
        0.466229,
        0.2015,
        0.5218079999999999,
        1.588969,
        0.459089,
        0.438212,
        1.166289,
        0.100005,
        0.448843,
        0.393489,
        0.226065,
        0.425577,
        0.411114,
        0.5118159999999999,
        0.6723640000000001,
        0.485178,
        0.394453,
        0.354791
    ],
    [
        0.993813,
        0.344221,
        0.455595,
        0.517221,
        0.6008579999999999,
        0.884623,
        0.5163179999999999,
        0.26187,
        0.6658890000000001,
        0.538455,
        0.258822,
        0.510911,
        0.416204,
        0.167197,
        0.545323,
        0.46509300000000003,
        0.595294,
        0.32221,
        0.220326,
        1.33664,
        0.356153,
        0.600244,
        1.791258,
        0.68004,
        0.093667,
        0.0,
        0.565299,
        0.541413,
        0.322562,
        0.9211480000000001,
        0.402414,
        0.820601,
        0.827766,
        0.201187,
        0.645439,
        1.339845,
        0.377992,
        0.547869,
        0.7826369999999999,
        0.608051,
        0.807925,
        0.457558,
        0.515436,
        0.250707,
        0.570286,
        1.637446,
        0.508296,
        0.48669,
        1.2154960000000001,
        0.022893,
        0.49805,
        0.44212,
        0.132398,
        0.474054,
        0.46032100000000004,
        0.560294,
        0.720995,
        0.391512,
        0.44366,
        0.403422
    ],
    [
        0.529423,
        1.196482,
        0.59246,
        0.5416040000000001,
        1.5041010000000001,
        0.65313,
        0.098687,
        0.677532,
        0.532886,
        1.441699,
        0.6744840000000001,
        0.6477759999999999,
        0.5530689999999999,
        0.582859,
        0.17310599999999998,
        0.647854,
        1.498537,
        0.712341,
        0.391638,
        1.104464,
        1.2084139999999999,
        0.584206,
        1.2942550000000002,
        0.402305,
        0.516092,
        0.565299,
        0.0,
        0.633247,
        0.812166,
        0.8333809999999999,
        0.5895819999999999,
        0.33613099999999996,
        0.806076,
        0.58517,
        0.652537,
        2.1913780000000003,
        1.2295250000000002,
        0.063399,
        0.584262,
        0.686159,
        0.715364,
        0.19372,
        0.07318899999999999,
        0.46209100000000003,
        0.66212,
        2.042445,
        0.080328,
        0.578524,
        0.715502,
        0.539957,
        0.11027200000000001,
        0.520227,
        0.91842,
        0.565889,
        0.25932299999999997,
        0.652128,
        0.5226190000000001,
        0.704997,
        0.24266200000000002,
        0.481529
    ],
    [
        1.040608,
        0.409519,
        0.24241200000000002,
        0.38031200000000004,
        0.470051,
        0.984251,
        0.615946,
        0.331064,
        0.8640059999999999,
        0.424981,
        0.282591,
        0.296933,
        0.202225,
        0.374216,
        0.51214,
        0.260816,
        0.46448700000000004,
        0.8373120000000001,
        0.52632,
        1.236521,
        0.421451,
        0.449772,
        1.890886,
        0.573036,
        0.492935,
        0.541413,
        0.633247,
        0.0,
        0.11393,
        1.157366,
        0.13899899999999998,
        0.9202290000000001,
        1.130061,
        0.340226,
        0.494967,
        1.493988,
        0.532135,
        0.647497,
        0.6825180000000001,
        0.38731400000000005,
        1.0393489999999999,
        0.5571860000000001,
        0.6150639999999999,
        0.525334,
        0.028873000000000003,
        1.5066389999999998,
        0.607924,
        0.054723,
        1.315124,
        0.547751,
        0.5893959999999999,
        0.11302,
        0.64875,
        0.06735899999999999,
        0.457303,
        0.018881000000000002,
        0.620876,
        0.906614,
        0.473964,
        0.257673
    ],
    [
        0.926677,
        0.395501,
        0.152444,
        0.266381,
        0.380879,
        1.3788099999999999,
        0.948126,
        0.317047,
        1.2948689999999998,
        0.335809,
        0.26857400000000003,
        0.207761,
        0.113054,
        0.25428,
        0.312402,
        0.372631,
        0.375315,
        0.644771,
        0.352151,
        1.1157059999999999,
        0.407433,
        0.349403,
        1.9676120000000001,
        0.45910500000000004,
        0.273931,
        0.322562,
        0.812166,
        0.11393,
        0.0,
        1.407406,
        0.124981,
        0.868582,
        1.380101,
        0.288271,
        0.394598,
        1.47997,
        0.5181169999999999,
        0.769119,
        0.561703,
        0.298142,
        1.289389,
        0.774434,
        0.778909,
        0.299515,
        0.14280299999999999,
        1.6878630000000001,
        0.78965,
        0.068872,
        1.238458,
        0.32889999999999997,
        0.636517,
        0.096095,
        0.45496,
        0.064295,
        0.275501,
        0.13281,
        0.50006,
        1.2790219999999999,
        0.292162,
        0.093513
    ],
    [
        1.119938,
        1.152527,
        1.064579,
        1.216203,
        1.4601469999999999,
        0.61311,
        0.6883429999999999,
        1.1830180000000001,
        0.426142,
        1.3977439999999999,
        1.17997,
        1.119896,
        1.0251890000000001,
        1.0883450000000001,
        0.798538,
        1.3224529999999999,
        1.454582,
        0.693879,
        0.884077,
        1.7083320000000002,
        1.1644590000000001,
        1.2588050000000002,
        1.17999,
        1.076904,
        1.0148139999999999,
        0.9211480000000001,
        0.8333809999999999,
        1.157366,
        1.407406,
        0.0,
        1.111078,
        0.902814,
        0.027305,
        1.122335,
        1.424182,
        1.995596,
        1.186298,
        0.7301770000000001,
        1.51483,
        1.207654,
        0.11719199999999999,
        0.6398659999999999,
        0.697744,
        0.983586,
        1.183616,
        2.496735,
        0.690604,
        1.10002,
        0.612736,
        0.944041,
        0.770064,
        1.041723,
        0.872972,
        1.087384,
        0.789047,
        1.173623,
        1.2942639999999999,
        0.462734,
        0.7723869999999999,
        1.003025
    ],
    [
        1.049776,
        0.27052,
        0.19874799999999998,
        0.323401,
        0.423697,
        0.940586,
        0.5722809999999999,
        0.19206499999999999,
        0.820342,
        0.378627,
        0.14359200000000003,
        0.250579,
        0.158561,
        0.235217,
        0.468476,
        0.217151,
        0.418133,
        0.698313,
        0.47310399999999997,
        1.190167,
        0.282452,
        0.403418,
        1.847221,
        0.5853189999999999,
        0.353937,
        0.402414,
        0.5895819999999999,
        0.13899899999999998,
        0.124981,
        1.111078,
        0.0,
        0.876564,
        1.086396,
        0.20122700000000002,
        0.448613,
        1.354989,
        0.39313600000000004,
        0.603832,
        0.636164,
        0.34096,
        0.995684,
        0.513521,
        0.571399,
        0.5034839999999999,
        0.16787200000000002,
        1.460285,
        0.5642590000000001,
        0.08427599999999999,
        1.27146,
        0.408753,
        0.545731,
        0.069355,
        0.509751,
        0.07164,
        0.41363799999999995,
        0.157879,
        0.5745220000000001,
        0.767615,
        0.430299,
        0.214008
    ],
    [
        0.336864,
        1.3661079999999999,
        0.8274429999999999,
        0.67738,
        1.6737270000000002,
        0.404827,
        0.330663,
        0.9328339999999999,
        0.637957,
        1.6113250000000001,
        0.9297859999999999,
        0.882759,
        0.788052,
        0.8381609999999999,
        0.44687,
        0.78363,
        1.668163,
        0.881967,
        0.6469400000000001,
        0.925258,
        1.37804,
        0.719982,
        0.9936280000000001,
        0.538081,
        0.771394,
        0.820601,
        0.33613099999999996,
        0.9202290000000001,
        0.868582,
        0.902814,
        0.876564,
        0.0,
        0.9039790000000001,
        0.861567,
        0.8643780000000001,
        2.361732,
        1.3998789999999999,
        0.295375,
        0.731755,
        0.9625560000000001,
        0.889674,
        0.392397,
        0.305165,
        0.738488,
        0.9385180000000001,
        2.098862,
        0.312305,
        0.8549220000000001,
        0.414875,
        0.816355,
        0.388903,
        0.796625,
        1.088773,
        0.842286,
        0.53572,
        0.9285249999999999,
        0.73446,
        0.875351,
        0.51906,
        0.757927
    ],
    [
        1.121103,
        1.059145,
        1.0372750000000002,
        1.188899,
        1.366765,
        0.585806,
        0.661038,
        1.142666,
        0.398837,
        1.304362,
        1.139618,
        1.0925909999999999,
        0.997884,
        1.047993,
        0.771233,
        1.295148,
        1.361201,
        0.6458769999999999,
        0.8567720000000001,
        1.7094960000000001,
        1.071078,
        1.2315,
        1.181155,
        1.049599,
