[
    [
        0.0,
        0.280592,
        0.238423,
        0.341715,
        0.45683999999999997,
        0.663149,
        0.307371,
        0.367172,
        0.32981099999999997,
        0.496224,
        1.273586,
        0.052353000000000004,
        1.091389,
        0.38415499999999997,
        0.533438,
        0.834322,
        1.095754,
        0.426305,
        1.16518,
        0.905983
    ],
    [
        0.280592,
        0.0,
        0.148664,
        0.061123,
        0.176248,
        0.57339,
        0.054502,
        0.114302,
        0.04922,
        0.406464,
        1.41428,
        0.332945,
        1.00163,
        0.131286,
        0.409157,
        0.991745,
        0.986373,
        0.302024,
        1.3226040000000001,
        0.800991
    ],
    [
        0.238423,
        0.148664,
        0.0,
        0.209787,
        0.324912,
        0.424726,
        0.17544300000000002,
        0.235244,
        0.19788399999999998,
        0.25780000000000003,
        1.372112,
        0.29077600000000003,
        0.852966,
        0.195089,
        0.502964,
        0.949577,
        0.8573310000000001,
        0.395832,
        1.280436,
        0.6675599999999999
    ],
    [
        0.341715,
        0.061123,
        0.209787,
        0.0,
        0.115125,
        0.598765,
        0.11562399999999999,
        0.175425,
        0.026661999999999998,
        0.431839,
        1.475403,
        0.394068,
        1.0270050000000002,
        0.192408,
        0.348034,
        1.052868,
        0.9252509999999999,
        0.24090199999999998,
        1.3837270000000002,
        0.739869
    ],
    [
        0.45683999999999997,
        0.176248,
        0.324912,
        0.115125,
        0.0,
        0.7627619999999999,
        0.23075,
        0.213068,
        0.141788,
        0.462906,
        2.068835,
        0.499886,
        1.0695,
        0.23005199999999998,
        0.35256400000000004,
        1.437838,
        0.9529500000000001,
        0.24543199999999998,
        1.7686959999999998,
        0.767568
    ],
    [
        0.663149,
        0.57339,
        0.424726,
        0.598765,
        0.7627619999999999,
        0.0,
        0.522289,
        0.49844700000000003,
        0.625428,
        0.44447899999999996,
        1.476288,
        0.715503,
        0.48092399999999996,
        0.44044099999999997,
        1.003361,
        1.6525239999999999,
        0.832821,
        0.896229,
        1.998804,
        0.6430499999999999
    ],
    [
        0.307371,
        0.054502,
        0.17544300000000002,
        0.11562399999999999,
        0.23075,
        0.522289,
        0.0,
        0.06486499999999999,
        0.10372100000000001,
        0.355363,
        1.4410589999999999,
        0.359724,
        0.950528,
        0.081848,
        0.46981799999999996,
        1.018525,
        0.913005,
        0.36268599999999995,
        1.349383,
        0.723234
    ],
    [
        0.367172,
        0.114302,
        0.235244,
        0.175425,
        0.213068,
        0.49844700000000003,
        0.06486499999999999,
        0.0,
        0.163522,
        0.331521,
        1.5008599999999999,
        0.419525,
        0.926687,
        0.058006999999999996,
        0.44597699999999996,
        1.078325,
        0.889163,
        0.338845,
        1.409184,
        0.699393
    ],
    [
        0.32981099999999997,
        0.04922,
        0.19788399999999998,
        0.026661999999999998,
        0.141788,
        0.625428,
        0.10372100000000001,
        0.163522,
        0.0,
        0.458502,
        1.4635,
        0.38216500000000003,
        1.053667,
        0.180505,
        0.37469600000000003,
        1.040965,
        0.951913,
        0.267564,
        1.3718240000000002,
        0.766531
    ],
    [
        0.496224,
        0.406464,
        0.25780000000000003,
        0.431839,
        0.462906,
        0.44447899999999996,
        0.355363,
        0.331521,
        0.458502,
        0.0,
        1.4587080000000001,
        0.548577,
        0.872718,
        0.273515,
        0.6958150000000001,
        1.207377,
        0.877083,
        0.588682,
        1.5382360000000002,
        0.687313
    ],
    [
        1.273586,
        1.41428,
        1.372112,
        1.475403,
        2.068835,
        1.476288,
        1.4410589999999999,
        1.5008599999999999,
        1.4635,
        1.4587080000000001,
        0.0,
        1.2408610000000002,
        1.486931,
        1.526976,
        1.651347,
        0.77754,
        2.097694,
        1.626327,
        1.1306189999999998,
        1.938647
    ],
    [
        0.052353000000000004,
        0.332945,
        0.29077600000000003,
        0.394068,
        0.499886,
        0.715503,
        0.359724,
        0.419525,
        0.38216500000000003,
        0.548577,
        1.2408610000000002,
        0.0,
        1.0936379999999999,
        0.445418,
        0.545881,
        0.7643289999999999,
        1.149327,
        0.438749,
        1.095188,
        0.959557
    ],
    [
        1.091389,
        1.00163,
        0.852966,
        1.0270050000000002,
        1.0695,
        0.48092399999999996,
        0.950528,
        0.926687,
        1.053667,
        0.872718,
        1.486931,
        1.0936379999999999,
        0.0,
        0.8686799999999999,
        1.305776,
        1.711777,
        0.690663,
        1.198644,
        2.058057,
        0.678417
    ],
    [
        0.38415499999999997,
        0.131286,
        0.195089,
        0.192408,
        0.23005199999999998,
        0.44044099999999997,
        0.081848,
        0.058006999999999996,
        0.180505,
        0.273515,
        1.526976,
        0.445418,
        0.8686799999999999,
        0.0,
        0.46296,
        1.0953089999999999,
        0.873045,
        0.355828,
        1.426167,
        0.683275
    ],
    [
        0.533438,
        0.409157,
        0.502964,
        0.348034,
        0.35256400000000004,
        1.003361,
        0.46981799999999996,
        0.44597699999999996,
        0.37469600000000003,
        0.6958150000000001,
        1.651347,
        0.545881,
        1.305776,
        0.46296,
        0.0,
        1.2273699999999999,
        1.1892260000000001,
        0.107132,
        1.558229,
        1.003844
    ],
    [
        0.834322,
        0.991745,
        0.949577,
        1.052868,
        1.437838,
        1.6525239999999999,
        1.018525,
        1.078325,
        1.040965,
        1.207377,
        0.77754,
        0.7643289999999999,
        1.711777,
        1.0953089999999999,
        1.2273699999999999,
        0.0,
        2.310806,
        1.202349,
        0.669517,
        2.121036
    ],
    [
        1.095754,
        0.986373,
        0.8573310000000001,
        0.9252509999999999,
        0.9529500000000001,
        0.832821,
        0.913005,
        0.889163,
        0.951913,
        0.877083,
        2.097694,
        1.149327,
        0.690663,
        0.873045,
        1.1892260000000001,
        2.310806,
        0.0,
        1.067867,
        2.6570859999999996,
        0.203869
    ],
    [
        0.426305,
        0.302024,
        0.395832,
        0.24090199999999998,
        0.24543199999999998,
        0.896229,
        0.36268599999999995,
        0.338845,
        0.267564,
        0.588682,
        1.626327,
        0.438749,
        1.198644,
        0.355828,
        0.107132,
        1.202349,
        1.067867,
        0.0,
        1.594879,
        0.896712
    ],
    [
        1.16518,
        1.3226040000000001,
        1.280436,
        1.3837270000000002,
        1.7686959999999998,
        1.998804,
        1.349383,
        1.409184,
        1.3718240000000002,
        1.5382360000000002,
        1.1306189999999998,
        1.095188,
        2.058057,
        1.426167,
        1.558229,
        0.669517,
        2.6570859999999996,
        1.594879,
        0.0,
        2.467316
    ],
    [
        0.905983,
        0.800991,
        0.6675599999999999,
        0.739869,
        0.767568,
        0.6430499999999999,
        0.723234,
        0.699393,
        0.766531,
        0.687313,
        1.938647,
        0.959557,
        0.678417,
        0.683275,
        1.003844,
        2.121036,
        0.203869,
        0.896712,
        2.467316,
        0.0
    ]
]