[
    [
        0.0,
        0.408432,
        3.562812,
        0.292741,
        0.210895,
        0.364918,
        0.543558,
        0.452876,
        0.822457
    ],
    [
        0.408432,
        0.0,
        3.762707,
        0.628523,
        0.546677,
        0.043514000000000004,
        0.78275,
        0.379963,
        1.0616489999999998
    ],
    [
        3.562812,
        3.762707,
        0.0,
        3.703639,
        3.554208,
        3.42634,
        3.9544569999999997,
        3.7472440000000002,
        4.486253
    ],
    [
        0.292741,
        0.628523,
        3.703639,
        0.0,
        0.21208000000000002,
        0.585009,
        0.321299,
        0.269018,
        0.600198
    ],
    [
        0.210895,
        0.546677,
        3.554208,
        0.21208000000000002,
        0.0,
        0.50138,
        0.462897,
        0.35752300000000004,
        0.741796
    ],
    [
        0.364918,
        0.043514000000000004,
        3.42634,
        0.585009,
        0.50138,
        0.0,
        0.739236,
        0.336449,
        1.018135
    ],
    [
        0.543558,
        0.78275,
        3.9544569999999997,
        0.321299,
        0.462897,
        0.739236,
        0.0,
        0.449235,
        0.278899
    ],
    [
        0.452876,
        0.379963,
        3.7472440000000002,
        0.269018,
        0.35752300000000004,
        0.336449,
        0.449235,
        0.0,
        0.728657
    ],
    [
        0.822457,
        1.0616489999999998,
        4.486253,
        0.600198,
        0.741796,
        1.018135,
        0.278899,
        0.728657,
        0.0
    ]
]