[
    [
        0.0,
        2.980212,
        3.36646,
        2.415955,
        2.55344,
        3.187223,
        1.011525,
        2.9591190000000003,
        0.4639,
        2.887961,
        3.188395,
        0.124167,
        0.13880099999999998,
        2.8724920000000003,
        0.691215,
        3.0016089999999997,
        0.15160300000000002,
        0.299392,
        3.1811480000000003,
        1.762286
    ],
    [
        2.980212,
        0.0,
        0.386248,
        0.7331409999999999,
        5.011788999999999,
        0.32925099999999996,
        3.014386,
        0.366139,
        2.9405569999999996,
        0.294981,
        0.304365,
        3.00082,
        3.0347429999999997,
        2.193662,
        2.559043,
        0.021397,
        3.1300470000000002,
        3.1521179999999998,
        0.573889,
        3.299109
    ],
    [
        3.36646,
        0.386248,
        0.0,
        1.044378,
        5.398036,
        0.296825,
        3.3528670000000003,
        0.501215,
        3.326806,
        0.572372,
        0.284883,
        3.387068,
        3.420991,
        2.2364360000000003,
        2.945292,
        0.393995,
        3.516294,
        3.538366,
        0.610019,
        3.610346
    ],
    [
        2.415955,
        0.7331409999999999,
        1.044378,
        0.0,
        4.392949,
        0.7712680000000001,
        2.7334490000000002,
        0.5431630000000001,
        2.3763009999999998,
        0.472006,
        0.77244,
        2.436563,
        2.494662,
        2.009053,
        2.002977,
        0.754538,
        2.56579,
        2.587862,
        1.232561,
        2.565968
    ],
    [
        2.55344,
        5.011788999999999,
        5.398036,
        4.392949,
        0.0,
        5.087864,
        2.865364,
        4.8597600000000005,
        2.615218,
        4.788603,
        5.089036,
        2.415871,
        2.5963380000000003,
        5.429077,
        3.148752,
        4.90225,
        2.79839,
        2.264355,
        5.081789,
        2.7121999999999997
    ],
    [
        3.187223,
        0.32925099999999996,
        0.296825,
        0.7712680000000001,
        5.087864,
        0.0,
        3.343637,
        0.228104,
        3.147568,
        0.29926200000000003,
        0.024886,
        3.207831,
        3.2659290000000003,
        2.501809,
        2.774245,
        0.33699799999999996,
        3.337058,
        3.359129,
        0.8753920000000001,
        3.337236
    ],
    [
        1.011525,
        3.014386,
        3.3528670000000003,
        2.7334490000000002,
        2.865364,
        3.343637,
        0.0,
        3.154627,
        1.4590619999999999,
        3.0834699999999997,
        3.3187510000000002,
        1.115903,
        1.150326,
        2.418029,
        1.564485,
        3.035783,
        0.929997,
        1.2911279999999998,
        2.74873,
        2.770335
    ],
    [
        2.9591190000000003,
        0.366139,
        0.501215,
        0.5431630000000001,
        4.8597600000000005,
        0.228104,
        3.154627,
        0.0,
        2.919464,
        0.071157,
        0.229276,
        2.979727,
        3.0378249999999998,
        2.333903,
        2.54614,
        0.387536,
        3.108953,
        3.131025,
        0.9019349999999999,
        3.1091309999999996
    ],
    [
        0.4639,
        2.9405569999999996,
        3.326806,
        2.3763009999999998,
        2.615218,
        3.147568,
        1.4590619999999999,
        2.919464,
        0.0,
        2.850075,
        3.150509,
        0.354828,
        0.5202,
        3.2485,
        1.051058,
        2.963723,
        0.615503,
        0.35777,
        3.143262,
        1.401669
    ],
    [
        2.887961,
        0.294981,
        0.572372,
        0.472006,
        4.788603,
        0.29926200000000003,
        3.0834699999999997,
        0.071157,
        2.850075,
        0.0,
        0.30043400000000003,
        2.90857,
        2.9666669999999997,
        2.262746,
        2.4749830000000004,
        0.316378,
        3.0377959999999997,
        3.059868,
        0.830778,
        3.037974
    ],
    [
        3.188395,
        0.304365,
        0.284883,
        0.77244,
        5.089036,
        0.024886,
        3.3187510000000002,
        0.229276,
        3.150509,
        0.30043400000000003,
        0.0,
        3.209003,
        3.2671010000000003,
        2.4898670000000003,
        2.7754160000000003,
        0.312112,
        3.33823,
        3.3603009999999998,
        0.864604,
        3.338407
    ],
    [
        0.124167,
        3.00082,
        3.387068,
        2.436563,
        2.415871,
        3.207831,
        1.115903,
        2.979727,
        0.354828,
        2.90857,
        3.209003,
        0.0,
        0.18046700000000002,
        2.923496,
        0.73288,
        3.023986,
        0.27576999999999996,
        0.175225,
        3.203525,
        1.614701
    ],
    [
        0.13880099999999998,
        3.0347429999999997,
        3.420991,
        2.494662,
        2.5963380000000003,
        3.2659290000000003,
        1.150326,
        3.0378249999999998,
        0.5202,
        2.9666669999999997,
        3.2671010000000003,
        0.18046700000000002,
        0.0,
        2.743029,
        0.5582870000000001,
        2.925776,
        0.290404,
        0.355691,
        3.105314,
        1.818586
    ],
    [
        2.8724920000000003,
        2.193662,
        2.2364360000000003,
        2.009053,
        5.429077,
        2.501809,
        2.418029,
        2.333903,
        3.2485,
        2.262746,
        2.4898670000000003,
        2.923496,
        2.743029,
        0.0,
        2.858039,
        2.2160889999999998,
        2.7496419999999997,
        3.105899,
        1.879194,
        4.069083
    ],
    [
        0.691215,
        2.559043,
        2.945292,
        2.002977,
        3.148752,
        2.774245,
        1.564485,
        2.54614,
        1.051058,
        2.4749830000000004,
        2.7754160000000003,
        0.73288,
        0.5582870000000001,
        2.858039,
        0.0,
        2.522631,
        0.842818,
        0.908105,
        2.702169,
        2.041163
    ],
    [
        3.0016089999999997,
        0.021397,
        0.393995,
        0.754538,
        4.90225,
        0.33699799999999996,
        3.035783,
        0.387536,
        2.963723,
        0.316378,
        0.312112,
        3.023986,
        2.925776,
        2.2160889999999998,
        2.522631,
        0.0,
        3.151444,
        3.173515,
        0.552492,
        3.320506
    ],
    [
        0.15160300000000002,
        3.1300470000000002,
        3.516294,
        2.56579,
        2.79839,
        3.337058,
        0.929997,
        3.108953,
        0.615503,
        3.0377959999999997,
        3.33823,
        0.27576999999999996,
        0.290404,
        2.7496419999999997,
        0.842818,
        3.151444,
        0.0,
        0.45413,
        3.084655,
        1.913889
    ],
    [
        0.299392,
        3.1521179999999998,
        3.538366,
        2.587862,
        2.264355,
        3.359129,
        1.2911279999999998,
        3.131025,
        0.35777,
        3.059868,
        3.3603009999999998,
        0.175225,
        0.355691,
        3.105899,
        0.908105,
        3.173515,
        0.45413,
        0.0,
        3.378749,
        1.617644
    ],
    [
        3.1811480000000003,
        0.573889,
        0.610019,
        1.232561,
        5.081789,
        0.8753920000000001,
        2.74873,
        0.9019349999999999,
        3.143262,
        0.830778,
        0.864604,
        3.203525,
        3.105314,
        1.879194,
        2.702169,
        0.552492,
        3.084655,
        3.378749,
        0.0,
        3.699281
    ],
    [
        1.762286,
        3.299109,
        3.610346,
        2.565968,
        2.7121999999999997,
        3.337236,
        2.770335,
        3.1091309999999996,
        1.401669,
        3.037974,
        3.338407,
        1.614701,
        1.818586,
        4.069083,
        2.041163,
        3.320506,
        1.913889,
        1.617644,
        3.699281,
        0.0
    ]
]