[
    [
        0.0,
        1.357393,
        0.648242,
        0.613808,
        0.7122759999999999,
        0.4972,
        0.6731309999999999,
        1.340867,
        1.022189,
        0.6262190000000001,
        1.5860779999999999,
        2.856643,
        1.9475630000000002,
        0.646791,
        0.6098300000000001,
        0.570284,
        1.1594069999999999,
        0.916573,
        0.599938,
        1.0872270000000002
    ],
    [
        1.357393,
        0.0,
        1.89877,
        1.8861569999999999,
        1.984625,
        1.76955,
        1.94548,
        2.546591,
        1.1524670000000001,
        1.898568,
        0.592785,
        2.9191550000000004,
        3.1324229999999997,
        1.919141,
        1.835437,
        1.842634,
        1.997968,
        0.638208,
        1.872287,
        0.27016500000000004
    ],
    [
        0.648242,
        1.89877,
        0.0,
        0.207981,
        0.369074,
        0.165365,
        0.329929,
        0.767165,
        1.253549,
        0.220392,
        1.915522,
        2.9349000000000003,
        1.352997,
        0.260291,
        0.063332,
        0.077958,
        1.283234,
        1.479771,
        0.46464999999999995,
        1.650426
    ],
    [
        0.613808,
        1.8861569999999999,
        0.207981,
        0.0,
        0.253761,
        0.13093000000000002,
        0.214616,
        0.7899339999999999,
        1.433777,
        0.10507899999999999,
        2.09575,
        3.1151269999999998,
        1.375766,
        0.144978,
        0.24356,
        0.130023,
        1.463462,
        1.445337,
        0.34933600000000004,
        1.6159919999999999
    ],
    [
        0.7122759999999999,
        1.984625,
        0.369074,
        0.253761,
        0.0,
        0.292024,
        0.08399899999999999,
        0.628591,
        1.5950440000000001,
        0.14868199999999998,
        2.257018,
        3.286223,
        1.2450329999999998,
        0.108783,
        0.404654,
        0.291117,
        1.624729,
        1.543805,
        0.218719,
        1.71446
    ],
    [
        0.4972,
        1.76955,
        0.165365,
        0.13093000000000002,
        0.292024,
        0.0,
        0.25287899999999996,
        0.920615,
        1.302846,
        0.14334200000000002,
        1.96482,
        2.984197,
        1.5066959999999998,
        0.18324100000000001,
        0.11263,
        0.087407,
        1.3325319999999998,
        1.328729,
        0.300313,
        1.499384
    ],
    [
        0.6731309999999999,
        1.94548,
        0.329929,
        0.214616,
        0.08399899999999999,
        0.25287899999999996,
        0.0,
        0.7125900000000001,
        1.555899,
        0.10953700000000001,
        2.217873,
        3.23725,
        1.329032,
        0.069638,
        0.36550900000000003,
        0.25197200000000003,
        1.585585,
        1.50466,
        0.13472,
        1.675315
    ],
    [
        1.340867,
        2.546591,
        0.767165,
        0.7899339999999999,
        0.628591,
        0.920615,
        0.7125900000000001,
        0.0,
        1.922156,
        0.777273,
        2.58413,
        3.403427,
        0.6991539999999999,
        0.737374,
        0.8304969999999999,
        0.8451219999999999,
        1.902498,
        1.9208450000000001,
        0.8473099999999999,
        2.343051
    ],
    [
        1.022189,
        1.1524670000000001,
        1.253549,
        1.433777,
        1.5950440000000001,
        1.302846,
        1.555899,
        1.922156,
        0.0,
        1.420557,
        0.806218,
        2.405217,
        2.456599,
        1.460456,
        1.164585,
        1.2981010000000002,
        0.9499489999999999,
        0.609389,
        1.45356,
        1.104808
    ],
    [
        0.6262190000000001,
        1.898568,
        0.220392,
        0.10507899999999999,
        0.14868199999999998,
        0.14334200000000002,
        0.10953700000000001,
        0.777273,
        1.420557,
        0.0,
        2.1081619999999996,
        3.127539,
        1.393716,
        0.039899000000000004,
        0.25597200000000003,
        0.142434,
        1.475873,
        1.457748,
        0.244258,
        1.628403
    ],
    [
        1.5860779999999999,
        0.592785,
        1.915522,
        2.09575,
        2.257018,
        1.96482,
        2.217873,
        2.58413,
        0.806218,
        2.1081619999999996,
        0.0,
        2.3263670000000003,
        3.118572,
        2.0822640000000003,
        1.786392,
        1.919909,
        1.462634,
        0.799613,
        1.992281,
        0.706202
    ],
    [
        2.856643,
        2.9191550000000004,
        2.9349000000000003,
        3.1151269999999998,
        3.286223,
        2.984197,
        3.23725,
        3.403427,
        2.405217,
        3.127539,
        2.3263670000000003,
        0.0,
        3.962819,
        3.169668,
        2.873797,
        3.008978,
        1.769261,
        2.701925,
        3.164438,
        3.032572
    ],
    [
        1.9475630000000002,
        3.1324229999999997,
        1.352997,
        1.375766,
        1.2450329999999998,
        1.5066959999999998,
        1.329032,
        0.6991539999999999,
        2.456599,
        1.393716,
        3.118572,
        3.962819,
        0.0,
        1.3538160000000001,
        1.416329,
        1.430955,
        2.462401,
        2.5451219999999997,
        1.4637529999999999,
        2.959493
    ],
    [
        0.646791,
        1.919141,
        0.260291,
        0.144978,
        0.108783,
        0.18324100000000001,
        0.069638,
        0.737374,
        1.460456,
        0.039899000000000004,
        2.0822640000000003,
        3.169668,
        1.3538160000000001,
        0.0,
        0.295871,
        0.182334,
        1.5157729999999998,
        1.4976479999999999,
        0.204358,
        1.668302
    ],
    [
        0.6098300000000001,
        1.835437,
        0.063332,
        0.24356,
        0.404654,
        0.11263,
        0.36550900000000003,
        0.8304969999999999,
        1.164585,
        0.25597200000000003,
        1.786392,
        2.873797,
        1.416329,
        0.295871,
        0.0,
        0.133516,
        1.219902,
        1.4413589999999998,
        0.412943,
        1.6120139999999998
    ],
    [
        0.570284,
        1.842634,
        0.077958,
        0.130023,
        0.291117,
        0.087407,
        0.25197200000000003,
        0.8451219999999999,
        1.2981010000000002,
        0.142434,
        1.919909,
        3.008978,
        1.430955,
        0.182334,
        0.133516,
        0.0,
        1.3534179999999998,
        1.4018130000000002,
        0.386692,
        1.572468
    ],
    [
        1.1594069999999999,
        1.997968,
        1.283234,
        1.463462,
        1.624729,
        1.3325319999999998,
        1.585585,
        1.902498,
        0.9499489999999999,
        1.475873,
        1.462634,
        1.769261,
        2.462401,
        1.5157729999999998,
        1.219902,
        1.3534179999999998,
        0.0,
        1.45489,
        1.508877,
        1.950309
    ],
    [
        0.916573,
        0.638208,
        1.479771,
        1.445337,
        1.543805,
        1.328729,
        1.50466,
        1.9208450000000001,
        0.609389,
        1.457748,
        0.799613,
        2.701925,
        2.5451219999999997,
        1.4976479999999999,
        1.4413589999999998,
        1.4018130000000002,
        1.45489,
        0.0,
        1.431467,
        0.495419
    ],
    [
        0.599938,
        1.872287,
        0.46464999999999995,
        0.34933600000000004,
        0.218719,
        0.300313,
        0.13472,
        0.8473099999999999,
        1.45356,
        0.244258,
        1.992281,
        3.164438,
        1.4637529999999999,
        0.204358,
        0.412943,
        0.386692,
        1.508877,
        1.431467,
        0.0,
        1.6021210000000001
    ],
    [
        1.0872270000000002,
        0.27016500000000004,
        1.650426,
        1.6159919999999999,
        1.71446,
        1.499384,
        1.675315,
        2.343051,
        1.104808,
        1.628403,
        0.706202,
        3.032572,
        2.959493,
        1.668302,
        1.6120139999999998,
        1.572468,
        1.950309,
        0.495419,
        1.6021210000000001,
        0.0
    ]
]