[
    [
        0.0,
        1.9021320000000002,
        1.088953,
        1.350741,
        1.325701,
        0.5406920000000001,
        1.984068,
        3.568087,
        0.76476,
        1.508053,
        1.067739,
        3.311397,
        2.476596,
        3.553411,
        3.751078,
        1.206788,
        1.749692,
        3.156774,
        0.38000799999999996,
        1.450099
    ],
    [
        1.9021320000000002,
        0.0,
        1.974502,
        1.858111,
        2.473205,
        2.0548699999999998,
        2.125479,
        2.862838,
        2.10446,
        0.382719,
        1.704937,
        3.2228649999999996,
        2.56987,
        4.753984999999999,
        5.012395000000001,
        1.803685,
        1.445526,
        2.645613,
        1.81287,
        1.678837
    ],
    [
        1.088953,
        1.974502,
        0.0,
        1.949973,
        0.600639,
        1.497357,
        1.304565,
        2.96845,
        1.631078,
        1.5923230000000002,
        1.666971,
        2.772659,
        1.909221,
        2.892157,
        3.150567,
        1.80602,
        1.3848,
        2.540024,
        1.068454,
        0.964134
    ],
    [
        1.350741,
        1.858111,
        1.949973,
        0.0,
        2.446493,
        0.8785940000000001,
        2.248779,
        3.816504,
        0.7956420000000001,
        1.640279,
        0.28300200000000003,
        3.572424,
        2.737623,
        4.732604,
        5.144099,
        0.15677000000000002,
        1.999613,
        3.458151,
        0.9704579999999999,
        1.707801
    ],
    [
        1.325701,
        2.473205,
        0.600639,
        2.446493,
        0.0,
        1.7987529999999998,
        1.276928,
        2.943828,
        2.067304,
        2.0942629999999998,
        2.165134,
        2.690588,
        1.8321749999999999,
        2.489781,
        2.748191,
        2.3041840000000002,
        1.624605,
        2.515402,
        1.566617,
        1.1844860000000001
    ],
    [
        0.5406920000000001,
        2.0548699999999998,
        1.497357,
        0.8785940000000001,
        1.7987529999999998,
        0.0,
        2.3907399999999996,
        3.977045,
        0.293274,
        1.904626,
        0.5958669999999999,
        3.718069,
        2.883268,
        4.026463000000001,
        4.312994,
        0.734917,
        2.158649,
        3.565732,
        0.427786,
        1.856771
    ],
    [
        1.984068,
        2.125479,
        1.304565,
        2.248779,
        1.276928,
        2.3907399999999996,
        0.0,
        1.6970480000000001,
        2.472963,
        1.7592889999999999,
        2.071323,
        1.47126,
        0.63646,
        3.277177,
        3.535587,
        2.210373,
        0.790412,
        1.268621,
        1.912372,
        0.699524
    ],
    [
        3.568087,
        2.862838,
        2.96845,
        3.816504,
        2.943828,
        3.977045,
        1.6970480000000001,
        0.0,
        4.19724,
        2.888629,
        3.795601,
        0.493095,
        1.181669,
        3.428094,
        3.996457,
        3.758915,
        1.886371,
        0.44629,
        3.636649,
        2.2176039999999997
    ],
    [
        0.76476,
        2.10446,
        1.631078,
        0.7956420000000001,
        2.067304,
        0.293274,
        2.472963,
        4.19724,
        0.0,
        1.874535,
        0.51264,
        3.85227,
        3.017469,
        4.2980540000000005,
        4.539454,
        0.651689,
        2.292384,
        3.6994670000000003,
        0.561988,
        1.990972
    ],
    [
        1.508053,
        0.382719,
        1.5923230000000002,
        1.640279,
        2.0942629999999998,
        1.904626,
        1.7592889999999999,
        2.888629,
        1.874535,
        0.0,
        1.475011,
        3.021952,
        2.1871509999999996,
        4.371267,
        4.629676000000001,
        1.57376,
        1.062808,
        2.662473,
        1.477107,
        1.2961179999999999
    ],
    [
        1.067739,
        1.704937,
        1.666971,
        0.28300200000000003,
        2.165134,
        0.5958669999999999,
        2.071323,
        3.795601,
        0.51264,
        1.475011,
        0.0,
        3.394969,
        2.560168,
        4.449602,
        4.861097,
        0.187654,
        1.889564,
        3.296647,
        0.6874560000000001,
        1.530346
    ],
    [
        3.311397,
        3.2228649999999996,
        2.772659,
        3.572424,
        2.690588,
        3.718069,
        1.47126,
        0.493095,
        3.85227,
        3.021952,
        3.394969,
        0.0,
        0.911845,
        3.014025,
        3.582389,
        3.563323,
        2.082473,
        0.573419,
        3.2653220000000003,
        1.991817
    ],
    [
        2.476596,
        2.56987,
        1.909221,
        2.737623,
        1.8321749999999999,
        2.883268,
        0.63646,
        1.181669,
        3.017469,
        2.1871509999999996,
        2.560168,
        0.911845,
        0.0,
        3.168397,
        3.425011,
        2.728522,
        1.247904,
        0.7532430000000001,
        2.430521,
        1.157016
    ],
    [
        3.553411,
        4.753984999999999,
        2.892157,
        4.732604,
        2.489781,
        4.026463000000001,
        3.277177,
        3.428094,
        4.2980540000000005,
        4.371267,
        4.449602,
        3.014025,
        3.168397,
        0.0,
        1.407571,
        4.645832,
        3.8907420000000004,
        3.1364430000000003,
        3.9082649999999997,
        3.450623
    ],
    [
        3.751078,
        5.012395000000001,
        3.150567,
        5.144099,
        2.748191,
        4.312994,
        3.535587,
        3.996457,
        4.539454,
        4.629676000000001,
        4.861097,
        3.582389,
        3.425011,
        1.407571,
        0.0,
        4.904242,
        4.252279000000001,
        3.7048069999999997,
        4.126284,
        3.709033
    ],
    [
        1.206788,
        1.803685,
        1.80602,
        0.15677000000000002,
        2.3041840000000002,
        0.734917,
        2.210373,
        3.758915,
        0.651689,
        1.57376,
        0.187654,
        3.563323,
        2.728522,
        4.645832,
        4.904242,
        0.0,
        1.994575,
        3.401657,
        0.821032,
        1.669395
    ],
    [
        1.749692,
        1.445526,
        1.3848,
        1.999613,
        1.624605,
        2.158649,
        0.790412,
        1.886371,
        2.292384,
        1.062808,
        1.889564,
        2.082473,
        1.247904,
        3.8907420000000004,
        4.252279000000001,
        1.994575,
        0.0,
        1.6043150000000002,
        1.723335,
        0.657658
    ],
    [
        3.156774,
        2.645613,
        2.540024,
        3.458151,
        2.515402,
        3.565732,
        1.268621,
        0.44629,
        3.6994670000000003,
        2.662473,
        3.296647,
        0.573419,
        0.7532430000000001,
        3.1364430000000003,
        3.7048069999999997,
        3.401657,
        1.6043150000000002,
        0.0,
        3.062683,
        1.7891780000000002
    ],
    [
        0.38000799999999996,
        1.81287,
        1.068454,
        0.9704579999999999,
        1.566617,
        0.427786,
        1.912372,
        3.636649,
        0.561988,
        1.477107,
        0.6874560000000001,
        3.2653220000000003,
        2.430521,
        3.9082649999999997,
        4.126284,
        0.821032,
        1.723335,
        3.062683,
        0.0,
        1.428984
    ],
    [
        1.450099,
        1.678837,
        0.964134,
        1.707801,
        1.1844860000000001,
        1.856771,
        0.699524,
        2.2176039999999997,
        1.990972,
        1.2961179999999999,
        1.530346,
        1.991817,
        1.157016,
        3.450623,
        3.709033,
        1.669395,
        0.657658,
        1.7891780000000002,
        1.428984,
        0.0
    ]
]