[
    [
        0.0,
        0.06106,
        1.8106600000000002,
        2.4261909999999998,
        0.098513,
        0.312913,
        4.7066360000000005,
        1.212509,
        1.509617,
        4.38779
    ],
    [
        0.06106,
        0.0,
        1.749778,
        2.365132,
        0.065149,
        0.312132,
        4.645577,
        1.168776,
        1.448558,
        4.354267
    ],
    [
        1.8106600000000002,
        1.749778,
        0.0,
        2.879491,
        1.81683,
        2.063812,
        3.8962269999999997,
        0.8406269999999999,
        2.4181880000000002,
        5.988634
    ],
    [
        2.4261909999999998,
        2.365132,
        2.879491,
        0.0,
        2.343483,
        2.176543,
        3.077452,
        2.494748,
        0.9660460000000001,
        3.1014079999999997
    ],
    [
        0.098513,
        0.065149,
        1.81683,
        2.343483,
        0.0,
        0.246983,
        4.632311,
        1.216341,
        1.430763,
        4.289117
    ],
    [
        0.312913,
        0.312132,
        2.063812,
        2.176543,
        0.246983,
        0.0,
        4.497039,
        1.463805,
        1.258181,
        4.074877
    ],
    [
        4.7066360000000005,
        4.645577,
        3.8962269999999997,
        3.077452,
        4.632311,
        4.497039,
        0.0,
        4.742318,
        3.708206,
        5.42229
    ],
    [
        1.212509,
        1.168776,
        0.8406269999999999,
        2.494748,
        1.216341,
        1.463805,
        4.742318,
        0.0,
        1.972883,
        5.40829
    ],
    [
        1.509617,
        1.448558,
        2.4181880000000002,
        0.9660460000000001,
        1.430763,
        1.258181,
        3.708206,
        1.972883,
        0.0,
        3.610085
    ],
    [
        4.38779,
        4.354267,
        5.988634,
        3.1014079999999997,
        4.289117,
        4.074877,
        5.42229,
        5.40829,
        3.610085,
        0.0
    ]
]