[
  [
    0.0, 1.617673, 0.34848700000000005, 2.472476, 1.149005, 0.7539779999999999,
    0.48019, 2.071009, 0.664106, 1.211557, 1.2551759999999998,
    1.9797960000000001, 1.231283, 1.795097, 1.198518, 1.154925, 1.743163,
    1.44591, 2.0799630000000002, 0.453934, 1.431619, 1.110324,
    1.1211929999999999, 1.591165, 2.382973, 1.663323, 2.02074, 0.996738,
    0.29464999999999997, 1.376414, 1.09321, 2.535544, 1.895373, 1.214729,
    0.200216, 2.136982, 1.227613, 2.6921709999999996, 2.442901,
    2.6505189999999996, 0.582744, 2.131366, 0.239179, 1.464305,
    1.4384849999999998, 2.7746950000000004, 1.680937, 0.986759, 0.702966,
    1.179646, 0.327385, 1.728367, 1.456135, 1.258624, 0.34198399999999995,
    1.38618, 0.047686, 1.6699490000000001, 1.996178, 1.296656, 2.536175,
    0.631908, 0.38051799999999997, 0.8280080000000001, 1.740489,
    1.3952280000000001, 1.434119, 1.5001980000000001, 0.572095, 1.235227,
    0.935096, 1.509885, 0.20003, 1.387324, 2.4356280000000003, 1.368677,
    1.0900139999999998, 1.966864, 0.196182, 0.902115, 1.015449, 1.015463,
    0.9852770000000001, 1.31874, 1.3172570000000001, 1.3035409999999998,
    1.407681, 1.24885, 0.400226, 1.352523, 1.936336, 0.890633, 0.324592,
    0.355721, 1.134887, 1.794772, 0.8234009999999999, 1.3155899999999998,
    1.3896300000000001, 1.3896300000000001, 1.736771, 0.592952, 0.839041,
    1.6736389999999999, 0.6079779999999999, 2.14596, 1.084744, 2.718493,
    2.446647, 2.95654, 2.202878, 2.513728, 1.621183, 1.482424
  ],
  [
    1.617673, 0.0, 1.811949, 0.889577, 0.5569400000000001, 1.953923,
    1.8025419999999999, 1.56613, 1.6329369999999999, 0.589635, 0.565209,
    1.59942, 0.414391, 0.571194, 0.621867, 0.6694779999999999, 1.168557,
    0.6239589999999999, 1.230022, 1.8076400000000001, 0.30938499999999997,
    2.95778, 1.052505, 0.719395, 1.807713, 1.634269, 1.375046, 0.713336,
    1.648355, 1.370813, 1.0145, 1.9602840000000001, 2.014052, 1.198452,
    1.8299020000000001, 1.561721, 0.6114210000000001, 2.116911,
    1.6835239999999998, 2.327734, 1.66738, 1.3029169999999999, 1.678215,
    1.458703, 1.011874, 2.2804189999999998, 1.888221, 0.785476, 2.636209,
    0.727209, 1.68109, 0.33041699999999996, 0.981852, 0.35904899999999995,
    1.8054469999999998, 3.233636, 1.8119239999999999, 0.446046, 0.970615,
    0.573748, 0.995405, 1.3892660000000001, 1.847802, 0.767851, 1.169429,
    1.072849, 1.6207349999999998, 0.434575, 1.3141610000000001, 0.478677,
    1.2420129999999998, 0.732957, 1.829716, 1.381722, 0.8948579999999999,
    1.5541800000000001, 2.93747, 0.699167, 1.6634280000000001, 0.727318,
    0.694626, 0.694612, 1.131372, 0.8921290000000001, 0.8906459999999999,
    0.802319, 0.433388, 1.183354, 1.459384, 1.2289670000000001,
    1.0322770000000001, 1.444779, 1.678297, 1.819184, 1.571165,
    1.1441379999999999, 1.676367, 1.3099880000000002, 1.384028, 1.384028,
    0.119098, 1.884406, 2.5259, 1.6801869999999999, 2.209303, 0.604097,
    2.4142379999999997, 1.555721, 1.71373, 1.6909239999999999, 1.557885,
    1.090967, 2.500766, 0.135249
  ],
  [
    0.34848700000000005, 1.811949, 0.0, 2.424816, 1.101345, 0.670207,
    0.43123500000000003, 1.9618140000000002, 0.509519, 1.163896, 1.207516,
    1.858841, 1.1836220000000002, 1.747436, 1.150858, 1.1072650000000002,
    1.70468, 1.39825, 2.04148, 0.406274, 1.383958, 1.4466569999999999, 1.053456,
    1.6189639999999998, 2.2737779999999996, 1.5423689999999999, 2.037351,
    0.949078, 0.24699000000000002, 1.267219, 1.0254729999999999, 2.426349,
    2.044964, 1.235664, 0.31877999999999995, 2.027787, 1.179953, 2.582976,
    2.3337060000000003, 2.800111, 0.428157, 2.010411, 0.191519, 1.355109,
    1.370748, 2.924286, 1.526351, 0.939099, 1.08013, 1.1319860000000002,
    0.279725, 1.6807070000000002, 1.33518, 1.210964, 0.067583,
    1.7225139999999999, 0.300801, 1.622289, 2.044059, 1.2489949999999999,
    2.488515, 0.451387, 0.21758000000000002, 0.780347, 1.7020060000000001,
    1.416163, 1.324924, 1.452538, 0.524435, 1.1875660000000001, 0.887436,
    1.571446, 0.318594, 1.2781289999999998, 2.352952, 1.247723, 1.426348,
    1.919203, 0.152305, 0.8544550000000001, 0.967789, 0.967802,
    0.9175399999999999, 1.2510029999999999, 1.24952, 1.2358040000000001,
    1.360021, 1.127896, 0.352566, 1.3382159999999999, 1.888676, 0.769678,
    0.276932, 0.08131999999999999, 1.013932, 1.756289, 0.702446,
    1.2063949999999999, 1.280435, 1.280435, 1.689111, 0.38675, 0.988632,
    1.552684, 0.672388, 2.0983, 1.234335, 2.735528, 2.3374520000000003,
    2.973575, 2.081924, 2.4660680000000004, 1.466596, 1.434763
  ],
  [
    2.472476, 0.889577, 2.424816, 0.0, 1.446517, 2.349333, 2.4154079999999998,
    2.0409960000000003, 2.245803, 1.4193630000000002, 1.558843, 2.239727,
    1.400148, 0.8510059999999999, 1.615501, 1.6684469999999998, 1.643422,
    1.436036, 1.704887, 2.420506, 1.198962, 3.570646, 2.174861,
    1.3308900000000001, 1.968248, 2.274576, 1.849911, 1.712306, 2.261221,
    2.0699720000000004, 2.1368560000000003, 2.120578, 2.488917,
    1.8099480000000001, 2.4427689999999997, 1.953066, 1.6050550000000001,
    1.96395, 1.7758720000000001, 2.697385, 2.280246, 1.913996, 2.291081,
    2.157862, 1.719879, 2.624359, 2.5285279999999997, 2.012485, 3.249075,
    1.876782, 2.293957, 0.94623, 1.593348, 1.248626, 2.418313,
    3.8465030000000002, 2.42479, 0.935747, 1.370579, 1.567382, 0.784963,
    2.002132, 2.460668, 1.851248, 1.6442940000000001, 1.684345, 2.096692,
    1.051745, 1.927027, 1.3682539999999999, 1.85488, 1.344453, 2.442583,
    2.080882, 0.811056, 2.165676, 3.550337, 1.1865830000000002, 2.276294,
    1.6168959999999999, 1.693595, 1.693581, 2.253728, 1.9209829999999999,
    1.9195, 1.831173, 1.322965, 1.796221, 2.07225, 1.90611, 1.507142, 2.057645,
    2.291163, 2.4320500000000003, 2.182661, 1.6190039999999999,
    2.2892330000000003, 2.009147, 2.0831869999999997, 2.0831869999999997,
    0.770479, 2.4972719999999997, 2.92131, 2.320494, 2.8221689999999997,
    0.356734, 3.105066, 1.2780429999999998, 1.810138, 1.410123, 2.198192,
    0.47814100000000004, 3.112261, 1.024826
  ],
  [
    1.149005, 0.5569400000000001, 1.101345, 1.446517, 0.0, 0.907146, 1.091937,
    1.438904, 1.038152, 0.38133, 0.206196, 1.455592, 0.375359,
    1.1018320000000001, 0.25240199999999996, 0.09661700000000001, 1.054067,
    0.326533, 1.272203, 1.097035, 0.37088600000000005, 2.2471750000000004,
    0.479644, 0.906912, 1.728045, 1.2074880000000001, 1.3518430000000001,
    0.140476, 0.937751, 0.830202, 0.441639, 1.880615, 1.441115, 0.574495,
    1.119298, 1.482053, 0.25240799999999997, 2.037243, 1.7257049999999998,
    2.090276, 0.9567749999999999, 1.35103, 0.96761, 0.918092,
    0.5118039999999999, 2.1531930000000004, 1.4566780000000001, 0.212615,
    1.925604, 0.233529, 0.970486, 0.70265, 0.6510779999999999,
    0.19789199999999998, 1.094842, 2.523032, 1.101319, 0.9766849999999999,
    1.332006, 0.214734, 1.475442, 0.678661, 1.1371969999999998, 0.299183,
    0.976998, 0.730997, 0.887907, 0.8069339999999999, 0.6035560000000001,
    0.174494, 0.6525489999999999, 0.7034020000000001, 1.119112, 0.841112,
    1.374895, 0.962361, 2.226866, 0.847487, 0.952823, 0.258651, 0.121765,
    0.121751, 0.558511, 0.39205900000000005, 0.39057600000000003, 0.379731,
    0.28830399999999995, 0.59389, 0.748779, 0.688356, 0.81696, 0.855314,
    0.967692, 1.108579, 0.921066, 0.928821, 1.086902, 0.769377,
    0.8434170000000001, 0.8434170000000001, 0.676038, 1.173802, 1.479123,
    1.2673230000000002, 1.500767, 1.205535, 1.724826, 1.864129, 1.755911,
    2.1709609999999997, 1.605998, 1.820463, 1.857731, 0.421691
  ],
  [
    0.7539779999999999, 1.953923, 0.670207, 2.349333, 0.907146, 0.0, 1.221573,
    1.3170309999999998, 1.2259010000000001, 1.3155160000000001, 0.909134,
    2.3966849999999997, 1.335242, 1.862362, 0.852476, 0.841364, 0.989185,
    1.110198, 1.325985, 0.9285869999999999, 1.219792, 1.702547, 0.553689,
    1.656064, 1.628995, 1.8211110000000001, 1.266762, 0.924411, 1.036033,
    0.622436, 0.61741, 1.781566, 1.233349, 1.4489400000000001,
    0.9415990000000001, 1.383004, 0.881571, 1.938193, 1.688923, 1.893764,
    1.1583599999999998, 2.1001819999999998, 0.980562, 0.710327, 0.774513,
    2.017939, 2.020782, 0.869058, 1.405717, 0.758866, 1.068768, 1.438565,
    1.576817, 1.1517940000000002, 0.648799, 1.894201, 0.8016639999999999,
    1.737215, 2.081158, 0.950613, 1.8622180000000002, 0.880247, 1.121901,
    0.872528, 0.9865109999999999, 1.690383, 0.680141, 1.567464,
    0.8063060000000001, 1.028709, 1.169307, 1.4525540000000001, 0.941413,
    0.633346, 1.76167, 1.526465, 1.633653, 1.193509, 0.9375650000000001,
    0.831715, 0.9431219999999999, 0.943135, 0.48279, 0.732816,
    0.7342989999999999, 0.827741, 1.095788, 1.361928, 0.851505, 0.598545,
    1.153754, 1.1889539999999998, 1.065975, 0.635062, 1.2926739999999999,
    1.040794, 1.256499, 0.561612, 0.635652, 0.635652, 1.5964500000000001,
    1.103132, 0.571977, 1.831426, 1.361956, 2.274427, 0.81768, 1.964515,
    1.6926690000000002, 2.202562, 2.35515, 2.57071, 2.236025, 1.393927
  ],
  [
    0.48019, 1.8025419999999999, 0.43123500000000003, 2.4154079999999998,
    1.091937, 1.221573, 0.0, 2.141839, 0.25047200000000003, 1.198857, 1.232057,
    1.5062929999999999, 1.208163, 1.7726600000000001, 1.1753989999999999,
    1.131806, 1.757002, 1.422791, 2.093802, 0.44839, 1.408499, 1.616426,
    1.105778, 1.259729, 2.45094, 1.183134, 2.089673, 0.973619,
    0.31279199999999996, 1.585093, 1.077796, 2.603511, 2.1960059999999997,
    0.876429, 0.45048200000000005, 2.204948, 1.204494, 2.760138, 2.510868,
    2.85642, 0.16911099999999998, 1.651177, 0.298794, 1.6729829999999999,
    1.393941, 2.856128, 1.230972, 0.9636399999999999, 0.899317,
    1.1565260000000002, 0.353714, 1.740263, 0.975946, 1.235505, 0.426027,
    1.892283, 0.432504, 1.647513, 1.684824, 1.273536, 2.513056,
    0.41327600000000003, 0.228869, 0.804888, 1.7543279999999999, 1.056928,
    1.642797, 1.477762, 0.6062029999999999, 1.212107, 0.7114729999999999,
    1.212211, 0.450296, 1.5960029999999998, 2.412509, 0.888488, 1.623356,
    1.93849, 0.284008, 0.878995, 0.99233, 0.992343, 0.969862,
    1.2741959999999999, 1.272713, 1.302728, 1.3845619999999998,
    0.7686609999999999, 0.427089, 1.390538, 1.907962, 0.410443, 0.319048,
    0.439764, 0.654697, 1.808612, 0.343211, 1.524268, 1.598308, 1.598308,
    1.713652, 0.081864, 1.306635, 1.193449, 0.40676100000000004, 2.184725,
    1.552339, 2.7878499999999997, 2.5146129999999998, 3.025897,
    1.7226890000000001, 2.2329760000000003, 1.1712170000000002,
    1.4593040000000002
  ],
  [
    2.071009, 1.56613, 1.9618140000000002, 2.0409960000000003, 1.438904,
    1.3170309999999998, 2.141839, 0.0, 2.2534229999999997, 1.6966590000000001,
    1.2926710000000001, 2.827192, 1.7019259999999998, 1.905323, 1.236013,
    1.2968689999999998, 0.42645, 1.422644, 0.46261399999999997,
    1.8579590000000001, 1.532237, 3.019578, 1.158847, 2.341406, 0.644624,
    2.644687, 0.36793200000000004, 1.4249829999999999, 1.993977, 0.802697,
    1.138374, 0.660379, 0.570941, 1.9460950000000001, 2.2018760000000004,
    0.39863299999999996, 1.265108, 0.817006, 0.7045520000000001,
    0.7616040000000001, 2.142957, 2.924928, 2.023836, 0.904134, 0.958295,
    0.714289, 2.844357, 1.3528440000000002, 2.722748, 1.217141, 2.026712,
    1.248077, 2.022677, 1.524459, 1.96583, 3.211232, 2.183898, 1.928674,
    2.4532420000000004, 1.3341500000000002, 1.555964, 1.864843, 2.25783,
    1.511595, 0.5110779999999999, 2.102596, 0.754761, 2.056586, 1.789738,
    1.4122460000000001, 1.88351, 2.075002, 2.20169, 0.827154, 1.455417,
    2.350041, 2.9506840000000003, 0.887255, 2.009049, 1.4454749999999998,
    1.433182, 1.4331690000000001, 1.255398, 1.064924, 1.0664069999999999,
    1.1715309999999999, 1.408234, 1.96549, 1.8194590000000002, 0.839442,
    0.847501, 2.115158, 2.023918, 1.952093, 2.11625, 0.583409,
    2.2410949999999996, 0.755419, 0.8294600000000001, 0.8294600000000001,
    1.541115, 2.2944340000000003, 1.8171769999999998, 2.655002,
    2.6193310000000003, 1.6955909999999998, 1.733584, 0.980144, 0.708298,
    1.218191, 3.1798960000000003, 2.3653969999999997, 3.052915, 1.625096
  ],
  [
    0.664106, 1.6329369999999999, 0.509519, 2.245803, 1.038152,
    1.2259010000000001, 0.25047200000000003, 2.2534229999999997, 0.0, 0.987793,
    1.1734120000000001, 1.349136, 1.149518, 1.575915, 1.1167539999999998,
    1.073161, 1.777612, 1.3641459999999999, 2.114413, 0.61683, 1.349854,
    1.823507, 1.126388, 1.142942, 2.47155, 1.032663, 2.110283,
    0.9149740000000001, 0.481231, 1.526448, 1.098406, 2.624121, 2.137361,
    0.759642, 0.423751, 2.225559, 1.145849, 2.780748, 2.531479, 2.797775,
    0.18839599999999998, 1.5007059999999999, 0.424927, 1.614338, 1.335297,
    2.921951, 1.2030809999999998, 0.904995, 1.141687, 1.097882, 0.522153,
    1.681619, 0.859159, 1.1768599999999998, 0.577102, 2.099364, 0.600943,
    1.4507670000000001, 1.5680370000000001, 1.2148910000000002, 2.454411,
    0.475401, 0.36234, 0.7462430000000001, 1.774939, 0.983684, 1.584153,
    1.2810160000000002, 0.547558, 1.153462, 0.5378350000000001, 1.095424,
    0.423936, 1.537358, 2.353864, 0.738017, 1.8304369999999999, 1.879845,
    0.452447, 0.820351, 0.933685, 0.933698, 0.990472, 1.215552, 1.214068,
    1.244083, 1.325917, 0.6518740000000001, 0.5374329999999999,
    1.4111479999999998, 1.849317, 0.386029, 0.487487, 0.590839, 0.504227,
    1.829222, 0.241741, 1.4656230000000001, 1.539663, 1.539663,
    1.6550070000000001, 0.24945900000000001, 1.475074, 1.042979, 0.649131,
    1.919287, 1.720777, 2.80846, 2.5352240000000004, 3.0465079999999998,
    1.5722180000000001, 2.116189, 1.143327, 1.400659
  ],
  [
    1.211557, 0.589635, 1.163896, 1.4193630000000002, 0.38133,
    1.3155160000000001, 1.198857, 1.6966590000000001, 0.987793, 0.0, 0.392352,
    1.189662, 0.179037, 0.723392, 0.44900999999999996, 0.456061, 1.164905,
    0.504543, 1.367296, 1.159586, 0.412589, 2.3097269999999996, 0.805692,
    0.51946, 1.826973, 1.1485889999999999, 1.4469349999999999, 0.499919,
    1.000302, 1.2222760000000001, 0.767687, 1.9795440000000002, 1.833188,
    0.515596, 1.181849, 1.577145, 0.438564, 2.136171, 1.820797, 2.344772,
    1.019327, 1.078127, 1.030162, 1.310166, 0.8924589999999999, 2.297457,
    1.397779, 0.601739, 1.988156, 0.525066, 1.033037, 0.709337,
    0.37817500000000004, 0.239594, 1.157394, 2.585584, 1.163871, 0.598244,
    0.924473, 0.40088999999999997, 1.4821289999999998, 0.741213, 1.199749,
    0.442988, 1.07209, 0.49174, 1.2799800000000001, 0.428493,
    0.6661079999999999, 0.291828, 0.59365, 0.430499, 1.181663, 1.233185,
    1.381582, 0.903463, 2.289417, 0.942579, 1.015375, 0.5170950000000001,
    0.481209, 0.481195, 0.940372, 0.772714, 0.771231, 0.682904, 0.383396,
    0.534991, 0.811331, 1.08043, 0.912052, 0.796415, 1.030244,
    1.1711310000000001, 0.8640209999999999, 1.023913, 1.028004, 1.161451,
    1.235491, 1.235491, 0.717741, 1.216032, 1.860984, 1.208424, 1.536251,
    1.072885, 2.106687, 1.959221, 1.851003, 2.177648, 1.333096,
    1.4420229999999998, 1.807372, 0.46339400000000003
  ],
  [
    1.2551759999999998, 0.565209, 1.207516, 1.558843, 0.206196, 0.909134,
    1.232057, 1.2926710000000001, 1.1734120000000001, 0.392352, 0.0,
    1.6321590000000001, 0.39761900000000006, 1.112392, 0.056658,
    0.21244300000000002, 0.924117, 0.23147800000000002, 1.2609169999999998,
    1.203206, 0.317253, 2.460668, 0.450796, 0.908461, 1.618055, 1.384055,
    1.256788, 0.26460300000000003, 1.043922, 0.84741, 0.412791, 1.770625,
    1.458322, 0.751062, 1.2254690000000001, 1.372063, 0.046212, 1.927252,
    1.6779819999999999, 1.987346, 1.062946, 1.5275969999999999,
    1.0737809999999999, 0.9352999999999999, 0.488471, 2.0232419999999998,
    1.6332449999999998, 0.26841699999999996, 2.0317760000000002, 0.132714,
    1.076657, 0.536026, 0.827645, 0.220152, 1.2010129999999999, 2.736525,
    1.20749, 0.987245, 1.313474, 0.041479, 1.308818, 0.784832, 1.243369,
    0.42716899999999997, 0.921443, 0.9075639999999999, 0.9051140000000001,
    0.817494, 0.709727, 0.119575, 0.829116, 0.879969, 1.225283,
    0.8583189999999999, 1.2082709999999999, 1.1389280000000002, 2.426344,
    0.752432, 1.058994, 0.36104899999999995, 0.245892, 0.24587799999999999,
    0.529663, 0.368726, 0.367243, 0.278916, 0.193249, 0.770457,
    0.8549500000000001, 0.705564, 0.721904, 0.9304819999999999, 1.073863,
    1.21475, 1.0318230000000002, 0.833766, 1.16207, 0.7865850000000001,
    0.860625, 0.860625, 0.693911, 1.279973, 1.450275, 1.4438900000000001,
    1.6069380000000002, 1.0389110000000001, 1.8908340000000001, 1.769074,
    1.6817280000000001, 2.004336, 1.782565, 1.600358, 1.968488,
    0.42995999999999995
  ],
  [
    1.9797960000000001, 1.59942, 1.858841, 2.239727, 1.455592,
    2.3966849999999997, 1.5062929999999999, 2.827192, 1.349136, 1.189662,
    1.6321590000000001, 0.0, 1.398863, 1.418455, 1.689061, 1.530567, 2.45347,
    1.7527409999999999, 2.882961, 1.954631, 1.598935, 3.029815, 1.812268,
    0.880025, 3.460651, 0.35207499999999997, 3.027984, 1.574181, 1.819033,
    2.3435, 1.7742639999999998, 3.6132220000000004, 2.9544119999999996,
    0.9050940000000001, 1.758374, 3.21466, 1.678615, 3.76985, 3.336463,
    3.614827, 1.432464, 0.32572199999999996, 1.75955, 2.43139, 1.945754,
    3.552596, 0.534058, 1.608316, 2.259633, 1.667479, 1.859955,
    1.8779949999999999, 0.811487, 1.635729, 1.9323679999999999, 3.211518,
    1.938744, 1.321143, 1.032465, 1.640942, 2.5921469999999998,
    1.4397149999999999, 1.696963, 1.449564, 2.468224, 0.7226090000000001,
    2.4012040000000003, 1.195353, 1.3646099999999999, 1.542057,
    1.1645260000000002, 1.012251, 1.75856, 2.354409, 2.4916, 0.6260030000000001,
    3.052228, 2.360513, 1.790248, 1.523671, 1.555471, 1.555457, 1.865916,
    1.825765, 1.8245250000000002, 1.81368, 1.77953, 1.013052, 1.509833,
    2.0870070000000003, 2.308186, 1.0957970000000001, 1.825289, 1.946105,
    0.844909, 2.420047, 1.327386, 2.2826750000000002, 2.3567150000000003,
    2.3567150000000003, 1.620691, 1.515414, 2.716246, 0.30614199999999997,
    1.5626289999999998, 1.853235, 2.96195, 3.152463, 3.366668, 3.287665,
    0.273431, 1.9640609999999998, 1.23325, 1.6363599999999998
  ],
  [
    1.231283, 0.414391, 1.1836220000000002, 1.400148, 0.375359, 1.335242,
    1.208163, 1.7019259999999998, 1.149518, 0.179037, 0.39761900000000006,
    1.398863, 0.0, 0.722769, 0.454277, 0.465408, 1.170172, 0.50981,
    1.3725619999999998, 1.179312, 0.22833699999999998, 2.329453, 0.825418,
    0.518837, 1.83224, 1.289765, 1.452202, 0.509266, 1.020028, 1.242002,
    0.787413, 1.980974, 1.852914, 0.656773, 1.201575, 1.586248,
    0.44383100000000003, 2.141438, 1.8260640000000001, 2.350039, 1.039053,
    1.1023589999999999, 1.049888, 1.329892, 0.897726, 2.302724, 1.538956,
    0.621465, 2.007882, 0.5303329999999999, 1.052763, 0.714604, 0.535269,
    0.244861, 1.17712, 2.60531, 1.183597, 0.597622, 0.9238500000000001,
    0.406157, 1.487396, 0.7609389999999999, 1.2194749999999999, 0.462714,
    1.077357, 0.6488339999999999, 1.2997059999999998, 0.427871,
    0.6858339999999999, 0.29709500000000005, 0.734826, 0.5324,
    1.2013900000000002, 1.252911, 1.386849, 1.0446389999999999, 2.309144,
    0.947846, 1.035101, 0.536821, 0.490555, 0.490542, 0.960098, 0.777981,
    0.776498, 0.6881710000000001, 0.38866300000000004, 0.6761670000000001,
    0.831057, 1.100156, 0.917319, 0.902002, 1.04997, 1.190857, 0.996658,
    1.02918, 1.1335909999999998, 1.181177, 1.255217, 1.255217, 0.533489,
    1.256079, 1.88071, 1.3496, 1.5809760000000002, 1.072262, 2.126413, 1.964489,
    1.85627, 2.182915, 1.3573279999999999, 1.4414, 1.940009, 0.279142
  ],
  [
    1.795097, 0.571194, 1.747436, 0.8510059999999999, 1.1018320000000001,
    1.862362, 1.7726600000000001, 1.905323, 1.575915, 0.723392, 1.112392,
    1.418455, 0.722769, 0.0, 1.179334, 1.186846, 1.5180989999999999,
    1.2348679999999999, 1.579565, 1.7534100000000001, 0.842912,
    2.9035509999999998, 1.546857, 0.605789, 2.157256, 1.4533040000000002,
    1.724588, 1.230705, 1.594126, 2.110317, 1.508852, 2.309826,
    2.3635949999999997, 1.0672940000000002, 1.775673, 1.9112639999999999,
    1.168888, 2.466454, 2.033067, 2.677277, 1.613151, 1.121952,
    1.6239849999999998, 2.198207, 1.622784, 2.629962, 1.7072550000000002,
    1.342904, 2.58198, 1.25539, 1.6268610000000001, 0.792833, 0.890291,
    0.969919, 1.7512180000000002, 3.1794070000000003, 1.757695, 0.125148,
    0.534498, 1.1312149999999999, 1.155257, 1.3350360000000001, 1.793573,
    1.184153, 1.518971, 0.927016, 1.9713699999999998, 0.29489800000000005,
    1.2599310000000001, 1.022153, 1.167454, 0.641396, 1.775487,
    2.1212269999999998, 1.188204, 1.408347, 2.883241, 1.0571169999999999,
    1.609199, 1.25826, 1.211994, 1.211981, 1.766226, 1.503039, 1.501555,
    1.4132280000000002, 0.966915, 1.1750619999999998, 1.405155,
    1.7807870000000001, 1.3818199999999998, 1.370219, 1.624068,
    1.7649549999999998, 1.425332, 1.493681, 1.601807, 2.0494920000000003,
    2.123532, 2.123532, 0.566437, 1.830177, 2.434339, 1.499221, 2.155073,
    0.464514, 2.680042, 1.849067, 2.063272, 1.98427, 1.3769200000000001,
    0.938965, 2.354932, 0.6687759999999999
  ],
  [
    1.198518, 0.621867, 1.150858, 1.615501, 0.25240199999999996, 0.852476,
    1.1753989999999999, 1.236013, 1.1167539999999998, 0.44900999999999996,
    0.056658, 1.689061, 0.454277, 1.179334, 0.0, 0.155785, 0.867459, 0.288136,
    1.204259, 1.146548, 0.373911, 2.4040100000000004, 0.394138,
    0.9651190000000001, 1.561397, 1.440713, 1.2001300000000001, 0.283899,
    0.987264, 0.7907519999999999, 0.356133, 1.713967, 1.401664, 0.80772,
    1.1688109999999998, 1.315405, 0.029095, 1.870594, 1.6213250000000001,
    1.9306880000000002, 1.006288, 1.5842550000000002, 1.017123, 0.878642,
    0.431813, 1.966584, 1.689903, 0.21175899999999998, 1.975117, 0.076056,
    1.019999, 0.592684, 0.884303, 0.27681, 1.144355, 2.679867, 1.150833,
    1.043903, 1.370131, 0.098137, 1.3654760000000001, 0.728174, 1.18671,
    0.37051100000000003, 0.8647849999999999, 0.964222, 0.848456, 0.874152,
    0.653069, 0.176233, 0.742426, 0.936627, 1.168625, 0.801661,
    1.2649290000000002, 1.195586, 2.369686, 0.8090900000000001,
    1.0023360000000001, 0.304391, 0.30255, 0.302536, 0.473005,
    0.31206799999999996, 0.310585, 0.222258, 0.24990700000000002, 0.827115,
    0.798292, 0.648906, 0.778562, 0.8738239999999999, 1.0172050000000001,
    1.158093, 0.975165, 0.919068, 1.105412, 0.729927, 0.803967, 0.803967,
    0.7505689999999999, 1.2233150000000002, 1.3936169999999999, 1.500548,
    1.548211, 1.095569, 1.834176, 1.898306, 1.62507, 2.136354, 1.839223,
    1.657016, 1.91183, 0.486618
  ],
  [
    1.154925, 0.6694779999999999, 1.1072650000000002, 1.6684469999999998,
    0.09661700000000001, 0.841364, 1.131806, 1.2968689999999998, 1.073161,
    0.456061, 0.21244300000000002, 1.530567, 0.465408, 1.186846, 0.155785, 0.0,
    0.95745, 0.341082, 1.29425, 1.102955, 0.426856, 2.2530949999999996,
    0.383027, 0.981642, 1.6513879999999999, 1.282218, 1.290121, 0.155024,
    0.943671, 0.733585, 0.345022, 1.803959, 1.344498, 0.649225, 1.125218,
    1.4053959999999999, 0.18488, 1.960586, 1.711316, 1.993659,
    0.9626950000000001, 1.42576, 0.97353, 0.8214750000000001,
    0.41518700000000003, 2.056576, 1.5314079999999999, 0.168166,
    1.9315250000000002, 0.136912, 0.976406, 0.64563, 0.725808,
    0.31042899999999995, 1.100762, 2.5289520000000003, 1.10724, 1.051415,
    1.4067370000000001, 0.253922, 1.418422, 0.684581, 1.1431179999999999,
    0.326918, 0.9547770000000001, 0.805727, 0.7912899999999999, 0.881664,
    0.609476, 0.229179, 0.6988329999999999, 0.7781319999999999, 1.125032,
    0.744495, 1.317875, 1.0370920000000001, 2.232786, 0.862035, 0.958743,
    0.260798, 0.136313, 0.136299, 0.461894, 0.295442, 0.293959, 0.283114,
    0.30285199999999995, 0.66862, 0.7547, 0.59174, 0.831508, 0.8302309999999999,
    0.9736119999999999, 1.1145, 0.931573, 0.943369, 1.061819, 0.67276,
    0.7467999999999999, 0.7467999999999999, 0.803515, 1.179722, 1.382506,
    1.3420530000000002, 1.504619, 1.1485150000000002, 1.628209, 1.917867,
    1.7150619999999999, 2.11394, 1.680728, 1.709962, 1.8682370000000001,
    0.5342290000000001
  ],
  [
    1.743163, 1.168557, 1.70468, 1.643422, 1.054067, 0.989185, 1.757002,
    0.42645, 1.777612, 1.164905, 0.924117, 2.45347, 1.170172,
    1.5180989999999999, 0.867459, 0.95745, 0.0, 1.02507, 0.3368,
    1.5678050000000001, 1.134664, 2.729424, 0.868692, 1.9438330000000001,
    0.6939379999999999, 2.2471129999999997, 0.332671, 1.027409, 1.703822,
    0.512543, 0.8482190000000001, 0.8465090000000001, 0.8538450000000001,
    1.548521, 1.911722, 0.447946, 0.867534, 1.003136, 0.753866, 1.215573,
    1.7497989999999999, 2.527355, 1.733682, 0.61398, 0.6185940000000001,
    1.168258, 2.446783, 0.95527, 2.432594, 0.819567, 1.736557, 0.850503,
    1.625104, 1.126885, 1.675676, 2.9210770000000004, 1.8937439999999999,
    1.5311, 2.0556680000000003, 0.936577, 1.15839, 1.471685, 1.930221, 1.114021,
    0.092815, 1.705023, 0.46460700000000005, 1.6590129999999998, 1.39658,
    1.014673, 1.4859369999999998, 1.6774280000000001, 1.9115360000000001,
    0.536999, 1.057843, 1.9524670000000002, 2.660529, 0.489682, 1.718895,
    1.0479020000000001, 1.035609, 1.035595, 0.965244, 0.725222, 0.726706,
    0.773957, 1.01066, 1.5679159999999999, 1.529304, 0.549288, 0.449927,
    1.617334, 1.7337639999999999, 1.661939, 1.7186759999999999,
    0.16514500000000001, 1.848923, 0.465265, 0.5393049999999999,
    0.5393049999999999, 1.143541, 1.966825, 1.5309760000000001, 2.257428,
    2.291722, 1.298017, 1.568718, 1.030848, 0.757611, 1.2688949999999999,
    2.782323, 1.857329, 2.655341, 1.227522
  ],
  [
    1.44591, 0.6239589999999999, 1.39825, 1.436036, 0.326533, 1.110198,
    1.422791, 1.422644, 1.3641459999999999, 0.504543, 0.23147800000000002,
    1.7527409999999999, 0.50981, 1.2348679999999999, 0.288136, 0.341082,
    1.02507, 0.0, 1.170913, 1.237079, 0.481684, 2.542472, 0.5326000000000001,
    1.162215, 1.5280509999999998, 1.594133, 1.166783, 0.37443, 1.077795,
    0.757405, 0.494595, 1.6806210000000001, 1.368318, 0.895541,
    1.2593420000000002, 1.282059, 0.214555, 1.837248, 1.5879780000000001,
    1.897341, 1.096819, 1.6720760000000001, 1.107654, 0.845296,
    0.39846699999999996, 1.933238, 1.7938040000000002, 0.30229, 2.065648,
    0.16658699999999999, 1.11053, 0.700457, 0.972124, 0.47390499999999997,
    1.234886, 2.8183290000000003, 1.241363, 1.1414490000000002,
    1.5672270000000001, 0.283597, 1.473249, 0.818705, 1.277241,
    0.46104199999999995, 0.8314389999999999, 1.0520429999999998, 0.81511,
    0.963157, 0.7436, 0.361693, 0.832957, 1.024448, 1.259156,
    0.7683150000000001, 1.372703, 1.299487, 2.5081480000000003, 0.905828,
    1.092867, 0.39492200000000005, 0.382629, 0.382615, 0.611467,
    0.27872199999999997, 0.277238, 0.188911, 0.35768, 0.9149360000000001,
    0.888823, 0.61556, 0.875301, 0.9643550000000001, 1.107736, 1.248624,
    1.065696, 0.885722, 1.195943, 0.696581, 0.770621, 0.770621, 0.858343,
    1.313846, 1.532079, 1.604449, 1.638742, 1.2033420000000001, 1.80083,
    1.86496, 1.591724, 2.103008, 1.9270440000000002, 1.7647899999999999,
    2.002361, 0.6558189999999999
  ],
  [
    2.0799630000000002, 1.230022, 2.04148, 1.704887, 1.272203, 1.325985,
    2.093802, 0.46261399999999997, 2.114413, 1.367296, 1.2609169999999998,
    2.882961, 1.3725619999999998, 1.579565, 1.204259, 1.29425, 0.3368, 1.170913,
    0.0, 1.870989, 1.236262, 3.032608, 1.171876, 2.022704, 0.704197,
    2.3487109999999998, 0.14502400000000001, 1.129007, 1.8323720000000001,
    0.815727, 1.151403, 0.8567670000000001, 0.9105359999999999, 1.650119,
    2.214906, 0.458205, 0.969132, 1.013394, 0.61175, 1.224218, 1.851397,
    2.606227, 1.8622319999999999, 0.917164, 0.7510410000000001, 1.176903,
    2.548382, 1.056868, 2.735777, 0.921165, 1.865108, 0.929375, 1.726702,
    1.228483, 1.978859, 3.224261, 2.196927, 1.609972, 2.13454,
    1.0381749999999998, 1.2372619999999999, 1.573283, 2.031819, 1.215619,
    0.378974, 1.806621, 0.767791, 1.737884, 1.498178, 1.116271,
    1.5875350000000001, 2.036267, 2.21472, 0.840183, 1.136715, 2.054065,
    2.9637130000000003, 0.568553, 1.847445, 1.149263, 1.137207, 1.137193,
    1.268428, 0.857669, 0.859152, 0.875555, 1.112258, 1.669514,
    1.6434010000000001, 0.852472, 0.5515249999999999, 1.7189320000000001,
    1.862314, 1.965122, 1.820274, 0.451305, 1.950521, 0.7684489999999999,
    0.842489, 0.842489, 1.222412, 2.0684229999999997, 1.83416,
    2.3590259999999996, 2.39332, 1.3768889999999998, 1.871901,
    0.7293160000000001, 0.620008, 0.967364, 2.8611950000000004, 2.11457,
    2.756939, 1.3291199999999999
  ],
  [
    0.453934, 1.8076400000000001, 0.406274, 2.420506, 1.097035,
    0.9285869999999999, 0.44839, 1.8579590000000001, 0.61683, 1.159586,
    1.203206, 1.954631, 1.179312, 1.7534100000000001, 1.146548, 1.102955,
    1.5678050000000001, 1.237079, 1.870989, 0.0, 1.216382, 1.5521040000000002,
    0.747568, 1.375928, 2.09273, 1.371663, 1.731463, 0.781501,
    0.15928399999999998, 1.1735170000000001, 0.7195860000000001, 2.245301,
    1.784429, 0.9994919999999999, 0.42422699999999997, 1.846738, 1.012376,
    2.401928, 2.1526579999999997, 2.4448440000000002, 0.498855,
    1.8464749999999999, 0.272539, 1.261407, 1.064861, 2.4979180000000003,
    1.571334, 0.771522, 1.144746, 0.8610420000000001, 0.200206, 1.51313,
    1.2160920000000002, 1.0433869999999998, 0.399771, 1.827961, 0.406249,
    1.454712, 1.780941, 1.081418, 2.320938, 0.416671, 0.41387799999999997,
    0.612771, 1.3961189999999999, 1.179991, 1.231221, 1.284961, 0.356858,
    1.019989, 0.719859, 1.2946469999999999, 0.424041, 1.184426, 2.185375,
    1.0770170000000001, 1.531795, 1.751627, 0.25775200000000004, 0.686878,
    0.800212, 0.800226, 0.6116520000000001, 0.945116, 0.9436319999999999,
    0.9299160000000001, 1.192444, 0.912481, 0.18498900000000001, 1.032328,
    1.721099, 0.858834, 0.129342, 0.413509, 0.843226, 1.450402, 0.791601,
    1.112692, 1.186732, 1.186732, 1.5215340000000002, 0.530255, 1.013649,
    1.381979, 0.855151, 1.930723, 1.259352, 2.42964, 2.1564029999999996,
    2.667687, 1.911218, 2.2984899999999997, 1.5372940000000002,
    1.2671869999999998
  ],
  [
    1.431619, 0.30938499999999997, 1.383958, 1.198962, 0.37088600000000005,
    1.219792, 1.408499, 1.532237, 1.349854, 0.412589, 0.317253, 1.598935,
    0.22833699999999998, 0.842912, 0.373911, 0.426856, 1.134664, 0.481684,
    1.236262, 1.216382, 0.0, 2.529789, 0.761454, 0.683856, 1.555176,
    1.4901010000000001, 1.122508, 0.470715, 1.220364, 1.0869760000000002,
    0.723449, 1.707746, 1.697889, 0.857109, 1.4019110000000001, 1.309184,
    0.363465, 1.864374, 1.430987, 2.075197, 1.2393889999999999,
    1.2673789999999998, 1.250224, 1.174866, 0.728037, 2.027882,
    1.7392919999999998, 0.542855, 2.208218, 0.443372, 1.253099,
    0.35191500000000003, 0.759812, 0.172994, 1.377456, 2.8056460000000003,
    1.383933, 0.659766, 1.088404, 0.325791, 1.1247070000000001, 0.961275,
    1.419811, 0.581797, 0.825926, 0.873378, 1.1446800000000001,
    0.48147300000000004, 0.88617, 0.270009, 0.935162, 0.697419, 1.401726,
    1.097885, 1.0241600000000002, 1.244975, 2.509479, 0.552768, 1.235437,
    0.541264, 0.452004, 0.45199, 0.840321, 0.608292, 0.6068089999999999,
    0.518482, 0.124004, 0.876503, 1.031393, 0.94513, 0.665888, 1.137928,
    1.2503060000000001, 1.391193, 1.196994, 0.777749, 1.3695160000000002,
    1.026151, 1.1001910000000001, 1.1001910000000001, 0.428483, 1.456415,
    1.760933, 1.549936, 1.7833800000000002, 0.8548, 2.130401,
    1.5694110000000001, 1.461192, 1.8202260000000001, 1.522347, 1.416247,
    2.140345, 0.17413499999999998
  ],
  [
    1.110324, 2.95778, 1.4466569999999999, 3.570646, 2.2471750000000004,
    1.702547, 1.616426, 3.019578, 1.823507, 2.3097269999999996, 2.460668,
    3.029815, 2.329453, 2.9035509999999998, 2.4040100000000004,
    2.2530949999999996, 2.729424, 2.542472, 3.032608, 1.5521040000000002,
    2.529789, 0.0, 2.2012530000000003, 2.676768, 3.3545700000000003, 2.760409,
    2.992337, 2.082342, 1.380253, 2.348011, 2.173271, 3.5071410000000003,
    2.711177, 2.413281, 1.285819, 3.108578, 2.3132170000000003, 3.663768,
    3.414498, 3.466323, 1.668347, 3.188029, 1.324782, 2.4907880000000002,
    2.500087, 3.590499, 2.5064580000000003, 2.072362, 0.915062, 2.314727,
    1.412989, 2.81397, 2.5127979999999996, 2.344228, 1.4275879999999999,
    0.264216, 1.133289, 2.7555520000000002, 3.081781, 2.382259,
    3.5867620000000002, 1.717511, 1.466121, 1.9136110000000002,
    2.7120859999999998, 2.59378, 2.4057150000000003, 2.585801,
    1.6576980000000001, 2.32083, 2.020699, 2.595488, 1.285633,
    2.3589209999999996, 3.486215, 2.4253400000000003, 0.23116499999999998,
    2.919083, 1.2817850000000002, 1.987718, 2.101052, 2.101066, 2.065337,
    2.3988009999999997, 2.397317, 2.3836019999999998, 2.493284, 2.305513,
    1.4858289999999998, 2.3241199999999997, 3.0219389999999997,
    1.9472960000000001, 1.4101949999999999, 1.441325, 2.191549, 2.766369,
    1.880063, 2.287186, 2.3612260000000003, 2.3612260000000003, 2.822374,
    1.601808, 1.400615, 2.748771, 1.518332, 3.231563, 1.677645, 3.690089,
    3.418243, 3.928136, 3.2635970000000003, 3.5993310000000003, 2.245505,
    2.568027
  ],
  [
    1.1211929999999999, 1.052505, 1.053456, 2.174861, 0.479644, 0.553689,
    1.105778, 1.158847, 1.126388, 0.805692, 0.450796, 1.812268, 0.825418,
    1.546857, 0.394138, 0.383027, 0.868692, 0.5326000000000001, 1.171876,
    0.747568, 0.761454, 2.2012530000000003, 0.0, 1.4381359999999999, 1.393618,
    1.6616330000000001, 1.0323499999999999, 0.450863, 0.859859,
    0.47506099999999996, 0.094569, 1.5461880000000001, 1.085974,
    1.1063610000000001, 1.0677590000000001, 1.147626, 0.47781599999999996,
    1.702815, 1.453545, 1.7358879999999999, 0.9921960000000001, 1.882255,
    0.889718, 0.562951, 0.389301, 1.798805, 1.861304, 0.39551, 1.748926,
    0.35511200000000004, 0.892594, 1.03481, 1.182302, 0.748039,
    0.9621470000000001, 2.4533840000000002, 1.0497809999999999, 1.667907,
    1.994136, 0.546858, 1.831702, 0.714082, 1.123713, 0.47222000000000003,
    0.697006, 1.262863, 0.532766, 1.498156, 0.640141, 0.6249539999999999,
    1.0031430000000001, 1.234626, 1.067573, 0.485971, 1.731155,
    1.3669870000000002, 2.143203, 1.162993, 0.874932, 0.431407, 0.469574,
    0.469588, 0.11219, 0.28794400000000003, 0.289428, 0.406734, 0.692033,
    1.125756, 0.685341, 0.333216, 1.123238, 1.0227899999999999,
    0.8898010000000001, 0.94841, 1.1331959999999999, 0.751289, 1.090335,
    0.414236, 0.488276, 0.488276, 1.192696, 1.160317, 1.1256659999999998,
    1.671948, 1.485214, 1.537696, 1.3713689999999998, 1.7305270000000001,
    1.457291, 1.968575, 2.1372220000000004, 2.511686, 2.069861, 0.990172
  ],
  [
    1.591165, 0.719395, 1.6189639999999998, 1.3308900000000001, 0.906912,
    1.656064, 1.259729, 2.341406, 1.142942, 0.51946, 0.908461, 0.880025,
    0.518837, 0.605789, 0.9651190000000001, 0.981642, 1.9438330000000001,
    1.162215, 2.022704, 1.375928, 0.683856, 2.676768, 1.4381359999999999, 0.0,
    2.593339, 0.914875, 2.160672, 1.0164900000000001, 1.379911,
    1.8961020000000002, 1.294637, 2.74591, 2.5070140000000003, 0.528864,
    1.561458, 2.347347, 0.954673, 2.9025369999999997, 2.46915, 3.113361,
    1.398935, 0.5835220000000001, 1.40977, 1.983992, 1.408568,
    3.0660459999999996, 1.168826, 1.128689, 2.2272420000000004, 1.041175,
    1.412646, 1.010683, 0.342628, 0.755703, 1.537002, 2.965192, 1.543479,
    0.502686, 0.44561700000000004, 0.916999, 1.724834, 1.1208209999999998,
    1.579357, 0.969937, 1.5881990000000001, 0.388586, 1.953806, 0.332935,
    1.0457159999999999, 0.807937, 0.8580829999999999, 0.20616800000000002,
    1.561272, 1.907011, 1.624287, 0.869918, 2.6690259999999997, 1.4932,
    1.3949829999999999, 1.0440440000000002, 0.997779, 0.997765, 1.55201,
    1.288823, 1.28734, 1.1990129999999999, 0.899505, 0.636633, 1.190939,
    1.607379, 1.428161, 0.99485, 1.409852, 1.550739, 0.8869020000000001,
    1.540022, 1.2264380000000001, 1.835277, 1.909317, 1.909317, 0.753379,
    1.4144670000000001, 2.206129, 0.960792, 1.637762, 1.048529, 2.451832,
    2.285151, 2.499356, 2.420353, 0.83849, 1.071296, 1.816503, 0.756334
  ],
  [
    2.382973, 1.807713, 2.2737779999999996, 1.968248, 1.728045, 1.628995,
    2.45094, 0.644624, 2.47155, 1.826973, 1.618055, 3.460651, 1.83224, 2.157256,
    1.561397, 1.6513879999999999, 0.6939379999999999, 1.5280509999999998,
    0.704197, 2.09273, 1.555176, 3.3545700000000003, 1.393618, 2.593339, 0.0,
    2.886269, 0.547643, 1.666566, 2.305941, 1.114662, 1.450338,
    0.20192400000000002, 1.092546, 2.1876770000000003, 2.5138409999999998,
    0.27697000000000005, 1.506691, 0.358551, 0.334152, 0.7291369999999999,
    2.4549209999999997, 3.166511, 2.3358000000000003, 1.216099, 1.25775,
    0.674824, 3.08594, 1.594426, 3.034712, 1.458723, 2.338676, 1.48966, 2.26426,
    1.766042, 2.2777950000000002, 3.523196, 2.495863, 2.1702559999999997,
    2.694825, 1.575733, 1.5880619999999999, 2.1768069999999997, 2.569795,
    1.7531780000000001, 0.751047, 2.344179, 1.066726, 2.2981689999999997,
    2.1017020000000004, 1.653829, 2.1250929999999997, 2.3165839999999998,
    2.5136550000000004, 1.1391179999999999, 1.506354, 2.5916230000000002,
    3.262648, 1.128838, 2.3210129999999998, 1.687058, 1.674765,
    1.6747509999999999, 1.567363, 1.364379, 1.3658620000000001, 1.413114,
    1.649816, 2.207072, 2.131423, 1.1514069999999998, 1.089083, 2.256491,
    2.3358820000000002, 2.2640569999999998, 2.3578330000000003, 0.823378,
    2.55306, 1.067384, 1.141424, 1.141424, 1.782697, 2.6063989999999997,
    2.133095, 2.896585, 2.931295, 1.937174, 2.170837, 0.867479,
    0.33789800000000003, 0.6756559999999999, 3.4214789999999997, 2.231262,
    3.294498, 1.866678
  ],
  [
    1.663323, 1.634269, 1.5423689999999999, 2.274576, 1.2074880000000001,
    1.8211110000000001, 1.183134, 2.644687, 1.032663, 1.1485889999999999,
    1.384055, 0.35207499999999997, 1.289765, 1.4533040000000002, 1.440713,
    1.282218, 2.2471129999999997, 1.594133, 2.3487109999999998, 1.371663,
    1.4901010000000001, 2.760409, 1.6616330000000001, 0.914875, 2.886269, 0.0,
    2.4696689999999997, 1.326077, 1.50256, 2.027027, 1.4577909999999998,
    2.9835059999999998, 2.637939, 0.65699, 1.441901, 2.584944, 1.430267,
    3.140134, 2.890864, 3.298354, 1.115991, 0.48269799999999996, 1.443077,
    2.1149169999999997, 1.722145, 3.236124, 0.253951, 1.291843, 1.94316,
    1.48473, 1.543482, 1.821865, 0.760242, 1.317107, 1.615895, 2.931411,
    1.622272, 1.3559919999999999, 1.1099269999999999, 1.392594, 2.626996,
    1.1232419999999999, 1.38049, 1.1330909999999998, 2.134324,
    0.6713640000000001, 2.084731, 1.230203, 1.0481369999999999, 1.293709,
    0.848053, 0.990916, 1.442087, 2.0379359999999997, 2.526449,
    0.30952999999999997, 2.735755, 2.020092, 1.473776, 1.2071990000000001,
    1.307366, 1.307352, 1.549443, 1.6024, 1.600916, 1.6309310000000001,
    1.466164, 0.764947, 1.19336, 1.770534, 1.989564, 0.779325, 1.508816,
    1.629632, 0.528437, 2.1014250000000003, 1.010913, 1.966202, 2.040242,
    2.040242, 1.655541, 1.198942, 2.399774, 0.045917, 1.246156, 1.888084,
    2.645477, 3.187312, 2.894609, 3.3225149999999997, 0.575157,
    1.9989100000000002, 0.912941, 1.5409059999999999
  ],
  [
    2.02074, 1.375046, 2.037351, 1.849911, 1.3518430000000001, 1.266762,
    2.089673, 0.36793200000000004, 2.110283, 1.4469349999999999, 1.256788,
    3.027984, 1.452202, 1.724588, 1.2001300000000001, 1.290121, 0.332671,
    1.166783, 0.14502400000000001, 1.731463, 1.122508, 2.992337,
    1.0323499999999999, 2.160672, 0.547643, 2.4696689999999997, 0.0, 1.286527,
    1.9451990000000001, 0.7539199999999999, 1.089597, 0.700214,
    0.8158540000000001, 1.807639, 2.153099, 0.301651, 1.126652, 0.856841,
