[
  [
    0.0, 0.699635, 0.7574890000000001, 1.226989, 1.7423810000000002, 1.247805,
    1.1178130000000002, 1.2296230000000001, 1.25057, 0.628229, 1.05504,
    0.555566, 0.929299, 0.9020739999999999, 0.34939600000000004, 0.448154,
    1.024316, 0.6731309999999999, 0.949115, 1.116793, 0.218962,
    0.6993809999999999, 0.764953, 1.256103, 1.296309, 0.06777899999999999,
    1.461091, 1.458034, 0.9625499999999999, 1.335899, 1.5687229999999999,
    1.244773, 1.0669110000000002, 2.3530320000000002, 1.280398, 1.331264,
    0.630675, 0.893226, 1.6837719999999998, 1.6712449999999999,
    0.28509500000000004, 0.456175, 0.721437, 1.169667, 1.377002,
    1.2237660000000001, 0.8279569999999999, 1.4864849999999998,
    1.7541900000000001, 0.994035, 0.881488, 0.5994299999999999, 1.003279,
    0.931334, 1.504797, 0.935952, 0.688356, 1.91177, 1.271776, 0.091142,
    0.511641, 0.8010510000000001, 0.760013, 1.171712, 0.155661,
    0.32480000000000003, 2.141183, 0.256863, 0.896842, 0.279977,
    0.9040069999999999, 1.2952439999999998, 0.691016, 0.895096, 1.100897,
    0.878017, 1.219904, 2.137698, 1.453465, 1.1209770000000001, 2.11516,
    0.984563, 0.810307, 0.762264, 0.577612, 1.1774380000000002, 0.579825,
    0.259337, 0.5993310000000001, 1.501447, 0.36088099999999995,
    0.7829400000000001, 0.578116, 0.209711, 0.49871899999999997,
    0.49871899999999997, 0.963315, 0.837208, 0.8604729999999999, 1.117502,
    0.16349100000000003, 1.037042, 1.450407, 0.727727, 0.668206, 0.588816,
    0.9383630000000001, 1.013808, 0.957, 0.32128500000000004, 1.188363,
    1.269062, 1.197606, 1.0565719999999998, 0.9619460000000001, 1.106773,
    1.200941, 1.2719690000000001, 1.567833, 1.255884
  ],
  [
    0.699635, 0.0, 0.9732970000000001, 0.8586480000000001, 1.320905, 0.835557,
    0.798531, 0.861281, 0.8371069999999999, 0.794095, 0.642792, 0.790746,
    0.9034589999999999, 1.354385, 0.610375, 0.176509, 0.612068, 1.125442,
    0.34606400000000004, 0.7397659999999999, 0.317536, 0.21285900000000002,
    0.161902, 0.653052, 1.5030830000000002, 0.457021, 1.048843, 1.042425,
    0.359499, 1.78821, 1.7887929999999999, 0.876432, 1.286981, 1.984691,
    0.86815, 0.919015, 0.479244, 1.169859, 1.275727, 1.257782, 0.779774,
    0.072514, 0.0218, 0.7616219999999999, 0.9647530000000001,
    0.8115180000000001, 1.284211, 0.883433, 2.3194969999999997,
    0.45225099999999996, 0.513146, 0.448, 0.634937, 0.710881, 1.096752,
    0.332901, 0.085304, 1.5434290000000002, 0.858313, 0.543453, 0.46044,
    1.1690999999999998, 0.156962, 0.759464, 0.516774, 0.777111, 1.772842,
    0.48989299999999997, 0.884091, 0.436563, 1.062531, 0.882995, 0.990917,
    1.2631459999999999, 0.688648, 1.330328, 0.616852, 1.534646,
    0.9711420000000001, 0.517926, 1.7016980000000002, 1.436874, 1.007822,
    0.953192, 1.033865, 0.574387, 0.680207, 0.75834, 0.8331689999999999,
    1.353127, 0.5600660000000001, 0.17988900000000002, 0.49827, 0.44274,
    0.200917, 0.200917, 0.36026400000000003, 0.5725739999999999,
    0.25742200000000004, 0.749161, 0.671588, 0.668701, 0.847019, 0.889856,
    0.9689690000000001, 0.576065, 0.5248999999999999, 0.60156, 0.543537,
    0.773596, 0.585312, 0.974827, 0.594555, 0.643109, 1.2385789999999999,
    0.698729, 0.7886920000000001, 0.859721, 1.0225710000000001,
    0.8437910000000001
  ],
  [
    0.7574890000000001, 0.9732970000000001, 0.0, 0.8423379999999999,
    1.3908260000000001, 1.740568, 0.512051, 0.821866, 1.613616, 1.270729,
    1.477613, 1.198067, 1.570592, 1.3515160000000002, 0.5473250000000001,
    1.0509970000000002, 1.534171, 1.311577, 0.9926240000000001,
    0.5178959999999999, 0.820184, 1.074913, 1.023956, 1.077975,
    0.5756290000000001, 0.69875, 1.930527, 1.7516669999999999, 0.979188,
    1.7619690000000001, 0.848043, 0.811168, 0.346231, 2.001015, 1.704024,
    1.754889, 0.7971710000000001, 0.270566, 2.1978299999999997, 2.119836,
    1.0349220000000001, 0.9130860000000001, 1.040488, 1.683724, 1.85979,
    1.724902, 1.679414, 1.10774, 1.431004, 1.247725, 0.7587910000000001,
    0.765927, 0.700849, 0.33243700000000004, 2.018855, 1.005787, 0.954426,
    1.303346, 1.648456, 0.785183, 1.114484, 0.394217, 1.019016,
    1.6815660000000001, 0.613733, 0.9312670000000001, 1.789165,
    0.7523880000000001, 1.538135, 0.967716, 0.183327, 1.8050979999999999,
    0.130823, 0.5485420000000001, 1.560386, 1.198203, 1.250269, 1.840038,
    1.833197, 0.9065570000000001, 2.563752, 1.432475, 1.452807, 1.404764,
    1.3274380000000001, 1.2078030000000002, 0.389563, 1.00007, 1.241831,
    2.142739, 0.780909, 0.838797, 0.585991, 0.705236, 1.101562, 1.101562,
    0.9944230000000001, 0.467476, 1.05948, 0.624733, 0.913318, 0.807678,
    0.729799, 0.128831, 0.477983, 1.230109, 1.386954, 1.523662,
    1.4055909999999998, 0.9597319999999999, 1.218728, 0.511574, 1.227971,
    1.505164, 0.28649, 1.620831, 1.710795, 1.7818230000000002,
    1.4157149999999998, 1.679665
  ],
  [
    1.226989, 0.8586480000000001, 0.8423379999999999, 0.0, 0.5754600000000001,
    1.513651, 0.48178, 0.020471, 1.0581880000000001, 1.631131,
    1.2506959999999998, 1.6277819999999998, 1.6655229999999999,
    1.8833469999999999, 0.8775940000000001, 1.0452629999999998,
    1.2996679999999998, 1.791768, 0.577076, 0.513344, 0.974993, 0.847996,
    0.710492, 0.36217099999999997, 1.262473, 1.1233469999999999,
    1.7036099999999998, 1.2054719999999999, 0.56364, 2.2938009999999998,
    1.5682960000000001, 0.038287999999999996, 1.0664829999999998,
    1.1861110000000001, 1.477106, 1.4582680000000001, 0.746463, 1.112881,
    2.037791, 1.723371, 1.6168099999999999, 0.730356, 0.8804500000000001,
    1.5236859999999999, 1.632873, 1.497985, 2.121247, 0.290305, 2.242483,
    0.8321770000000001, 0.34550200000000003, 0.7152179999999999, 0.256595,
    0.676095, 1.858816, 0.5902390000000001, 0.794387, 0.730711, 1.212305,
    1.20978, 1.297476, 1.236532, 0.701686, 1.521527, 1.082063, 1.443438,
    0.974262, 0.925222, 1.7211269999999999, 1.273599, 0.821102, 1.596924,
    0.9731380000000001, 1.390857, 1.333469, 1.730034, 0.699693, 1.027077,
    1.437213, 0.49100900000000003, 1.980371, 1.964307, 1.8448579999999999,
    1.7902280000000002, 1.8709010000000001, 0.6572279999999999, 0.865016,
    1.424667, 1.670205, 2.11519, 0.827284, 0.66884, 0.683079, 0.972375,
    0.9629800000000001, 0.9629800000000001, 0.5225639999999999,
    0.7034600000000001, 0.6439320000000001, 0.5227390000000001, 1.337915,
    0.189947, 0.41886700000000004, 0.879702, 1.320298, 1.4131010000000002,
    1.12835, 1.363624, 1.181385, 1.439922, 0.668153, 0.495505, 0.677396,
    1.207301, 1.120193, 1.4607919999999999, 1.4608189999999999,
    1.5400150000000001, 0.7672749999999999, 1.452591
  ],
  [
    1.7423810000000002, 1.320905, 1.3908260000000001, 0.5754600000000001, 0.0,
    1.94852, 0.997171, 0.560296, 1.350417, 2.146522, 1.683688, 2.143174,
    2.180915, 2.398739, 1.392985, 1.560654, 1.81506, 2.3071599999999997,
    1.092467, 1.028736, 1.490385, 1.363387, 1.225883, 0.6798780000000001,
    1.7737829999999999, 1.638739, 2.093082, 1.2222650000000002, 1.079032,
    2.809192, 2.081699, 0.542479, 1.5777940000000001, 0.7718579999999999,
    1.8089739999999999, 1.7713889999999999, 1.261854, 1.624191,
    2.5531819999999996, 1.993523, 2.1322020000000004, 1.245748,
    1.3958409999999999, 2.039077, 2.067742, 1.932854, 2.636638,
    0.6095320000000001, 2.753793, 1.1917419999999999, 0.860893, 1.23061,
    0.771986, 1.140399, 2.374208, 1.1056300000000001, 1.309779, 0.358193,
    1.343625, 1.725172, 1.812868, 1.747843, 1.217077, 2.036919,
    1.5974549999999998, 1.958829, 0.560009, 1.440614, 2.236519, 1.78899,
    1.332413, 2.031793, 1.484448, 1.9021679999999999, 1.807082, 2.245426,
    0.888312, 0.495103, 1.706883, 1.0064009999999999, 2.114725, 2.479698,
    2.36025, 2.305619, 2.386293, 0.9272699999999999, 1.3804079999999999,
    1.940058, 2.185597, 2.630582, 1.342676, 1.184232, 1.19847,
    1.4877660000000001, 1.478372, 1.478372, 1.0379559999999999, 1.21477,
    1.159324, 1.0381310000000001, 1.8533060000000001, 0.705338, 0.941119,
    1.3440050000000001, 1.66917, 1.928493, 1.470803, 1.879015, 1.523623,
    1.955314, 0.938194, 1.04103, 0.947437, 1.5171210000000002, 1.631503,
    1.976184, 1.943853, 1.974884, 0.91901, 1.811193
  ],
  [
    1.247805, 0.835557, 1.740568, 1.513651, 1.94852, 0.0, 1.4194380000000002,
    1.482188, 0.658717, 0.8258099999999999, 0.297899, 0.822461, 0.607212,
    2.010968, 1.298983, 0.91896, 0.255733, 1.783982, 0.903395, 1.360673,
    1.0815139999999999, 0.632381, 0.7684880000000001, 1.2873379999999999,
    2.19169, 1.1900609999999998, 0.226529, 0.8446330000000001, 0.91683,
    2.444793, 2.477401, 1.497338, 1.975589, 2.6055970000000004, 0.149209,
    0.19652099999999997, 1.167853, 1.858467, 0.6991989999999999, 0.499497,
    1.095188, 0.881732, 0.858352, 0.346368, 0.20194700000000002, 0.105428,
    1.599624, 1.517719, 2.939541, 0.760092, 1.1340530000000002,
    1.1366079999999998, 1.255844, 1.399489, 0.5554450000000001, 0.890231,
    0.750904, 2.164335, 0.588953, 1.2764929999999999, 0.9085209999999999,
    1.8577080000000001, 0.778691, 0.27542700000000003, 1.249814, 1.510151,
    2.393748, 1.26326, 0.7534120000000001, 1.065845, 1.751139, 0.204368,
    1.6795250000000002, 1.951754, 0.159454, 1.986911, 1.159714, 1.905241,
    0.31874, 1.138832, 1.0258800000000001, 2.093458, 0.877143, 0.822513,
    1.349279, 1.117249, 1.3688150000000001, 1.505158, 0.864884,
    0.8118200000000001, 1.248674, 0.868497, 1.1868779999999999, 1.216108,
    0.766156, 0.766156, 0.98117, 1.261182, 0.8791509999999999,
    1.3708900000000002, 1.2276040000000001, 1.289607, 1.432713,
    1.5784639999999999, 1.657577, 0.768597, 0.47516, 0.513832, 0.42234,
    1.5066359999999999, 1.128174, 1.750453, 1.137417, 0.45212, 1.927187,
    0.400657, 0.136766, 0.147458, 1.2116969999999998, 0.138492
  ],
  [
    1.1178130000000002, 0.798531, 0.512051, 0.48178, 0.997171,
    1.4194380000000002, 0.0, 0.48441300000000004, 1.137952, 1.4076980000000001,
    1.188321, 1.40435, 1.603149, 1.719538, 0.764887, 0.982888,
    1.2372940000000001, 1.671902, 0.516959, 0.062221, 0.877141, 0.785621,
    0.6481169999999999, 0.754349, 0.9930829999999999, 1.059075, 1.641235,
    1.2760019999999999, 0.503524, 2.129992, 1.296742, 0.583721,
    0.8120299999999999, 1.607823, 1.4147319999999999, 1.398152,
    0.6486109999999999, 0.670089, 1.9754159999999998, 1.6632550000000001,
    1.395246, 0.667982, 0.818075, 1.461311, 1.570498, 1.4356099999999998,
    2.047436, 0.712016, 1.819727, 0.772061, 0.283127, 0.617366, 0.225185,
    0.186479, 1.796442, 0.530122, 0.732013, 1.235049, 1.1727919999999998,
    1.145507, 1.074044, 0.7829389999999999, 0.6393110000000001, 1.459153,
    0.974058, 1.291591, 1.3959739999999998, 0.82737, 1.497695, 1.08247,
    0.549549, 1.5345499999999999, 0.491147, 0.9165650000000001, 1.271094,
    1.5662260000000001, 0.880543, 1.4487889999999999, 1.377097,
    0.43089299999999997, 2.119736, 1.8004980000000002, 1.621426,
    1.5667950000000002, 1.687763, 0.838078, 0.545006, 1.360394,
    1.4467729999999999, 2.052816, 0.729432, 0.651396, 0.554373, 0.874522,
    0.900606, 0.900606, 0.46019, 0.240367, 0.583816, 0.16905699999999999,
    1.2736420000000002, 0.291833, 0.46937, 0.39008499999999996, 0.838307,
    1.189669, 1.068234, 1.301249, 1.11901, 1.3200560000000001,
    0.8490030000000001, 0.313683, 0.858246, 1.147184, 0.739529, 1.398418,
    1.398445, 1.47764, 1.031847, 1.390373
  ],
  [
    1.2296230000000001, 0.861281, 0.821866, 0.020471, 0.560296, 1.482188,
    0.48441300000000004, 0.0, 1.060821, 1.633764, 1.253329, 1.6304159999999999,
    1.668157, 1.885981, 0.880227, 1.047896, 1.3023019999999998, 1.794402,
    0.5797089999999999, 0.5159779999999999, 0.9776269999999999, 0.850629,
    0.713125, 0.36480399999999996, 1.242002, 1.125981, 1.7062439999999999,
    1.208105, 0.566274, 2.296434, 1.547824, 0.017817, 1.046012, 1.188745,
    1.47974, 1.4609020000000001, 0.749096, 1.09241, 2.040425, 1.726005,
    1.6194439999999999, 0.73299, 0.883083, 1.526319, 1.6355060000000001,
    1.500619, 2.12388, 0.292938, 2.222011, 0.8348110000000001, 0.348135,
    0.7178519999999999, 0.259228, 0.655624, 1.86145, 0.592872, 0.797021,
    0.71608, 1.214938, 1.2124139999999999, 1.3001099999999999,
    1.2160609999999998, 0.7043189999999999, 1.524161, 1.0846969999999998,
    1.4460709999999999, 0.976896, 0.927856, 1.7237609999999999, 1.276232,
    0.800631, 1.599558, 0.952667, 1.3703859999999999, 1.336103,
    1.7326679999999999, 0.702327, 1.029711, 1.4398469999999999, 0.493643,
    1.9830050000000001, 1.9669400000000001, 1.847492, 1.792861,
    1.8735350000000002, 0.659862, 1.014151, 1.427301, 1.672839, 2.117824,
    0.829918, 0.671474, 0.685712, 0.975008, 0.9656140000000001,
    0.9656140000000001, 0.5251979999999999, 0.6829890000000001,
    0.6465660000000001, 0.5253730000000001, 1.340548, 0.19258, 0.373317,
    0.85923, 1.299827, 1.415735, 1.130984, 1.366257, 1.184018, 1.442556,
    0.670786, 0.475034, 0.680029, 1.209934, 1.099721, 1.463426, 1.463453,
    1.542648, 0.769909, 1.455225
  ],
  [
    1.25057, 0.8371069999999999, 1.613616, 1.0581880000000001, 1.350417,
    0.658717, 1.137952, 1.060821, 0.0, 1.204739, 0.413723, 1.201391, 1.142114,
    2.080835, 1.312042, 0.91237, 0.633532, 1.851892, 0.63786,
    1.0794110000000001, 1.074924, 0.64544, 0.669372, 0.721091, 2.064185,
    1.183471, 0.819685, 0.266368, 0.6512960000000001, 2.5146599999999997,
    2.367844, 1.165702, 1.883132, 2.122833, 0.535577, 0.49799200000000005,
    1.180911, 1.7650139999999999, 1.348634, 0.7201259999999999, 1.474117,
    0.9034800000000001, 0.880101, 0.900397, 0.7943450000000001, 0.659457,
    1.9785540000000001, 0.969223, 2.9146509999999997, 0.451756,
    0.9115679999999999, 1.1496659999999999, 0.974582, 1.281404, 1.232377,
    0.6246970000000001, 0.763963, 1.70861, 0.08301900000000001, 1.269904,
    0.966801, 1.877864, 0.678178, 0.829455, 1.2432249999999998, 1.503561,
    1.910984, 1.256671, 1.288315, 1.054109, 1.620651, 0.758396, 1.586071,
    1.964812, 0.533685, 2.056778, 0.561198, 1.3269760000000002, 0.433486,
    0.846793, 1.0938599999999998, 2.163325, 1.4120460000000001, 1.357415,
    1.728209, 0.601662, 1.381874, 1.484791, 1.243814, 1.4887519999999999,
    1.261732, 0.881556, 1.1999369999999998, 1.209519, 0.759567, 0.759567,
    0.794697, 1.145521, 0.643839, 1.088806, 1.341429, 1.008346, 0.881337,
    1.48501, 1.670636, 1.147526, 0.313964, 0.825745, 0.375747, 1.500046,
    0.590737, 1.330598, 0.5814940000000001, 0.26807400000000003, 1.833733,
    0.9373830000000001, 0.670456, 0.701902, 0.633432, 0.537796
  ],
  [
    0.628229, 0.794095, 1.270729, 1.631131, 2.146522, 0.8258099999999999,
    1.4076980000000001, 1.633764, 1.204739, 0.0, 0.885024, 0.068768, 0.356771,
    1.171847, 0.862637, 0.617586, 0.646437, 0.944861, 1.118547, 1.512249,
    0.6780109999999999, 0.868813, 0.934385, 1.425535, 1.80955, 0.609149,
    1.005636, 1.398119, 1.131982, 1.605672, 2.0840569999999996, 1.648915,
    1.580152, 2.757174, 0.885273, 0.932585, 1.143916, 1.4064670000000001,
    1.0453160000000001, 1.3522159999999999, 0.366004, 0.78851, 0.890869,
    0.547241, 0.8547140000000001, 0.75173, 0.760503, 1.6559169999999999,
    2.358629, 1.103241, 1.285629, 1.112672, 1.4074200000000001, 1.444574,
    0.866341, 1.105384, 0.8577870000000001, 2.315912, 1.142439, 0.695581,
    0.357954, 1.3799359999999998, 0.9294450000000001, 0.5817319999999999,
    0.668902, 0.929239, 2.5453249999999996, 0.775477, 0.32431400000000005,
    0.5447430000000001, 1.417248, 0.774314, 1.2042570000000001, 1.473981,
    0.724899, 1.1477899999999999, 1.389335, 2.3071289999999998,
    1.0548030000000002, 1.2904090000000001, 1.819555, 1.2543360000000001,
    0.448045, 0.403284, 0.510158, 1.3468699999999998, 1.093066, 0.775974,
    0.059845999999999996, 0.928918, 0.879495, 0.952372, 1.091357, 0.728325,
    0.6681509999999999, 0.6681509999999999, 1.1327470000000002, 1.345057,
    1.029905, 1.521644, 0.498421, 1.441184, 1.619502, 1.240968, 1.181447,
    0.20755600000000002, 0.9424170000000001, 0.5708529999999999, 0.932572,
    0.925724, 1.357795, 1.7823030000000002, 1.367038, 0.962352, 1.472205,
    0.455256, 0.7210829999999999, 0.749681, 1.677039, 0.863522
  ],
  [
    1.05504, 0.642792, 1.477613, 1.2506959999999998, 1.683688, 0.297899,
    1.188321, 1.253329, 0.413723, 0.885024, 0.0, 0.804661, 0.712966, 1.89466,
    1.069302, 0.726195, 0.19620400000000002, 1.6657170000000001, 0.640439,
    1.130992, 0.888749, 0.4027, 0.538807, 0.987388, 1.9620090000000001,
    0.9972960000000001, 0.48345499999999997, 0.591628, 0.653875, 2.328485,
    2.2477199999999997, 1.267657, 1.7459079999999998, 2.375917, 0.221473,
    0.25524199999999997, 0.9381710000000001, 1.628787, 0.976118, 0.65403,
    1.077388, 0.66074, 0.637361, 0.5270929999999999, 0.421041,
    0.28615300000000005, 1.5818240000000001, 1.21777, 2.7467759999999997,
    0.497137, 0.904372, 0.906927, 1.026162, 1.169808, 0.859862, 0.627276,
    0.521223, 1.934654, 0.33594799999999997, 1.083729, 0.740895,
    1.6280270000000001, 0.54901, 0.456152, 1.05705, 1.317386, 2.164067,
    1.0704960000000001, 0.859167, 0.779337, 1.521458, 0.385093,
    1.4498440000000001, 1.7220730000000002, 0.160381, 1.870603, 0.859765,
    1.652236, 0.37743099999999996, 0.846998, 1.0979459999999999,
    1.9771500000000002, 0.982898, 0.928268, 1.331479, 0.817299, 1.139134,
    1.298616, 0.847084, 1.116236, 1.018992, 0.638816, 0.957197, 1.023344,
    0.573392, 0.573392, 0.7514890000000001, 1.031501, 0.64947,
    1.1412090000000001, 1.209804, 1.059926, 1.169758, 1.3487829999999998,
    1.427896, 0.750797, 0.212204, 0.412022, 0.159385, 1.313871,
    0.8282240000000001, 1.520772, 0.837467, 0.17563800000000002,
    1.6975060000000002, 0.508236, 0.29715199999999997, 0.328183, 0.958692,
    0.216356
  ],
  [
    0.555566, 0.790746, 1.198067, 1.6277819999999998, 2.143174, 0.822461,
    1.40435, 1.6304159999999999, 1.201391, 0.068768, 0.804661, 0.0, 0.404767,
    1.099184, 0.7899740000000001, 0.717838, 0.694434, 0.872198, 1.218799,
    1.557371, 0.686643, 0.9690650000000001, 1.034637, 1.525787,
    1.7368869999999998, 0.536486, 1.0536320000000001, 1.446115,
    1.2322339999999998, 1.533009, 2.009301, 1.749167, 1.507489, 2.857426,
    0.9332699999999999, 0.980581, 1.071254, 1.333804, 1.0933119999999998,
    1.400213, 0.293341, 0.8887619999999999, 0.991121, 0.595237, 0.90271,
    0.799726, 0.68784, 1.756169, 2.2859659999999997, 1.203493, 1.385882,
    1.040009, 1.507673, 1.371912, 0.914337, 1.205636, 0.95804, 2.416164,
    1.190435, 0.622918, 0.458206, 1.307273, 1.0296969999999999, 0.629728,
    0.59624, 0.856576, 2.6455770000000003, 0.7028150000000001,
    0.37231000000000003, 0.47208, 1.3445850000000001, 0.822311, 1.131594,
    1.401318, 0.772895, 1.075127, 1.489588, 2.407381, 1.1028,
    1.3906610000000001, 1.867551, 1.181674, 0.378664, 0.330621, 0.437495,
    1.447122, 1.020403, 0.703311, 0.052147, 0.976914, 0.806833, 1.052624,
    1.018694, 0.6556620000000001, 0.7684030000000001, 0.7684030000000001,
    1.232999, 1.277787, 1.1301569999999999, 1.621896, 0.42575799999999997,
    1.541436, 1.719754, 1.168306, 1.1087840000000002, 0.255552, 0.990413,
    0.6188490000000001, 0.980568, 0.8530610000000001, 1.458047, 1.70964,
    1.46729, 1.010348, 1.3995419999999998, 0.503252, 0.769079, 0.797677,
    1.777291, 0.911518
  ],
  [
    0.929299, 0.9034589999999999, 1.570592, 1.6655229999999999, 2.180915,
    0.607212, 1.603149, 1.668157, 1.142114, 0.356771, 0.712966, 0.404767, 0.0,
    1.6029559999999998, 1.1825999999999999, 0.760141, 0.512229, 1.375969,
    1.1529390000000002, 1.546642, 0.8205650000000001, 0.836784, 0.964422,
    1.459927, 2.129514, 0.9291119999999999, 0.730853, 1.304078, 1.166374,
    2.03678, 2.404021, 1.683307, 1.900115, 2.791566, 0.628303, 0.675614,
    1.28612, 1.726431, 0.772177, 1.02723, 0.687175, 0.94864, 0.925261, 0.29027,
    0.597743, 0.494759, 1.1916120000000001, 1.690309, 2.678593, 1.041133,
    1.320022, 1.254875, 1.441813, 1.517757, 0.5909719999999999,
    1.1397760000000001, 0.889264, 2.350304, 1.048398, 1.015545, 0.500508,
    1.6998989999999998, 0.963838, 0.324761, 0.988866, 1.249202, 2.579717,
    1.002312, 0.152894, 0.657833, 1.737211, 0.517344, 1.524221, 1.793945,
    0.609519, 1.578898, 1.3894090000000001, 2.3646860000000003, 0.797833,
    1.324801, 1.5694919999999999, 1.6854449999999999, 0.276625, 0.308663,
    0.9412659999999999, 1.346944, 1.413029, 1.097145, 0.47787, 0.62801, 1.10633,
    0.986764, 1.305145, 0.95516, 0.810705, 0.810705, 1.167139,
    1.3794490000000001, 1.064297, 1.556036, 0.819592, 1.475576, 1.653894,
    1.560932, 1.501411, 0.360584, 0.800101, 0.524745, 0.807239, 1.245687,
    1.3578679999999999, 1.781702, 1.367112, 0.837018, 1.792168,
    0.17982499999999998, 0.464112, 0.49271, 1.576435, 0.6065510000000001
  ],
  [
    0.9020739999999999, 1.354385, 1.3515160000000002, 1.8833469999999999,
    2.398739, 2.010968, 1.719538, 1.885981, 2.080835, 1.171847, 1.89466,
    1.099184, 1.6029559999999998, 0.0, 1.186944, 1.285703, 1.861865, 0.374541,
    1.786664, 1.739219, 1.05651, 1.536929, 1.6025019999999999, 2.093652,
    1.518858, 0.905327, 2.29864, 2.295583, 1.800099, 0.5210710000000001,
    1.608597, 2.082322, 1.4384290000000002, 3.1905810000000003, 2.117947,
    2.168812, 1.468224, 1.079479, 2.376035, 2.5087930000000003, 0.954206,
    1.2937239999999999, 1.5589860000000002, 1.753965, 2.21455, 2.061315,
    0.61872, 2.324033, 1.43001, 1.8315830000000002, 1.719036, 1.436979,
    1.840827, 1.5537590000000001, 2.136489, 1.7735, 1.525904, 2.658187,
    2.109324, 0.8098540000000001, 1.3491900000000001, 0.988933, 1.597562,
    2.00926, 0.99321, 0.656208, 2.978732, 1.094412, 1.450937, 1.144835,
    1.498034, 2.132792, 1.325361, 1.0829790000000001, 1.938445, 0.141393,
    2.057452, 2.9650529999999997, 2.291013, 1.958526, 2.952709, 0.160244,
    1.3250709999999999, 1.277028, 0.6923680000000001, 2.014987,
    1.3178800000000002, 0.708589, 1.142948, 2.07307, 1.19843, 1.620489,
    1.319426, 1.047259, 1.336267, 1.336267, 1.800864, 1.688798, 1.698021,
    1.846055, 1.021973, 1.874591, 2.081315, 1.350153, 0.90859, 1.464815,
    1.775911, 1.851356, 1.794548, 0.580789, 2.025912, 1.863089, 2.035155,
    1.8941199999999998, 1.2476530000000001, 1.5939159999999999, 2.038489,
    2.109518, 2.4053809999999998, 2.093432
  ],
  [
    0.34939600000000004, 0.610375, 0.5473250000000001, 0.8775940000000001,
    1.392985, 1.298983, 0.764887, 0.880227, 1.312042, 0.862637, 1.069302,
    0.7899740000000001, 1.1825999999999999, 1.186944, 0.0, 0.642904, 1.125859,
    0.959078, 0.791603, 0.763867, 0.381131, 0.666602, 0.615645, 1.047329,
    1.086146, 0.290658, 1.5222159999999998, 1.496168, 0.778168, 1.621846,
    1.35856, 0.895377, 0.8567469999999999, 2.003637, 1.295712, 1.346578,
    0.28128, 0.683063, 1.789518, 1.7115250000000002, 0.626829, 0.476795,
    0.632177, 1.275413, 1.451479, 1.3165909999999998, 1.169691,
    1.1078299999999999, 1.8327, 0.9059940000000001, 0.532092, 0.250035,
    0.653883, 0.72117, 1.6105429999999998, 0.804766, 0.546114, 1.562375,
    1.3120560000000001, 0.37709, 0.706391, 0.656531, 0.610705, 1.273255,
    0.20564, 0.6107480000000001, 1.791788, 0.331361, 1.130042,
    0.5596230000000001, 0.693843, 1.396786, 0.48085300000000003, 0.750577,
    1.152075, 1.0273320000000001, 1.1735229999999999, 1.844603, 1.424885,
    0.736377, 2.1554409999999997, 1.270511, 1.044714, 0.9966710000000001,
    0.919346, 1.131058, 0.369661, 0.591977, 0.8337380000000001, 1.734646,
    0.233422, 0.430486, 0.217272, 0.297143, 0.693469, 0.693469,
    0.6685209999999999, 0.506176, 0.711164, 0.768107, 0.505225, 0.687647,
    1.059144, 0.5175639999999999, 0.45804300000000003, 0.822016, 0.978643,
    1.1153510000000002, 0.9972799999999999, 0.607232, 1.141982, 0.908428,
    1.151226, 1.0968520000000002, 0.7517820000000001, 1.21252, 1.302483,
    1.3735119999999998, 1.546499, 1.271198
  ],
  [
    0.448154, 0.176509, 1.0509970000000002, 1.0452629999999998, 1.560654,
    0.91896, 0.982888, 1.047896, 0.91237, 0.617586, 0.726195, 0.717838,
    0.760141, 1.285703, 0.642904, 0.0, 0.694477, 1.057837, 0.6192759999999999,
    1.012979, 0.17616800000000002, 0.369542, 0.435114, 0.926264, 1.589818,
    0.389416, 1.131252, 1.1281949999999998, 0.632711, 1.720605,
    1.8622319999999999, 1.149644, 1.36042, 2.2579029999999998,
    0.9505589999999999, 1.001425, 0.752457, 1.1867349999999999, 1.358136,
    1.3414059999999999, 0.6032649999999999, 0.271832, 0.154708, 0.844031,
    1.047163, 0.893927, 1.107702, 1.156646, 2.1388960000000004,
    0.6641950000000001, 0.786359, 0.721212, 0.90815, 0.984094,
    1.1791610000000001, 0.606113, 0.358517, 1.8166410000000002, 0.941937,
    0.47584899999999997, 0.283931, 1.1602029999999999, 0.430174,
    0.8418730000000001, 0.44917, 0.709506, 2.0460540000000003, 0.348524,
    0.707582, 0.26005399999999995, 1.197515, 0.965405, 0.984525, 1.254249,
    0.771058, 1.262723, 0.8900650000000001, 1.797666, 1.123643, 0.791138,
    1.7853219999999999, 1.36927, 0.831313, 0.776683, 0.8573569999999999,
    0.847599, 0.8733329999999999, 0.690736, 0.65666, 1.312187, 0.452542,
    0.453101, 0.771482, 0.30137200000000003, 0.16888, 0.16888, 0.633476,
    0.8457859999999999, 0.530634, 1.022373, 0.547374, 0.941913, 1.120568,
    1.021236, 0.961715, 0.39955599999999997, 0.608524, 0.683969, 0.627161,
    0.705991, 0.858524, 1.248039, 0.8677670000000001, 0.726733, 1.255455,
    0.781138, 0.8711019999999999, 0.94213, 1.2379939999999998, 0.926045
  ],
  [
    1.024316, 0.612068, 1.534171, 1.2996679999999998, 1.81506, 0.255733,
    1.2372940000000001, 1.3023019999999998, 0.633532, 0.646437,
    0.19620400000000002, 0.694434, 0.512229, 1.861865, 1.125859, 0.694477, 0.0,
    1.565445, 0.7870839999999999, 1.179964, 0.857032, 0.451673, 0.58778,
    1.09325, 2.018567, 0.9655779999999999, 0.472345, 0.799748, 0.800519,
    2.226256, 2.304277, 1.3166289999999998, 1.802465, 2.4248890000000003,
    0.284005, 0.33131700000000003, 0.9947290000000001, 1.685344, 0.863226,
    0.750948, 0.8766499999999999, 0.657249, 0.63387, 0.35299200000000003,
    0.369908, 0.23502, 1.381087, 1.323631, 2.715059, 0.656022,
    0.9533440000000001, 0.963484, 1.075135, 1.226365, 0.6842509999999999,
    0.7739210000000001, 0.597872, 1.983626, 0.544068, 1.052011, 0.689984,
    1.736365, 0.5979829999999999, 0.28102999999999995, 1.0253320000000001,
    1.2856679999999998, 2.21304, 1.038778, 0.65843, 0.74762, 1.5780150000000002,
    0.333959, 1.560687, 1.830411, 0.112151, 1.7683740000000001, 0.999208,
    1.860356, 0.453535, 0.958124, 1.2062899999999999, 1.874921, 0.782161,
    0.72753, 1.130742, 0.956743, 1.195691, 1.2668979999999999, 0.646347,
    0.940625, 1.07555, 0.695373, 1.013754, 0.991626, 0.541674, 0.541674,
    0.800462, 1.088058, 0.698442, 1.190182, 1.009067, 1.1088989999999999,
    1.287216, 1.4053399999999998, 1.537877, 0.55006, 0.369545, 0.295294,
    0.31672500000000003, 1.282153, 0.967668, 1.5697439999999998, 0.976911,
    0.346505, 1.7540630000000001, 0.307499, 0.17374799999999999,
    0.27490499999999995, 1.147435, 0.25964
  ],
  [
    0.6731309999999999, 1.125442, 1.311577, 1.791768, 2.3071599999999997,
    1.783982, 1.671902, 1.794402, 1.851892, 0.944861, 1.6657170000000001,
    0.872198, 1.375969, 0.374541, 0.959078, 1.057837, 1.565445, 0.0, 1.55772,
    1.670882, 0.827567, 1.307986, 1.373559, 1.864709, 1.565135, 0.676384,
    2.069697, 2.06664, 1.571156, 0.808366, 1.7227970000000001,
    1.8533789999999999, 1.4847059999999999, 2.9616379999999998, 1.889004,
    1.9398689999999998, 1.2392809999999999, 1.125755, 2.1663699999999997,
    2.2798499999999997, 0.7272190000000001, 1.064781, 1.330042, 1.526979,
    1.985607, 1.8323720000000001, 0.38838799999999996, 2.0950900000000003,
    1.593354, 1.60264, 1.4900930000000001, 1.208036, 1.611884, 1.485423,
    1.9268230000000002, 1.544557, 1.296961, 2.520375, 1.880381, 0.580911,
    1.120247, 1.03521, 1.3686189999999998, 1.780317, 0.764267, 0.427265,
    2.7497890000000003, 0.865469, 1.22395, 0.915892, 1.458096, 1.903849,
    1.2451050000000001, 1.129256, 1.7095019999999999, 0.357029, 1.828509,
    2.73611, 2.0620700000000003, 1.729583, 2.723766, 0.457031, 1.098085,
    1.050042, 0.45013200000000003, 1.7860440000000002, 1.141837, 0.481603,
    0.9159619999999999, 1.863404, 0.969487, 1.391546, 1.143383, 0.818316,
    1.107324, 1.107324, 1.5719210000000001, 1.399221, 1.4690779999999999,
    1.5969749999999998, 0.79303, 1.645648, 2.0590129999999998, 1.281816,
    0.91755, 1.015385, 1.5469680000000001, 1.622413, 1.565605, 0.351846,
    1.796969, 1.823151, 1.806211, 1.665177, 1.29393, 1.36693, 1.809546,
    1.880574, 2.176438, 1.864489
  ],
  [
    0.949115, 0.34606400000000004, 0.9926240000000001, 0.577076, 1.092467,
    0.903395, 0.516959, 0.5797089999999999, 0.63786, 1.118547, 0.640439,
    1.218799, 1.1529390000000002, 1.786664, 0.791603, 0.6192759999999999,
    0.7870839999999999, 1.55772, 0.0, 0.45766399999999996, 0.78183, 0.335411,
    0.197907, 0.319305, 1.472974, 0.890377, 1.1910260000000001, 0.77591,
    0.013435, 2.2215659999999997, 1.7766330000000001, 0.594329, 1.291921,
    1.702588, 0.9645220000000001, 0.89806, 0.660472, 1.1432660000000001,
    1.5252070000000002, 1.163163, 1.1042260000000002, 0.29016699999999995,
    0.367865, 1.011102, 1.120289, 0.985401, 1.608663, 0.549687, 2.292904,
    0.271969, 0.28982100000000005, 0.6292279999999999, 0.35283499999999995,
    0.6596559999999999, 1.3462319999999999, 0.013163000000000001,
    0.28180299999999997, 1.261326, 0.6727000000000001, 0.9768089999999999,
    0.784892, 1.256116, 0.189101, 1.008943, 0.950131, 1.2104670000000002,
    1.490739, 0.839232, 1.208543, 0.761015, 1.0294400000000001,
    1.0843399999999999, 0.964324, 1.389741, 0.820885, 1.763684,
    0.35418299999999997, 1.2009, 0.877005, 0.208923, 1.619644, 1.87023,
    1.332274, 1.277643, 1.358317, 0.311718, 0.779025, 1.1916959999999999,
    1.157621, 1.602606, 0.741294, 0.36932, 0.597088, 0.916424, 0.450396,
    0.450396, 0.156827, 0.567022, 0.088642, 0.467058, 1.048335, 0.386598,
    0.5132720000000001, 0.863262, 1.067787, 0.900517, 0.568142, 0.851039,
    0.60972, 1.206952, 0.322642, 0.793573, 0.331886, 0.647092, 1.211986,
    0.9482079999999999, 0.948235, 1.027846, 0.7599020000000001, 0.940163
  ],
  [
    1.116793, 0.7397659999999999, 0.5178959999999999, 0.513344, 1.028736,
    1.360673, 0.062221, 0.5159779999999999, 1.0794110000000001, 1.512249,
    1.130992, 1.557371, 1.546642, 1.739219, 0.763867, 1.012979, 1.179964,
    1.670882, 0.45766399999999996, 0.0, 0.8761209999999999, 0.726856, 0.589352,
    0.695584, 0.998777, 1.058055, 1.58247, 1.2172370000000001, 0.444759,
    2.128972, 1.302436, 0.518532, 0.817724, 1.626792, 1.3559670000000001,
    1.3393869999999999, 0.647591, 0.66907, 1.916651, 1.60449, 1.394227,
    0.609217, 0.7593099999999999, 1.402546, 1.511733, 1.376845, 2.046417,
    0.730985, 1.818707, 0.713296, 0.224362, 0.616346, 0.244154, 0.18546,
    1.737676, 0.471357, 0.6732480000000001, 1.185529, 1.114027, 1.144488,
    1.176337, 0.78192, 0.580546, 1.400388, 0.973038, 1.290571, 1.414943,
    0.82635, 1.599988, 1.08145, 0.555243, 1.4757850000000001,
    0.49012700000000003, 0.9155449999999999, 1.212329, 1.5652059999999999,
    0.821778, 1.4677580000000001, 1.318332, 0.37212799999999996, 2.060971,
    1.7994780000000001, 1.723719, 1.669088, 1.6867429999999999, 0.779313,
    0.543986, 1.359375, 1.549066, 1.994051, 0.7284120000000001, 0.650377,
    0.553353, 0.873503, 0.8418410000000001, 0.8418410000000001,
    0.40142500000000003, 0.279055, 0.525051, 0.106836, 1.272623, 0.310802,
    0.47506400000000004, 0.38906599999999997, 0.837287, 1.291961, 1.009469,
    1.242484, 1.0602449999999999, 1.319036, 0.790237, 0.319377, 0.79948,
    1.088419, 0.73851, 1.339653, 1.339679, 1.418875, 1.050816, 1.331608
  ],
  [
    0.218962, 0.317536, 0.820184, 0.974993, 1.490385, 1.0815139999999999,
    0.877141, 0.9776269999999999, 1.074924, 0.6780109999999999, 0.888749,
    0.686643, 0.8205650000000001, 1.05651, 0.381131, 0.17616800000000002,
    0.857032, 0.827567, 0.78183, 0.8761209999999999, 0.0, 0.532096, 0.597669,
    1.088818, 1.360625, 0.160223, 1.293807, 1.290749, 0.795265, 1.491412,
    1.633039, 1.3121980000000002, 1.131227, 2.420458, 1.113114, 1.163979,
    0.5955560000000001, 0.957542, 1.5549369999999998, 1.50396, 0.496395,
    0.257953, 0.5541520000000001, 1.0408320000000002, 1.2097170000000002,
    1.056481, 1.039257, 1.3192000000000002, 1.9097039999999998, 0.82675,
    0.948913, 0.564312, 1.0707039999999999, 0.995649, 1.375962, 0.768667,
    0.5210710000000001, 1.979195, 1.104491, 0.24665600000000001, 0.344356,
    0.93101, 0.5927290000000001, 1.004427, 0.219977, 0.480314,
    2.2086080000000003, 0.193095, 0.768007, 0.23363, 0.9683229999999999,
    1.1279590000000002, 0.755332, 1.025056, 0.933612, 1.03353, 1.052619,
    1.970413, 1.28618, 0.953692, 1.947876, 1.140077, 0.891738, 0.837108,
    0.7889109999999999, 1.010153, 0.644141, 0.461543, 0.7170850000000001,
    1.3726120000000002, 0.297113, 0.615656, 0.5315489999999999,
    0.14594300000000002, 0.331434, 0.331434, 0.7960309999999999, 0.901524,
    0.693188, 1.1849280000000002, 0.374791, 1.104467, 1.283122, 0.792043,
    0.732522, 0.459981, 0.7710779999999999, 0.846523, 0.7897150000000001,
    0.476798, 1.021078, 1.333378, 1.0303209999999998, 0.889287, 1.02328,
    0.977938, 1.033656, 1.104684, 1.400548, 1.0885989999999999
  ],
  [
    0.6993809999999999, 0.21285900000000002, 1.074913, 0.847996, 1.363387,
    0.632381, 0.785621, 0.850629, 0.64544, 0.868813, 0.4027, 0.9690650000000001,
    0.836784, 1.536929, 0.666602, 0.369542, 0.451673, 1.307986, 0.335411,
    0.726856, 0.532096, 0.0, 0.136107, 0.641577, 1.559309, 0.6406430000000001,
    0.855614, 0.829566, 0.34884699999999996, 1.971832, 1.8450199999999999,
    0.864957, 1.343207, 1.9732159999999999, 0.629111, 0.679976, 0.535471,
    1.226086, 1.2090509999999999, 1.047634, 0.8544919999999999,
    0.25804000000000005, 0.234661, 0.6949460000000001, 0.7848769999999999,
    0.649989, 1.358929, 0.871958, 2.375724, 0.36556700000000003, 0.501671,
    0.504226, 0.623462, 0.7671079999999999, 1.030077, 0.322248, 0.119087,
    1.531954, 0.648165, 0.7270760000000001, 0.535158, 1.225327, 0.14631,
    0.692788, 0.700397, 0.960733, 1.761367, 0.713843, 0.958809, 0.511281,
    1.1187580000000001, 0.748929, 1.047144, 1.3193730000000001, 0.485473,
    1.5139500000000001, 0.6062000000000001, 1.523171, 0.7609940000000001,
    0.506451, 1.491549, 1.6204960000000002, 1.08254, 1.02791, 1.108583,
    0.563735, 0.7364339999999999, 0.941963, 0.9078869999999999, 1.286451,
    0.6162920000000001, 0.23611600000000002, 0.5544969999999999, 0.66669,
    0.20637899999999998, 0.20637899999999998, 0.34878899999999996, 0.628801,
    0.24676900000000002, 0.738509, 0.798601, 0.657226, 0.835544, 0.946082,
    1.025196, 0.650783, 0.31475200000000003, 0.534884, 0.333389, 0.957218,
    0.57466, 1.118072, 0.5839030000000001, 0.43296100000000004,
    1.2948060000000001, 0.632053, 0.612823, 0.692019, 0.939365, 0.604752
  ],
  [
    0.764953, 0.161902, 1.023956, 0.710492, 1.225883, 0.7684880000000001,
    0.6481169999999999, 0.713125, 0.669372, 0.934385, 0.538807, 1.034637,
    0.964422, 1.6025019999999999, 0.615645, 0.435114, 0.58778, 1.373559,
    0.197907, 0.589352, 0.597669, 0.136107, 0.0, 0.504896, 1.5083520000000001,
    0.706215, 0.9919629999999999, 0.885197, 0.211343, 2.037404,
    1.7940630000000002, 0.7282759999999999, 1.292251, 1.836535, 0.76546,
    0.8163250000000001, 0.484514, 1.1751289999999999, 1.336689, 1.127026,
    0.920064, 0.207083, 0.183704, 0.822584, 0.921226, 0.786338, 1.424501,
    0.7352770000000001, 2.324767, 0.28910399999999997, 0.36499000000000004,
    0.45326900000000003, 0.486781, 0.716151, 1.157714, 0.184744,
    0.09764199999999999, 1.3952719999999998, 0.724616, 0.792648, 0.600731,
    1.17437, 0.008806, 0.8204260000000001, 0.765969, 1.026306,
    1.6246859999999999, 0.663274, 1.024381, 0.576853, 1.067801, 0.885278,
    0.996187, 1.268416, 0.621822, 1.5795219999999999, 0.468696, 1.38649,
    0.840387, 0.36977, 1.570942, 1.686069, 1.148112, 1.093482, 1.174156,
    0.42623099999999997, 0.685477, 1.007535, 0.97346, 1.414089, 0.565335,
    0.185159, 0.50354, 0.732263, 0.266235, 0.266235, 0.212108, 0.577844,
    0.109265, 0.601005, 0.864173, 0.5205449999999999, 0.698862, 0.895126,
    0.9742390000000001, 0.716355, 0.451101, 0.662522, 0.469738,
    1.0227899999999999, 0.437156, 0.981391, 0.446399, 0.56931, 1.243849,
    0.759691, 0.7491720000000001, 0.8283680000000001, 0.8744149999999999,
    0.741101
  ],
  [
    1.256103, 0.653052, 1.077975, 0.36217099999999997, 0.6798780000000001,
    1.2873379999999999, 0.754349, 0.36480399999999996, 0.721091, 1.425535,
    0.987388, 1.525787, 1.459927, 2.093652, 1.047329, 0.926264, 1.09325,
    1.864709, 0.319305, 0.695584, 1.088818, 0.641577, 0.504896, 0.0,
    1.4713409999999998, 1.197365, 1.43198, 0.7085499999999999, 0.309058,
    2.528554, 1.775, 0.43888499999999997, 1.290288, 1.455417, 1.149018,
    1.108054, 0.916198, 1.381186, 1.832195, 1.3319400000000001, 1.411214,
    0.5458930000000001, 0.6748540000000001, 1.31809, 1.357041, 1.222153,
    1.915651, 0.242406, 2.411383, 0.473523, 0.527741, 0.884953, 0.590755,
    0.897576, 1.6532200000000001, 0.335656, 0.5887910000000001, 1.037606,
    0.715384, 1.283798, 1.0918800000000002, 1.4940360000000001, 0.49609,
    1.315931, 1.2571189999999999, 1.517455, 1.243568, 1.094958, 1.515531,
    1.068003, 1.027807, 1.321093, 1.2022439999999999, 1.627662, 1.096381,
    2.070672, 0.28537599999999996, 0.883426, 1.0457809999999998, 0.456583,
    1.511464, 2.177219, 1.639262, 1.584632, 1.665306, 0.242911, 1.034751,
    1.498685, 1.4646089999999998, 1.909595, 0.997019, 0.6763089999999999,
    0.852814, 1.14211, 0.7573840000000001, 0.7573840000000001, 0.412553,
    0.8268840000000001, 0.396612, 0.7007340000000001, 1.355323, 0.314801,
    0.288493, 1.101182, 1.323513, 1.207505, 0.769696, 1.158028, 0.811275,
    1.51394, 0.25383500000000003, 0.6436689999999999, 0.263078, 0.832115,
    1.2836990000000001, 1.255197, 1.233152, 1.264183, 0.444116,
    1.1496099999999998
  ],
  [
    1.296309, 1.5030830000000002, 0.5756290000000001, 1.262473,
    1.7737829999999999, 2.19169, 0.9930829999999999, 1.242002, 2.064185,
    1.80955, 1.9620090000000001, 1.7368869999999998, 2.129514, 1.518858,
    1.086146, 1.589818, 2.018567, 1.565135, 1.472974, 0.998777, 1.360625,
    1.559309, 1.5083520000000001, 1.4713409999999998, 0.0, 1.237571, 2.469348,
    2.140259, 1.496607, 1.7091489999999998, 0.5988600000000001, 1.228096,
    0.283235, 2.401898, 2.242844, 2.2937089999999998, 1.335992, 0.4689, 2.73665,
    2.6563380000000003, 1.573743, 1.4519069999999998, 1.579309, 2.222545,
    2.398611, 2.263723, 1.846756, 1.524668, 1.014053, 1.765144, 1.27621,
    1.304747, 1.2182680000000001, 0.8712580000000001, 2.557675,
    1.5232059999999998, 1.493247, 1.601961, 2.165875, 1.324004, 1.653305,
    0.5615589999999999, 1.557837, 2.220387, 1.152554, 1.181711, 2.154706,
    1.291209, 2.076956, 1.506536, 0.438163, 2.343918, 0.669643, 0.715884,
    2.099207, 1.365545, 1.703314, 2.256966, 2.369698, 1.4239760000000001,
    2.983993, 1.599817, 1.991628, 1.9435850000000001, 1.824153, 1.660849,
    0.9283830000000001, 1.328995, 1.7806520000000001, 2.68156, 1.31973,
    1.377618, 1.124811, 1.244057, 1.640382, 1.640382, 1.4532729999999998,
    1.006297, 1.5768989999999998, 1.105613, 1.4521389999999998, 1.224606,
    1.182845, 0.667651, 0.716214, 1.7689300000000001, 1.925775,
    2.0624830000000003, 1.944412, 1.191365, 1.6717739999999999, 0.928501,
    1.681017, 2.043984, 0.437936, 2.159652, 2.249615, 2.3206439999999997,
    1.832643, 2.2184850000000003
  ],
  [
    0.06777899999999999, 0.457021, 0.69875, 1.1233469999999999, 1.638739,
    1.1900609999999998, 1.059075, 1.125981, 1.183471, 0.609149,
    0.9972960000000001, 0.536486, 0.9291119999999999, 0.905327, 0.290658,
