[
    [
        0.0,
        2.885815,
        2.469259,
        2.758682,
        3.4605659999999996,
        2.5370790000000003,
        3.011046,
        2.1329659999999997,
        3.784885,
        2.403429,
        3.818382,
        3.6583040000000002,
        4.589487,
        2.6403719999999997,
        4.193458,
        2.8133139999999996,
        4.857197,
        3.708671,
        2.355795,
        1.9396900000000001
    ],
    [
        2.885815,
        0.0,
        1.570395,
        0.277237,
        1.1108099999999999,
        0.806471,
        1.48122,
        0.729881,
        1.662766,
        0.72197,
        1.1114249999999999,
        1.360434,
        2.678585,
        2.00211,
        1.873713,
        0.131443,
        2.709756,
        1.586552,
        0.768621,
        0.931654
    ],
    [
        2.469259,
        1.570395,
        0.0,
        1.302289,
        1.1625809999999999,
        1.540583,
        0.737878,
        1.102754,
        1.486901,
        1.456082,
        1.520398,
        1.36032,
        4.14447,
        2.855933,
        1.9247049999999999,
        1.454441,
        2.592998,
        1.4106869999999998,
        1.5037170000000002,
        0.886756
    ],
    [
        2.758682,
        0.277237,
        1.302289,
        0.0,
        0.946452,
        0.7803709999999999,
        1.316862,
        0.6172179999999999,
        1.4984069999999998,
        0.695871,
        1.209827,
        1.196075,
        2.86793,
        1.9346869999999998,
        1.8718,
        0.145794,
        2.668805,
        1.422194,
        0.743506,
        0.818991
    ],
    [
        3.4605659999999996,
        1.1108099999999999,
        1.1625809999999999,
        0.946452,
        0.0,
        1.70311,
        0.653704,
        1.4895,
        0.6001989999999999,
        1.6186099999999999,
        0.997013,
        0.291949,
        3.714963,
        2.799544,
        0.929096,
        0.993343,
        1.767798,
        0.523986,
        1.6662439999999998,
        1.6441880000000002
    ],
    [
        2.5370790000000003,
        0.806471,
        1.540583,
        0.7803709999999999,
        1.70311,
        0.0,
        1.752894,
        0.480577,
        2.192212,
        0.125138,
        1.870746,
        1.952734,
        2.960143,
        1.675029,
        2.6380120000000002,
        0.748651,
        3.362609,
        2.115999,
        0.172773,
        0.871096
    ],
    [
        3.011046,
        1.48122,
        0.737878,
        1.316862,
        0.653704,
        1.752894,
        0.0,
        1.374502,
        0.8984840000000001,
        1.668394,
        1.365985,
        0.8191090000000001,
        4.083935,
        3.2182530000000003,
        1.370072,
        1.3623150000000002,
        2.068882,
        0.822271,
        1.716028,
        1.5255560000000001
    ],
    [
        2.1329659999999997,
        0.729881,
        1.102754,
        0.6172179999999999,
        1.4895,
        0.480577,
        1.374502,
        0.0,
        1.81382,
        0.342168,
        1.847317,
        1.687239,
        3.060206,
        1.7750920000000001,
        2.285407,
        0.671851,
        2.984217,
        1.737606,
        0.294534,
        0.316123
    ],
    [
        3.784885,
        1.662766,
        1.486901,
        1.4984069999999998,
        0.6001989999999999,
        2.192212,
        0.8984840000000001,
        1.81382,
        0.0,
        2.120286,
        1.548969,
        0.585083,
        4.266919,
        3.3515,
        0.9026000000000001,
        1.545299,
        1.60141,
        0.07621299999999999,
        2.1679209999999998,
        1.981082
    ],
    [
        2.403429,
        0.72197,
        1.456082,
        0.695871,
        1.6186099999999999,
        0.125138,
        1.668394,
        0.342168,
        2.120286,
        0.0,
        1.786246,
        1.868233,
        2.835005,
        1.5498910000000001,
        2.553512,
        0.66415,
        3.2781089999999997,
        2.031498,
        0.047635,
        0.725333
    ],
    [
        3.818382,
        1.1114249999999999,
        1.520398,
        1.209827,
        0.997013,
        1.870746,
        1.365985,
        1.847317,
        1.548969,
        1.786246,
        0.0,
        1.027163,
        3.3098110000000003,
        3.0573420000000002,
        1.006516,
        1.161312,
        2.030964,
        1.472755,
        1.834379,
        2.002004
    ],
    [
        3.6583040000000002,
        1.360434,
        1.36032,
        1.196075,
        0.291949,
        1.952734,
        0.8191090000000001,
        1.687239,
        0.585083,
        1.868233,
        1.027163,
        0.0,
        3.957134,
        3.0491669999999997,
        0.732996,
        1.2429659999999998,
        1.591008,
        0.50887,
        1.915868,
        1.841926
    ],
    [
        4.589487,
        2.678585,
        4.14447,
        2.86793,
        3.714963,
        2.960143,
        4.083935,
        3.060206,
        4.266919,
        2.835005,
        3.3098110000000003,
        3.957134,
        0.0,
        2.035058,
        4.136929,
        2.735365,
        5.161376000000001,
        4.191705,
        2.7873710000000003,
        3.44337
    ],
    [
        2.6403719999999997,
        2.00211,
        2.855933,
        1.9346869999999998,
        2.799544,
        1.675029,
        3.2182530000000003,
        1.7750920000000001,
        3.3515,
        1.5498910000000001,
        3.0573420000000002,
        3.0491669999999997,
        2.035058,
        0.0,
        3.701483,
        1.876819,
        4.498488999999999,
        3.251878,
        1.478848,
        1.9699380000000002
    ],
    [
        4.193458,
        1.873713,
        1.9247049999999999,
        1.8718,
        0.929096,
        2.6380120000000002,
        1.370072,
        2.285407,
        0.9026000000000001,
        2.553512,
        1.006516,
        0.732996,
        4.136929,
        3.701483,
        0.0,
        1.9016300000000002,
        1.114276,
        0.830706,
        2.562088,
        2.4526689999999998
    ],
    [
        2.8133139999999996,
        0.131443,
        1.454441,
        0.145794,
        0.993343,
        0.748651,
        1.3623150000000002,
        0.671851,
        1.545299,
        0.66415,
        1.161312,
        1.2429659999999998,
        2.735365,
        1.876819,
        1.9016300000000002,
        0.0,
        2.715696,
        1.469085,
        0.710801,
        0.873051
    ],
    [
        4.857197,
        2.709756,
        2.592998,
        2.668805,
        1.767798,
        3.362609,
        2.068882,
        2.984217,
        1.60141,
        3.2781089999999997,
        2.030964,
        1.591008,
        5.161376000000001,
        4.498488999999999,
        1.114276,
        2.715696,
        0.0,
        1.525336,
        3.334138,
        3.147299
    ],
    [
        3.708671,
        1.586552,
        1.4106869999999998,
        1.422194,
        0.523986,
        2.115999,
        0.822271,
        1.737606,
        0.07621299999999999,
        2.031498,
        1.472755,
        0.50887,
        4.191705,
        3.251878,
        0.830706,
        1.469085,
        1.525336,
        0.0,
        2.091707,
        1.904868
    ],
    [
        2.355795,
        0.768621,
        1.5037170000000002,
        0.743506,
        1.6662439999999998,
        0.172773,
        1.716028,
        0.294534,
        2.1679209999999998,
        0.047635,
        1.834379,
        1.915868,
        2.7873710000000003,
        1.478848,
        2.562088,
        0.710801,
        3.334138,
        2.091707,
        0.0,
        0.677698
    ],
    [
        1.9396900000000001,
        0.931654,
        0.886756,
        0.818991,
        1.6441880000000002,
        0.871096,
        1.5255560000000001,
        0.316123,
        1.981082,
        0.725333,
        2.002004,
        1.841926,
        3.44337,
        1.9699380000000002,
        2.4526689999999998,
        0.873051,
        3.147299,
        1.904868,
        0.677698,
        0.0
    ]
]