[
    [
        0.0,
        0.406971,
        1.1172819999999999,
        0.408452,
        0.933735,
        1.6116210000000002,
        0.016488,
        0.9543780000000001,
        0.001428,
        0.406835
    ],
    [
        0.406971,
        0.0,
        1.524254,
        0.0014810000000000001,
        1.3371279999999999,
        1.202776,
        0.390484,
        1.361349,
        0.40554399999999996,
        0.033262
    ],
    [
        1.1172819999999999,
        1.524254,
        0.0,
        1.534902,
        0.333181,
        1.577279,
        1.1429369999999999,
        0.162904,
        1.127877,
        1.533284
    ],
    [
        0.408452,
        0.0014810000000000001,
        1.534902,
        0.0,
        1.3386099999999999,
        1.201295,
        0.39196499999999995,
        1.362831,
        0.40702499999999997,
        0.034743
    ],
    [
        0.933735,
        1.3371279999999999,
        0.333181,
        1.3386099999999999,
        0.0,
        1.244098,
        0.950222,
        0.338103,
        0.935163,
        1.336992
    ],
    [
        1.6116210000000002,
        1.202776,
        1.577279,
        1.201295,
        1.244098,
        0.0,
        1.581464,
        1.582202,
        1.5965239999999998,
        1.250884
    ],
    [
        0.016488,
        0.390484,
        1.1429369999999999,
        0.39196499999999995,
        0.950222,
        1.581464,
        0.0,
        0.970866,
        0.01506,
        0.39034800000000003
    ],
    [
        0.9543780000000001,
        1.361349,
        0.162904,
        1.362831,
        0.338103,
        1.582202,
        0.970866,
        0.0,
        0.9649719999999999,
        1.3703800000000002
    ],
    [
        0.001428,
        0.40554399999999996,
        1.127877,
        0.40702499999999997,
        0.935163,
        1.5965239999999998,
        0.01506,
        0.9649719999999999,
        0.0,
        0.40540699999999996
    ],
    [
        0.406835,
        0.033262,
        1.533284,
        0.034743,
        1.336992,
        1.250884,
        0.39034800000000003,
        1.3703800000000002,
        0.40540699999999996,
        0.0
    ]
]