[
  [
    0.0, 1.081654, 0.944119, 1.084673, 1.465633, 0.816729, 0.770153, 0.985355,
    0.885638, 1.224961, 0.220786, 1.852466, 2.293471, 0.61887, 1.112457,
    0.246472, 0.35980399999999996, 0.269233, 2.495636, 0.308759, 1.091475,
    0.460173, 0.679415, 2.122541, 1.943578, 1.307731, 0.854878, 0.912136,
    2.479522, 1.0845820000000002, 0.662065, 1.301024, 1.4383920000000001,
    1.9440039999999998, 0.525068, 0.6364679999999999, 1.187826, 1.566653,
    1.8358679999999998, 0.6299779999999999
  ],
  [
    1.081654, 0.0, 1.3746559999999999, 0.152938, 1.912786, 0.9990910000000001,
    0.8531340000000001, 0.193752, 0.233043, 0.897541, 1.109859, 0.962333,
    1.966051, 0.413302, 1.026496, 0.841255, 0.894768, 0.846858, 1.87765,
    0.802961, 1.017499, 0.571999, 0.499692, 1.374234, 2.383453, 0.349589,
    0.915149, 1.0637290000000001, 1.731214, 0.998622, 1.596484, 1.597039,
    1.725665, 1.2167919999999999, 1.5811199999999999, 0.772361, 1.791255,
    1.749578, 1.857297, 1.686029
  ],
  [
    0.944119, 1.3746559999999999, 0.0, 1.273676, 0.6879059999999999, 0.392745,
    1.657823, 1.288816, 1.1416140000000001, 0.7207680000000001, 0.757563,
    1.74469, 1.6429200000000002, 1.293892, 0.34816, 1.004851,
    1.2478330000000002, 1.146326, 1.845086, 0.966557, 1.979145, 1.128632,
    1.407313, 2.740141, 1.1658510000000002, 1.334806, 0.487555, 1.832416,
    2.476689, 0.598041, 0.390718, 0.356904, 0.494273, 1.484412, 0.892617,
    0.8288390000000001, 0.49207100000000004, 0.622534, 0.8917480000000001,
    0.475043
  ],
  [
    1.084673, 0.152938, 1.273676, 0.0, 1.808724, 0.895029, 0.999323, 0.339941,
    0.37205, 0.744523, 1.075852, 0.87139, 1.813033, 0.559492,
    0.9224349999999999, 0.902327, 1.037254, 0.950329, 1.751039, 0.864032,
    1.163689, 0.675471, 0.6458809999999999, 1.247622, 2.836795, 0.222978,
    0.811087, 1.2099179999999998, 1.604603, 0.8945599999999999, 1.492422,
    1.492977, 1.621604, 1.0813869999999999, 1.547112, 0.674618, 1.687193,
    1.645516, 1.7532349999999999, 1.5767470000000001
  ],
  [
    1.465633, 1.912786, 0.6879059999999999, 1.808724, 0.0, 0.962725,
    2.2253629999999998, 1.874832, 1.72763, 1.151038, 1.414615, 2.018313,
    1.43912, 1.903859, 0.877191, 1.6619030000000001, 1.815013, 1.724443,
    1.641285, 1.6236089999999999, 2.546685, 1.785684, 2.0643649999999996,
    2.263807, 0.689517, 1.854673, 1.2345760000000001, 2.367346, 2.903875,
    1.184057, 0.802723, 0.37583999999999995, 0.262913, 1.916436,
    1.3127149999999999, 1.485891, 0.289126, 0.437448, 0.687948, 0.888615
  ],
  [
    0.816729, 0.9990910000000001, 0.392745, 0.895029, 0.962725, 0.0, 1.26723,
    0.9083640000000001, 0.761161, 0.53263, 0.588998, 1.556552,
    1.6011410000000001, 0.7848339999999999, 0.42012700000000003,
    0.6348189999999999, 0.85724, 0.755733, 1.803306, 0.596525, 1.588552,
    0.738039, 1.016721, 1.826627, 1.523431, 1.081007, 0.119727, 1.441824,
    2.183608, 0.37715699999999996, 0.586596, 0.656076, 0.7847029999999999,
    1.4552470000000002, 0.724051, 0.460062, 0.8496520000000001, 0.915042,
    1.173149, 0.6709210000000001
  ],
  [
    0.770153, 0.8531340000000001, 1.657823, 0.999323, 2.2253629999999998,
    1.26723, 0.0, 0.6593819999999999, 0.7612920000000001, 1.533389, 1.074016,
    1.7102519999999999, 2.601899, 0.672849, 1.5547460000000002,
    0.6574099999999999, 0.452875, 0.538411, 2.654649, 0.740052,
    0.48397199999999996, 0.725727, 0.44529, 2.1512330000000004, 2.70139,
    1.160832, 1.3359590000000001, 0.254297, 2.5082139999999997, 1.526871,
    1.432253, 1.914976, 2.043602, 1.992673, 1.295257, 1.117549, 1.958014,
    2.277828, 2.3855459999999997, 1.400167
  ],
  [
    0.985355, 0.193752, 1.288816, 0.339941, 1.874832, 0.9083640000000001,
    0.6593819999999999, 0.0, 0.147203, 0.919299, 1.024019, 1.059236, 1.987809,
    0.327462, 0.9406559999999999, 0.755415, 0.701016, 0.822538,
    1.9952670000000001, 0.71712, 0.823747, 0.486159, 0.30594, 1.491851,
    2.2976129999999997, 0.50145, 0.829309, 0.869977, 1.848832,
    0.9127820000000001, 1.510644, 1.511199, 1.639825, 1.33441, 1.495279,
    0.68652, 1.705415, 1.6637380000000002, 1.771457, 1.600189
  ],
  [
    0.885638, 0.233043, 1.1416140000000001, 0.37205, 1.72763, 0.761161,
    0.7612920000000001, 0.147203, 0.0, 0.772096, 0.876817, 1.098527, 1.840606,
    0.224259, 0.793454, 0.703292, 0.744739, 0.657814, 2.042771, 0.664997,
    0.925658, 0.382956, 0.40785000000000005, 1.4099169999999999, 2.15041,
    0.540741, 0.682106, 0.971887, 1.7668979999999999, 0.7655789999999999,
    1.3634410000000001, 1.363996, 1.492623, 1.2313800000000001, 1.348077,
    0.539318, 1.558213, 1.5165350000000002, 1.6242539999999999, 1.452987
  ],
  [
    1.224961, 0.897541, 0.7207680000000001, 0.744523, 1.151038, 0.53263,
    1.533389, 0.919299, 0.772096, 0.0, 1.051427, 1.113519, 1.090967, 0.948326,
    0.372608, 1.0662829999999999, 1.2887039999999998, 1.1498789999999999,
    1.2931320000000002, 1.0279880000000001, 1.708433, 1.041476, 1.190626,
    1.383594, 1.630803, 0.703635, 0.410918, 1.754663, 1.740575, 0.362385,
    1.024645, 0.8443890000000001, 1.02678, 1.012213, 1.255825,
    0.6833020000000001, 1.038605, 0.939943, 1.047662, 1.10897
  ],
  [
    0.220786, 1.109859, 0.757563, 1.075852, 1.414615, 0.588998, 1.074016,
    1.024019, 0.876817, 1.051427, 0.0, 1.843644, 2.118893, 0.697134, 0.937879,
    0.36202999999999996, 0.580625, 0.490055, 2.321058, 0.374835,
    1.3122960000000001, 0.533427, 0.8121079999999999, 2.113719, 1.88977,
    1.298909, 0.680301, 1.1329580000000001, 2.4707, 0.910004,
    0.6082569999999999, 1.114468, 1.251836, 1.804975, 0.47126, 0.461891,
    1.134018, 1.380098, 1.649312, 0.57617
  ],
  [
    1.852466, 0.962333, 1.74469, 0.87139, 2.018313, 1.556552,
    1.7102519999999999, 1.059236, 1.098527, 1.113519, 1.843644, 0.0, 1.713735,
    1.274935, 1.387237, 1.670119, 1.7564000000000002, 1.70849, 1.367203,
    1.631825, 1.8442349999999998, 1.433632, 1.361324, 0.789222,
    2.4207910000000004, 0.7049160000000001, 1.425546, 1.920847, 1.146203,
    1.3770129999999998, 2.039274, 1.76946, 1.719654, 0.743599, 2.270453,
    1.442411, 1.9756289999999999, 1.632817, 1.732353, 2.123599
  ],
  [
    2.293471, 1.966051, 1.6429200000000002, 1.813033, 1.43912,
    1.6011410000000001, 2.601899, 1.987809, 1.840606, 1.090967, 2.118893,
    1.713735, 0.0, 2.049667, 1.320534, 2.167623, 2.3909520000000004, 2.251219,
    0.406605, 2.1293290000000002, 2.810682, 2.142817, 2.291967, 1.276191,
    1.7737100000000001, 1.8058830000000001, 1.512259, 2.856911, 0.995538,
    1.464633, 1.9934, 1.2558479999999999, 1.164483, 1.2028610000000002,
    2.358073, 1.784642, 1.69621, 1.119205, 1.186435, 2.0801999999999996
  ],
  [
    0.61887, 0.413302, 1.293892, 0.559492, 1.903859, 0.7848339999999999,
    0.672849, 0.327462, 0.224259, 0.948326, 0.697134, 1.274935, 2.049667, 0.0,
    1.003725, 0.427953, 0.52048, 0.433555, 2.2530419999999998, 0.389658,
    0.9583379999999999, 0.158697, 0.256469, 1.6201880000000002, 2.192726,
    0.721001, 0.7685879999999999, 0.8885230000000001, 1.9771690000000002,
    0.97585, 1.289445, 1.406312, 1.5349380000000001, 1.441651,
    1.1524480000000001, 0.484299, 1.600528, 1.726806, 1.8345250000000002,
    1.257358
  ],
  [
    1.112457, 1.026496, 0.34816, 0.9224349999999999, 0.877191,
    0.42012700000000003, 1.5547460000000002, 0.9406559999999999, 0.793454,
    0.372608, 0.937879, 1.387237, 1.320534, 1.003725, 0.0, 0.951808, 1.174229,
    1.037375, 1.5211459999999999, 0.913514, 1.719111, 1.0628330000000001,
    1.2013040000000001, 1.6666050000000001, 1.3569570000000002,
    0.9866459999999999, 0.3004, 1.7653409999999998, 2.023586, 0.249881,
    0.6520370000000001, 0.570542, 0.6991689999999999, 1.185887, 1.045868,
    0.703866, 0.764759, 0.765295, 0.873013, 0.736362
  ],
  [
    0.246472, 0.841255, 1.004851, 0.902327, 1.6619030000000001,
    0.6348189999999999, 0.6574099999999999, 0.755415, 0.703292,
    1.0662829999999999, 0.36202999999999996, 1.670119, 2.167623, 0.427953,
    0.951808, 0.0, 0.23732, 0.135813, 2.332516, 0.082642, 0.9689909999999999,
    0.269256, 0.547937, 1.928152, 2.0571889999999997, 1.113342, 0.691758,
    0.821903, 2.2851329999999996, 0.921462, 0.893116, 1.270775, 1.399402,
    1.749615, 0.756119, 0.473348, 1.418877, 1.527663, 1.7801369999999999,
    0.861029
  ],
  [
    0.35980399999999996, 0.894768, 1.2478330000000002, 1.037254, 1.815013,
    0.85724, 0.452875, 0.701016, 0.744739, 1.2887039999999998, 0.580625,
    1.7564000000000002, 2.3909520000000004, 0.52048, 1.174229, 0.23732, 0.0,
    0.12267499999999999, 2.5571390000000003, 0.319961, 0.784728, 0.361783,
    0.38453899999999996, 2.075122, 2.303417, 1.191929, 0.916381, 0.590383,
    2.432103, 1.146085, 1.021904, 1.495398, 1.624025, 1.896585, 0.884908,
    0.697971, 1.547665, 1.752286, 2.00476, 0.9898170000000001
  ],
  [
    0.269233, 0.846858, 1.146326, 0.950329, 1.724443, 0.755733, 0.538411,
    0.822538, 0.657814, 1.1498789999999999, 0.490055, 1.70849, 2.251219,
    0.433555, 1.037375, 0.135813, 0.12267499999999999, 0.0, 2.421358, 0.218455,
    0.8541219999999999, 0.274858, 0.429046, 1.988197, 2.146031, 1.173387,
    0.7806000000000001, 0.713058, 2.3451779999999998, 1.0103039999999999,
    0.931334, 1.3596169999999999, 1.488244, 1.80966, 0.794337,
    0.5621900000000001, 1.457095, 1.616505, 1.868979, 0.8992469999999999
  ],
  [
    2.495636, 1.87765, 1.845086, 1.751039, 1.641285, 1.803306, 2.654649,
    1.9952670000000001, 2.042771, 1.2931320000000002, 2.321058, 1.367203,
    0.406605, 2.2530419999999998, 1.5211459999999999, 2.332516,
    2.5571390000000003, 2.421358, 0.0, 2.332402, 2.817956, 2.194765, 2.300148,
    0.8985230000000001, 1.976783, 1.552655, 1.715331, 2.864186, 0.676284,
    1.666798, 2.196473, 1.4589210000000001, 1.367556, 1.405934, 2.560239,
    1.987715, 1.8992829999999998, 1.322278, 1.3885999999999998, 2.282365
  ],
  [
    0.308759, 0.802961, 0.966557, 0.864032, 1.6236089999999999, 0.596525,
    0.740052, 0.71712, 0.664997, 1.0279880000000001, 0.374835, 1.631825,
    2.1293290000000002, 0.389658, 0.913514, 0.082642, 0.319961, 0.218455,
    2.332402, 0.0, 1.051633, 0.230961, 0.509643, 1.889857, 2.018895, 1.075047,
    0.653464, 0.9045449999999999, 2.2468380000000003, 0.883168,
    0.9475589999999999, 1.232481, 1.361107, 1.71132, 0.810563, 0.435054,
    1.342851, 1.489369, 1.741843, 0.915473
  ],
  [
    1.091475, 1.017499, 1.979145, 1.163689, 2.546685, 1.588552,
    0.48397199999999996, 0.823747, 0.925658, 1.708433, 1.3122960000000001,
    1.8442349999999998, 2.810682, 0.9583379999999999, 1.719111,
    0.9689909999999999, 0.784728, 0.8541219999999999, 2.817956, 1.051633, 0.0,
    1.010323, 0.7298859999999999, 2.8347480000000003, 3.035089, 1.325197,
    1.607764, 0.418887, 2.6725790000000003, 1.691237, 1.753575,
    2.2362979999999997, 2.364924, 2.157038, 1.616579, 1.438871, 2.279336,
    2.442193, 2.549912, 1.721489
  ],
  [
    0.460173, 0.571999, 1.128632, 0.675471, 1.785684, 0.738039, 0.725727,
    0.486159, 0.382956, 1.041476, 0.533427, 1.433632, 2.142817, 0.158697,
    1.0628330000000001, 0.269256, 0.361783, 0.274858, 2.194765, 0.230961,
    1.010323, 0.0, 0.28043799999999997, 1.713339, 2.160409, 0.898529, 0.794978,
    0.9521660000000001, 2.070319, 1.069, 1.141292, 1.3739949999999999,
    1.5026220000000001, 1.5348009999999999, 1.004296, 0.576568,
    1.5010519999999998, 1.630883, 1.927675, 1.109206
  ],
  [
    0.679415, 0.499692, 1.407313, 0.6458809999999999, 2.0643649999999996,
    1.016721, 0.44529, 0.30594, 0.40785000000000005, 1.190626,
    0.8121079999999999, 1.361324, 2.291967, 0.256469, 1.2013040000000001,
    0.547937, 0.38453899999999996, 0.429046, 2.300148, 0.509643,
    0.7298859999999999, 0.28043799999999997, 0.0, 1.797791, 2.439091,
    0.8073899999999999, 1.0101470000000001, 0.6600710000000001, 2.154772,
    1.173429, 1.4199739999999998, 1.652677, 1.781303, 1.64035, 1.282977,
    0.7258579999999999, 1.779733, 1.924386, 2.032104, 1.3878869999999999
  ],
  [
    2.122541, 1.374234, 2.740141, 1.247622, 2.263807, 1.826627,
    2.1512330000000004, 1.491851, 1.4099169999999999, 1.383594, 2.113719,
    0.789222, 1.276191, 1.6201880000000002, 1.6666050000000001, 1.928152,
    2.075122, 1.988197, 0.8985230000000001, 1.889857, 2.8347480000000003,
    1.713339, 1.797791, 0.0, 2.2880990000000003, 1.050298, 1.695622, 2.361828,
    0.672025, 1.647089, 2.854958, 2.39497, 2.2820430000000003, 0.991602,
    3.36495, 1.7124860000000002, 2.5710300000000004, 2.456578, 1.889349,
    2.9408499999999997
  ],
  [
    1.943578, 2.383453, 1.1658510000000002, 2.836795, 0.689517, 1.523431,
    2.70139, 2.2976129999999997, 2.15041, 1.630803, 1.88977, 2.4207910000000004,
    1.7737100000000001, 2.192726, 1.3569570000000002, 2.0571889999999997,
    2.303417, 2.146031, 1.976783, 2.018895, 3.035089, 2.160409, 2.439091,
    2.2880990000000003, 0.0, 2.6334560000000002, 1.697331, 2.845291,
    2.9281669999999997, 1.646812, 1.280668, 0.82068, 0.7077530000000001,
    1.940728, 1.7906600000000001, 1.963836, 0.99674, 0.882288, 1.132787, 1.36656
  ],
  [
    1.307731, 0.349589, 1.334806, 0.222978, 1.854673, 1.081007, 1.160832,
    0.50145, 0.540741, 0.703635, 1.298909, 0.7049160000000001,
    1.8058830000000001, 0.721001, 0.9866459999999999, 1.113342, 1.191929,
    1.173387, 1.552655, 1.075047, 1.325197, 0.898529, 0.8073899999999999,
    1.050298, 2.6334560000000002, 0.0, 0.983336, 1.371427, 1.407278, 0.981185,
    1.643446, 1.561951, 1.731719, 0.892856, 1.77017, 0.897676,
    1.7561669999999998, 1.644883, 1.7444190000000002, 1.727771
  ],
  [
    0.854878, 0.915149, 0.487555, 0.811087, 1.2345760000000001, 0.119727,
    1.3359590000000001, 0.829309, 0.682106, 0.410918, 0.680301, 1.425546,
    1.512259, 0.7685879999999999, 0.3004, 0.691758, 0.916381,
    0.7806000000000001, 1.715331, 0.653464, 1.607764, 0.794978,
    1.0101470000000001, 1.695622, 1.697331, 0.983336, 0.0, 1.4987629999999998,
    2.063881, 0.25743, 0.793824, 0.813021, 0.941648, 1.33552,
    0.8832709999999999, 0.443816, 1.007238, 1.023481, 1.1312, 0.878148
  ],
  [
    0.912136, 1.0637290000000001, 1.832416, 1.2099179999999998, 2.367346,
    1.441824, 0.254297, 0.869977, 0.971887, 1.754663, 1.1329580000000001,
    1.920847, 2.856911, 0.8885230000000001, 1.7653409999999998, 0.821903,
    0.590383, 0.713058, 2.864186, 0.9045449999999999, 0.418887,
    0.9521660000000001, 0.6600710000000001, 2.361828, 2.845291, 1.371427,
    1.4987629999999998, 0.0, 2.7188090000000003, 1.737466, 1.574912, 2.07778,
    2.206406, 2.203268, 1.437915, 1.280353, 2.1006729999999996,
    2.4884229999999996, 2.5961410000000003, 1.5428250000000001
  ],
  [
    2.479522, 1.731214, 2.476689, 1.604603, 2.903875, 2.183608,
    2.5082139999999997, 1.848832, 1.7668979999999999, 1.740575, 2.4707,
    1.146203, 0.995538, 1.9771690000000002, 2.023586, 2.2851329999999996,
    2.432103, 2.3451779999999998, 0.676284, 2.2468380000000003,
    2.6725790000000003, 2.070319, 2.154772, 0.672025, 2.9281669999999997,
    1.407278, 2.063881, 2.7188090000000003, 0.0, 1.935539, 3.464536, 2.090524,
    1.99916, 1.248273, 2.828979, 1.9857239999999998, 3.1806080000000003,
    1.953881, 2.020204, 3.5504279999999997
  ],
  [
    1.0845820000000002, 0.998622, 0.598041, 0.8945599999999999, 1.184057,
    0.37715699999999996, 1.526871, 0.9127820000000001, 0.7655789999999999,
    0.362385, 0.910004, 1.3770129999999998, 1.464633, 0.97585, 0.249881,
    0.921462, 1.146085, 1.0103039999999999, 1.666798, 0.883168, 1.691237, 1.069,
    1.173429, 1.647089, 1.646812, 0.981185, 0.25743, 1.737466, 1.935539, 0.0,
    0.555452, 0.5735520000000001, 0.702179, 1.36813, 0.881455, 0.568569,
    0.767769, 0.8304400000000001, 1.0696880000000002, 0.639777
  ],
  [
    0.662065, 1.596484, 0.390718, 1.492422, 0.802723, 0.586596, 1.432253,
    1.510644, 1.3634410000000001, 1.024645, 0.6082569999999999, 2.039274,
    1.9934, 1.289445, 0.6520370000000001, 0.893116, 1.021904, 0.931334,
    2.196473, 0.9475589999999999, 1.753575, 1.141292, 1.4199739999999998,
    2.854958, 1.280668, 1.643446, 0.793824, 1.574912, 3.464536, 0.555452, 0.0,
    0.758535, 0.825105, 1.889728, 0.520177, 1.019511, 0.5257609999999999,
    0.951336, 1.220551, 0.084325
  ],
  [
    1.301024, 1.597039, 0.356904, 1.492977, 0.37583999999999995, 0.656076,
    1.914976, 1.511199, 1.363996, 0.8443890000000001, 1.114468, 1.76946,
    1.2558479999999999, 1.406312, 0.570542, 1.270775, 1.495398,
    1.3596169999999999, 1.4589210000000001, 1.232481, 2.2362979999999997,
    1.3739949999999999, 1.652677, 2.39497, 0.82068, 1.561951, 0.813021, 2.07778,
    2.090524, 0.5735520000000001, 0.758535, 0.0, 0.17990199999999998, 1.278578,
    1.25272, 1.188943, 0.472823, 0.216356, 0.483469, 0.836337
  ],
  [
    1.4383920000000001, 1.725665, 0.494273, 1.621604, 0.262913,
    0.7847029999999999, 2.043602, 1.639825, 1.492623, 1.02678, 1.251836,
    1.719654, 1.164483, 1.5349380000000001, 0.6991689999999999, 1.399402,
    1.624025, 1.488244, 1.367556, 1.361107, 2.364924, 1.5026220000000001,
    1.781303, 2.2820430000000003, 0.7077530000000001, 1.731719, 0.941648,
    2.206406, 1.99916, 0.702179, 0.825105, 0.17990199999999998, 0.0, 1.224734,
    1.330004, 1.317569, 0.522822, 0.21219200000000002, 0.411344, 0.905904
  ],
  [
    1.9440039999999998, 1.2167919999999999, 1.484412, 1.0813869999999999,
    1.916436, 1.4552470000000002, 1.992673, 1.33441, 1.2313800000000001,
    1.012213, 1.804975, 0.743599, 1.2028610000000002, 1.441651, 1.185887,
    1.749615, 1.896585, 1.80966, 1.405934, 1.71132, 2.157038,
    1.5348009999999999, 1.64035, 0.991602, 1.940728, 0.892856, 1.33552,
    2.203268, 1.248273, 1.36813, 1.889728, 1.278578, 1.224734, 0.0, 2.195275,
    1.418808, 2.223659, 1.1439110000000001, 1.243447, 2.04842
  ],
  [
    0.525068, 1.5811199999999999, 0.892617, 1.547112, 1.3127149999999999,
    0.724051, 1.295257, 1.495279, 1.348077, 1.255825, 0.47126, 2.270453,
    2.358073, 1.1524480000000001, 1.045868, 0.756119, 0.884908, 0.794337,
    2.560239, 0.810563, 1.616579, 1.004296, 1.282977, 3.36495,
    1.7906600000000001, 1.77017, 0.8832709999999999, 1.437915, 2.828979,
    0.881455, 0.520177, 1.25272, 1.330004, 2.195275, 0.0, 0.8825149999999999,
    1.023002, 1.460483, 1.7296980000000002, 0.48827499999999996
  ],
  [
    0.6364679999999999, 0.772361, 0.8288390000000001, 0.674618, 1.485891,
    0.460062, 1.117549, 0.68652, 0.539318, 0.6833020000000001, 0.461891,
    1.442411, 1.784642, 0.484299, 0.703866, 0.473348, 0.697971,
    0.5621900000000001, 1.987715, 0.435054, 1.438871, 0.576568,
    0.7258579999999999, 1.7124860000000002, 1.963836, 0.897676, 0.443816,
    1.280353, 1.9857239999999998, 0.568569, 1.019511, 1.188943, 1.317569,
    1.418808, 0.8825149999999999, 0.0, 1.2757560000000001, 1.424476, 1.532195,
    0.987425
  ],
  [
    1.187826, 1.791255, 0.49207100000000004, 1.687193, 0.289126,
    0.8496520000000001, 1.958014, 1.705415, 1.558213, 1.038605, 1.134018,
    1.9756289999999999, 1.69621, 1.600528, 0.764759, 1.418877, 1.547665,
    1.457095, 1.8992829999999998, 1.342851, 2.279336, 1.5010519999999998,
    1.779733, 2.5710300000000004, 0.99674, 1.7561669999999998, 1.007238,
    2.1006729999999996, 3.1806080000000003, 0.767769, 0.5257609999999999,
    0.472823, 0.522822, 2.223659, 1.023002, 1.2757560000000001, 0.0, 0.665625,
    0.93484, 0.610086
  ],
  [
    1.566653, 1.749578, 0.622534, 1.645516, 0.437448, 0.915042, 2.277828,
    1.6637380000000002, 1.5165350000000002, 0.939943, 1.380098, 1.632817,
    1.119205, 1.726806, 0.765295, 1.527663, 1.752286, 1.616505, 1.322278,
    1.489369, 2.442193, 1.630883, 1.924386, 2.456578, 0.882288, 1.644883,
    1.023481, 2.4884229999999996, 1.953881, 0.8304400000000001, 0.951336,
    0.216356, 0.21219200000000002, 1.1439110000000001, 1.460483, 1.424476,
    0.665625, 0.0, 0.356489, 1.0634860000000002
  ],
  [
    1.8358679999999998, 1.857297, 0.8917480000000001, 1.7532349999999999,
    0.687948, 1.173149, 2.3855459999999997, 1.771457, 1.6242539999999999,
    1.047662, 1.649312, 1.732353, 1.186435, 1.8345250000000002, 0.873013,
    1.7801369999999999, 2.00476, 1.868979, 1.3885999999999998, 1.741843,
    2.549912, 1.927675, 2.032104, 1.889349, 1.132787, 1.7444190000000002,
    1.1312, 2.5961410000000003, 2.020204, 1.0696880000000002, 1.220551,
    0.483469, 0.411344, 1.243447, 1.7296980000000002, 1.532195, 0.93484,
    0.356489, 0.0, 1.317248
  ],
  [
    0.6299779999999999, 1.686029, 0.475043, 1.5767470000000001, 0.888615,
    0.6709210000000001, 1.400167, 1.600189, 1.452987, 1.10897, 0.57617,
    2.123599, 2.0801999999999996, 1.257358, 0.736362, 0.861029,
    0.9898170000000001, 0.8992469999999999, 2.282365, 0.915473, 1.721489,
    1.109206, 1.3878869999999999, 2.9408499999999997, 1.36656, 1.727771,
    0.878148, 1.5428250000000001, 3.5504279999999997, 0.639777, 0.084325,
    0.836337, 0.905904, 2.04842, 0.48827499999999996, 0.987425, 0.610086,
    1.0634860000000002, 1.317248, 0.0
  ]
]
