[
    [
        0.0,
        2.389211,
        1.39157,
        1.824632,
        0.139103,
        0.131792,
        1.5610730000000002,
        0.601088,
        2.556515,
        0.380248,
        0.386847,
        1.369286,
        0.436659,
        2.2207890000000003,
        2.2532170000000002,
        0.698981,
        0.064477,
        1.6989020000000001
    ],
    [
        2.389211,
        0.0,
        3.386418,
        2.8318980000000002,
        2.509296,
        2.257652,
        0.856362,
        2.31726,
        0.197883,
        2.4573829999999997,
        2.770111,
        3.498464,
        2.827328,
        0.19577799999999998,
        0.13485,
        2.816708,
        2.4363829999999997,
        3.82808
    ],
    [
        1.39157,
        3.386418,
        0.0,
        0.6367079999999999,
        1.36201,
        1.501395,
        2.5335680000000003,
        1.859637,
        3.5406210000000002,
        1.7492750000000001,
        1.0943900000000002,
        2.57644,
        1.456135,
        3.189158,
        3.244525,
        2.042435,
        1.436637,
        3.0335949999999996
    ],
    [
        1.824632,
        2.8318980000000002,
        0.6367079999999999,
        0.0,
        1.8357999999999999,
        1.94733,
        2.044587,
        2.1066689999999997,
        2.971909,
        2.1914540000000002,
        1.568997,
        3.0486329999999997,
        1.9341949999999999,
        2.686848,
        2.760139,
        2.5226219999999997,
        1.888271,
        3.505788
    ],
    [
        0.139103,
        2.509296,
        1.36201,
        1.8357999999999999,
        0.0,
        0.249774,
        1.6784780000000001,
        0.718087,
        2.673921,
        0.497876,
        0.26762,
        1.288108,
        0.318428,
        2.3381950000000002,
        2.370364,
        0.6827759999999999,
        0.074626,
        1.6826969999999999
    ],
    [
        0.131792,
        2.257652,
        1.501395,
        1.94733,
        0.249774,
        0.0,
        1.4295129999999998,
        0.464233,
        2.4249560000000003,
        0.24712399999999998,
        0.5179199999999999,
        1.280143,
        0.567455,
        2.08923,
        2.121658,
        0.607617,
        0.17889,
        1.609759
    ],
    [
        1.5610730000000002,
        0.856362,
        2.5335680000000003,
        2.044587,
        1.6784780000000001,
        1.4295129999999998,
        0.0,
        1.5255260000000002,
        0.995217,
        1.629244,
        1.881038,
        2.670384,
        1.9395630000000001,
        0.660186,
        0.719948,
        1.988627,
        1.608244,
        2.999942
    ],
    [
        0.601088,
        2.31726,
        1.859637,
        2.1066689999999997,
        0.718087,
        0.464233,
        1.5255260000000002,
        0.0,
        2.535968,
        0.220924,
        0.984164,
        1.68499,
        1.035767,
        2.200241,
        2.234101,
        0.50283,
        0.647779,
        2.014606
    ],
    [
        2.556515,
        0.197883,
        3.5406210000000002,
        2.971909,
        2.673921,
        2.4249560000000003,
        0.995217,
        2.535968,
        0.0,
        2.6246869999999998,
        2.938273,
        3.665768,
        2.994632,
        0.335031,
        0.334175,
        2.987676,
        2.603687,
        3.995384
    ],
    [
        0.380248,
        2.4573829999999997,
        1.7492750000000001,
        2.1914540000000002,
        0.497876,
        0.24712399999999998,
        1.629244,
        0.220924,
        2.6246869999999998,
        0.0,
        0.764235,
        1.462631,
        0.8153339999999999,
        2.286455,
        2.318883,
        0.39050799999999997,
        0.427346,
        1.7922470000000001
    ],
    [
        0.386847,
        2.770111,
        1.0943900000000002,
        1.568997,
        0.26762,
        0.5179199999999999,
        1.881038,
        0.984164,
        2.938273,
        0.764235,
        0.0,
        1.476188,
        0.36469,
        2.554654,
        2.6400639999999997,
        0.9503959999999999,
        0.342247,
        1.9333420000000001
    ],
    [
        1.369286,
        3.498464,
        2.57644,
        3.0486329999999997,
        1.288108,
        1.280143,
        2.670384,
        1.68499,
        3.665768,
        1.462631,
        1.476188,
        0.0,
        1.296279,
        3.3300419999999997,
        3.362211,
        1.6290239999999998,
        1.309167,
        0.6644
    ],
    [
        0.436659,
        2.827328,
        1.456135,
        1.9341949999999999,
        0.318428,
        0.567455,
        1.9395630000000001,
        1.035767,
        2.994632,
        0.8153339999999999,
        0.36469,
        1.296279,
        0.0,
        2.657448,
        2.689618,
        0.786663,
        0.39305399999999996,
        1.753434
    ],
    [
        2.2207890000000003,
        0.19577799999999998,
        3.189158,
        2.686848,
        2.3381950000000002,
        2.08923,
        0.660186,
        2.200241,
        0.335031,
        2.286455,
        2.554654,
        3.3300419999999997,
        2.657448,
        0.0,
        0.096589,
        2.651949,
        2.2685560000000002,
        3.660253
    ],
    [
        2.2532170000000002,
        0.13485,
        3.244525,
        2.760139,
        2.370364,
        2.121658,
        0.719948,
        2.234101,
        0.334175,
        2.318883,
        2.6400639999999997,
        3.362211,
        2.689618,
        0.096589,
        0.0,
        2.684663,
        2.300674,
        3.692371
    ],
    [
        0.698981,
        2.816708,
        2.042435,
        2.5226219999999997,
        0.6827759999999999,
        0.607617,
        1.988627,
        0.50283,
        2.987676,
        0.39050799999999997,
        0.9503959999999999,
        1.6290239999999998,
        0.786663,
        2.651949,
        2.684663,
        0.0,
        0.613837,
        1.9588240000000001
    ],
    [
        0.064477,
        2.4363829999999997,
        1.436637,
        1.888271,
        0.074626,
        0.17889,
        1.608244,
        0.647779,
        2.603687,
        0.427346,
        0.342247,
        1.309167,
        0.39305399999999996,
        2.2685560000000002,
        2.300674,
        0.613837,
        0.0,
        1.6355650000000002
    ],
    [
        1.6989020000000001,
        3.82808,
        3.0335949999999996,
        3.505788,
        1.6826969999999999,
        1.609759,
        2.999942,
        2.014606,
        3.995384,
        1.7922470000000001,
        1.9333420000000001,
        0.6644,
        1.753434,
        3.660253,
        3.692371,
        1.9588240000000001,
        1.6355650000000002,
        0.0
    ]
]