[
    [
        0.0,
        1.0843720000000001,
        3.0939740000000002,
        1.280791,
        1.96594,
        2.765893,
        0.50957,
        0.393314,
        3.0536570000000003,
        0.945144,
        0.254745,
        0.896794,
        1.991673,
        1.061307,
        0.839657,
        0.36687000000000003,
        0.635313,
        1.605252,
        2.501678,
        2.493616,
        0.6438529999999999,
        0.915531,
        2.295801,
        2.4682959999999996,
        0.60514,
        1.476751,
        0.7851269999999999,
        0.239144,
        1.8994749999999998,
        0.719449,
        0.389248,
        0.404839,
        0.8269679999999999,
        0.303408,
        0.381168,
        2.502987,
        0.684491,
        2.209729,
        0.6690539999999999,
        0.967974,
        1.484872,
        0.698447,
        1.959523,
        0.463986,
        0.847928,
        1.125645,
        0.889479,
        0.634255,
        0.968894,
        2.287713,
        5.104522,
        1.0506820000000001,
        2.507219,
        1.278018,
        0.922455,
        0.530369,
        0.22577,
        0.8620549999999999,
        0.49488600000000005,
        2.15969
    ],
    [
        1.0843720000000001,
        0.0,
        2.248064,
        1.1665699999999999,
        2.320236,
        2.731204,
        0.701751,
        0.889417,
        2.207746,
        0.279845,
        1.1802650000000001,
        0.340466,
        2.866765,
        1.5225540000000002,
        0.522864,
        1.264839,
        0.898904,
        2.480344,
        3.376771,
        1.647706,
        1.243979,
        0.69008,
        4.223927,
        3.343388,
        0.895447,
        0.677245,
        0.510791,
        1.167429,
        1.044022,
        0.480012,
        1.159421,
        1.302808,
        0.49164800000000003,
        0.7699750000000001,
        0.767437,
        3.2384899999999996,
        0.490468,
        4.298443,
        0.9489740000000001,
        0.341395,
        1.087441,
        1.468619,
        4.649845,
        0.8880370000000001,
        1.309175,
        0.185048,
        0.664029,
        0.532792,
        1.430141,
        3.117854,
        4.258611,
        0.208161,
        3.3823119999999998,
        1.801017,
        0.30251,
        0.8731599999999999,
        1.154055,
        0.694261,
        1.49739,
        4.3351109999999995
    ],
    [
        3.0939740000000002,
        2.248064,
        0.0,
        3.3258,
        4.195127,
        4.578939999999999,
        2.67006,
        2.821064,
        0.068834,
        2.127581,
        3.1686170000000002,
        2.1882020000000004,
        7.710634,
        3.390353,
        2.3706,
        3.252664,
        2.7966550000000003,
        4.4681679999999995,
        8.301861,
        0.810042,
        3.411479,
        2.537816,
        5.72436,
        5.331212000000001,
        2.793198,
        2.510205,
        2.358527,
        3.155253,
        2.876982,
        2.353277,
        3.147774,
        3.2906329999999997,
        2.339385,
        2.7583290000000003,
        2.75579,
        5.169954,
        2.388219,
        5.798875,
        2.8467249999999997,
        2.174355,
        3.011333,
        3.4569720000000004,
        6.150278,
        2.835042,
        3.176974,
        2.0560590000000003,
        2.511765,
        2.4384699999999997,
        3.297939,
        7.424085,
        5.759042999999999,
        2.055898,
        5.3701360000000005,
        3.941806,
        2.150246,
        2.7709119999999996,
        3.14188,
        2.854302,
        3.499357,
        5.8355429999999995
    ],
    [
        1.280791,
        1.1665699999999999,
        3.3258,
        0.0,
        3.182986,
        3.98294,
        1.323388,
        1.36333,
        3.306731,
        1.500974,
        1.402104,
        1.5615940000000001,
        2.320741,
        2.031323,
        1.375536,
        1.109679,
        1.5853309999999998,
        1.93432,
        2.8307469999999997,
        2.74669,
        0.636938,
        1.5386659999999999,
        2.315033,
        2.797364,
        1.605644,
        1.889971,
        1.300808,
        1.160955,
        2.256748,
        1.217171,
        1.659339,
        1.052548,
        1.321679,
        1.041833,
        1.217552,
        3.414707,
        1.227627,
        2.228962,
        1.635401,
        1.554121,
        0.314466,
        1.968537,
        1.9787560000000002,
        1.509674,
        1.817944,
        1.326846,
        1.512615,
        1.239183,
        1.9389090000000002,
        2.543941,
        2.434428,
        1.42929,
        2.836288,
        1.2830139999999999,
        1.523639,
        1.5447449999999998,
        1.147581,
        0.47230900000000003,
        1.3225630000000002,
        2.1789229999999997
    ],
    [
        1.96594,
        2.320236,
        4.195127,
        3.182986,
        0.0,
        0.750185,
        1.555048,
        1.44422,
        4.107562,
        2.002626,
        1.832113,
        1.9595440000000002,
        2.6370210000000003,
        0.808307,
        1.756031,
        2.114673,
        1.461162,
        2.2145300000000003,
        2.8157710000000002,
        3.547522,
        2.436924,
        1.714652,
        6.123743,
        2.7823890000000002,
        1.4623,
        1.9498199999999999,
        1.8120930000000002,
        2.112944,
        2.403194,
        1.85608,
        1.576691,
        2.0575419999999998,
        1.809888,
        1.7978779999999999,
        1.601667,
        2.228088,
        1.8211220000000001,
        6.198259,
        1.411092,
        1.96497,
        2.802746,
        1.267493,
        3.517433,
        1.370431,
        1.011617,
        2.179551,
        1.704145,
        1.779167,
        0.828787,
        3.665971,
        6.158427,
        2.104588,
        2.821312,
        2.8456390000000003,
        2.0590859999999997,
        1.438445,
        2.126317,
        2.4082559999999997,
        1.813384,
        6.234927
    ],
    [
        2.765893,
        2.731204,
        4.578939999999999,
        3.98294,
        0.750185,
        0.0,
        2.2014319999999996,
        2.090604,
        4.519556,
        2.4146199999999998,
        2.3422359999999998,
        2.371537,
        3.374543,
        1.45469,
        2.168024,
        2.647411,
        2.107545,
        2.952052,
        3.553292,
        3.9595149999999997,
        3.0424189999999998,
        2.064322,
        6.535736,
        3.51991,
        2.108683,
        2.298685,
        2.236243,
        2.623067,
        2.752059,
        2.502463,
        2.08637,
        2.6630369999999997,
        2.2218809999999998,
        2.444261,
        2.24805,
        2.871992,
        2.467505,
        4.373514,
        2.0574749999999997,
        2.376964,
        3.449129,
        1.872988,
        4.122928,
        2.016814,
        1.658001,
        2.591544,
        2.116138,
        2.4255500000000003,
        1.47517,
        4.271845999999999,
        6.57042,
        2.516581,
        3.558833,
        3.451133,
        2.409469,
        2.084828,
        2.63644,
        3.0546390000000003,
        2.4188780000000003,
        4.323094
    ],
    [
        0.50957,
        0.701751,
        2.67006,
        1.323388,
        1.555048,
        2.2014319999999996,
        0.0,
        0.185537,
        2.650992,
        0.542479,
        0.5487390000000001,
        0.49412900000000004,
        2.378999,
        0.8186749999999999,
        0.364619,
        0.754196,
        0.310301,
        1.992577,
        2.889004,
        2.090951,
        1.013881,
        0.47360199999999997,
        4.667172,
        2.855622,
        0.280128,
        1.100312,
        0.31009,
        0.68153,
        1.49681,
        0.316784,
        0.527895,
        0.792165,
        0.351931,
        0.363656,
        0.18793600000000002,
        2.534611,
        0.281826,
        4.741688,
        0.34404199999999996,
        0.492936,
        1.329134,
        0.837093,
        2.23995,
        0.184158,
        0.6052960000000001,
        0.7229800000000001,
        0.447551,
        0.239871,
        0.7262609999999999,
        2.6750390000000004,
        4.701855999999999,
        0.6480170000000001,
        2.894545,
        1.544208,
        0.51979,
        0.219229,
        0.694904,
        0.8956559999999999,
        0.882211,
        4.778356
    ],
    [
        0.393314,
        0.889417,
        2.821064,
        1.36333,
        1.44422,
        2.090604,
        0.185537,
        0.0,
        2.801996,
        0.693483,
        0.36950599999999995,
        0.6451330000000001,
        2.200396,
        0.707847,
        0.515624,
        0.6260249999999999,
        0.268491,
        1.813974,
        2.710401,
        2.241955,
        1.049093,
        0.563442,
        4.8181769999999995,
        2.677018,
        0.238318,
        1.199822,
        0.461094,
        0.5819529999999999,
        1.7255239999999998,
        0.46778800000000004,
        0.34637599999999996,
        0.663994,
        0.502935,
        0.393511,
        0.232155,
        2.423783,
        0.43283,
        4.892692,
        0.302232,
        0.643941,
        1.3983789999999998,
        0.655575,
        2.205493,
        0.07332999999999999,
        0.494468,
        0.873984,
        0.53739,
        0.390875,
        0.615433,
        2.51431,
        4.852861,
        0.799021,
        2.715942,
        1.51715,
        0.670794,
        0.139713,
        0.595327,
        1.038744,
        0.7036079999999999,
        4.92936
    ],
    [
        3.0536570000000003,
        2.207746,
        0.068834,
        3.306731,
        4.107562,
        4.519556,
        2.650992,
        2.801996,
        0.0,
        2.0872640000000002,
        3.1283000000000003,
        2.147885,
        7.670317,
        3.3500360000000002,
        2.330283,
        3.212346,
        2.756337,
        4.42785,
        8.261544,
        0.769725,
        3.371162,
        2.497499,
        5.684043,
        5.290895000000001,
        2.752881,
        2.4698870000000004,
        2.31821,
        3.114936,
        2.836665,
        2.3129589999999998,
        3.1074569999999997,
        3.250315,
        2.299067,
        2.718011,
        2.715472,
        5.129637,
        2.347902,
        5.758558,
        2.806407,
        2.134038,
        2.971016,
        3.416655,
        6.109961,
        2.794724,
        3.136657,
        2.015741,
        2.4714479999999996,
        2.3981529999999998,
        3.257622,
        7.383768,
        5.718725999999999,
        2.01558,
        5.329818,
        3.901489,
        2.109929,
        2.730594,
        3.101562,
        2.813984,
        3.45904,
        5.795227
    ],
    [
        0.945144,
        0.279845,
        2.127581,
        1.500974,
        2.002626,
        2.4146199999999998,
        0.542479,
        0.693483,
        2.0872640000000002,
        0.0,
        1.041036,
        0.060621,
        2.7270079999999997,
        1.266349,
        0.246596,
        1.1250820000000001,
        0.669073,
        2.3405859999999996,
        3.237013,
        1.548472,
        1.283898,
        0.413812,
        4.124694000000001,
        3.2036309999999997,
        0.665617,
        0.587554,
        0.234523,
        1.027672,
        0.954331,
        0.225695,
        1.020193,
        1.1630509999999998,
        0.21538,
        0.630747,
        0.628208,
        3.042373,
        0.260638,
        4.199209,
        0.719143,
        0.115649,
        1.186507,
        1.329391,
        4.550612,
        0.707461,
        1.05297,
        0.180501,
        0.387761,
        0.310889,
        1.173935,
        2.978097,
        4.159377,
        0.10553799999999999,
        3.242554,
        1.8142239999999998,
        0.022664999999999998,
        0.6433300000000001,
        1.014298,
        1.029476,
        1.371776,
        4.235877
    ],
    [
        0.254745,
        1.1802650000000001,
        3.1686170000000002,
        1.402104,
        1.832113,
        2.3422359999999998,
        0.5487390000000001,
        0.36950599999999995,
        3.1283000000000003,
        1.041036,
        0.0,
        0.9926860000000001,
        1.848816,
        0.959035,
        0.858475,
        0.342098,
        0.632853,
        1.462394,
        2.358821,
        2.589508,
        0.765166,
        0.926643,
        2.257843,
        2.325438,
        0.60268,
        1.4878630000000002,
        0.824296,
        0.298026,
        2.0135650000000003,
        0.815341,
        0.255422,
        0.380067,
        0.8661369999999999,
        0.410289,
        0.42306900000000003,
        2.36916,
        0.780383,
        2.171772,
        0.666594,
        1.007142,
        1.58948,
        0.56462,
        1.921566,
        0.442836,
        0.745656,
        1.221537,
        0.900592,
        0.7301470000000001,
        0.866621,
        2.230383,
        2.3772379999999997,
        1.146574,
        2.3643620000000003,
        1.233223,
        1.018347,
        0.509219,
        0.31139999999999995,
        1.0815460000000001,
        0.352028,
        2.121732
    ],
    [
        0.896794,
        0.340466,
        2.1882020000000004,
        1.5615940000000001,
        1.9595440000000002,
        2.371537,
        0.49412900000000004,
        0.6451330000000001,
        2.147885,
        0.060621,
        0.9926860000000001,
        0.0,
        2.678658,
        1.2232660000000002,
        0.203513,
        1.076732,
        0.620724,
        2.292237,
        3.188663,
        1.609093,
        1.235548,
        0.37073,
        4.185314,
        3.155281,
        0.617267,
        0.648175,
        0.191441,
        0.979322,
        1.014952,
        0.177345,
        0.971843,
        1.114701,
        0.172298,
        0.582397,
        0.579859,
        2.9940230000000003,
        0.212288,
        4.25983,
        0.670794,
        0.072566,
        1.247128,
        1.2810409999999999,
        4.611232,
        0.659111,
        1.009887,
        0.241122,
        0.344678,
        0.26253899999999997,
        1.130853,
        2.929747,
        4.2199979999999995,
        0.166159,
        3.194204,
        1.765875,
        0.037931,
        0.5949800000000001,
        0.965948,
        0.841915,
        1.323426,
        4.296498
    ],
    [
        1.991673,
        2.866765,
        7.710634,
        2.320741,
        2.6370210000000003,
        3.374543,
        2.378999,
        2.200396,
        7.670317,
        2.7270079999999997,
        1.848816,
        2.678658,
        0.0,
        2.397629,
        2.6085659999999997,
        1.688176,
        2.455151,
        0.42249200000000003,
        0.8723759999999999,
        7.131524000000001,
        1.6984549999999998,
        2.717548,
        2.035271,
        0.976754,
        2.424978,
        3.386482,
        2.5577170000000002,
        1.773959,
        3.6832849999999997,
        2.503259,
        1.973244,
        1.631045,
        2.601801,
        2.2066860000000004,
        2.261626,
        1.631682,
        2.468301,
        1.9492,
        2.488892,
        2.753171,
        2.5742730000000003,
        1.958629,
        1.7264570000000001,
        2.271397,
        2.391685,
        2.909456,
        2.691497,
        2.418065,
        2.344974,
        1.461924,
        2.154666,
        2.834492,
        0.93783,
        1.8473510000000002,
        2.7062649999999997,
        2.326374,
        1.787333,
        2.732115,
        1.507817,
        1.8991600000000002
    ],
    [
        1.061307,
        1.5225540000000002,
        3.390353,
        2.031323,
        0.808307,
        1.45469,
        0.8186749999999999,
        0.707847,
        3.3500360000000002,
        1.266349,
        0.959035,
        1.2232660000000002,
        2.397629,
        0.0,
        0.976132,
        1.221129,
        0.6812630000000001,
        2.011208,
        2.621359,
        2.767623,
        1.653076,
        0.9347530000000001,
        5.343844,
        2.5879760000000003,
        0.6824009999999999,
        1.296822,
        1.032194,
        1.196785,
        1.822523,
        1.076181,
        0.660087,
        1.259098,
        1.029989,
        1.017979,
        0.821768,
        2.207936,
        1.041223,
        5.41836,
        0.631193,
        1.185072,
        2.022847,
        0.601288,
        2.803359,
        0.5905320000000001,
        0.20331100000000002,
        1.3996520000000001,
        0.924246,
        0.999268,
        0.052656,
        2.979181,
        5.378528,
        1.324689,
        2.6269,
        2.131565,
        1.2791869999999999,
        0.6585460000000001,
        1.2101579999999998,
        1.628357,
        1.023584,
        5.455028
    ],
    [
        0.839657,
        0.522864,
        2.3706,
        1.375536,
        1.756031,
        2.168024,
        0.364619,
        0.515624,
        2.330283,
        0.246596,
        0.858475,
        0.203513,
        2.6085659999999997,
        0.976132,
        0.0,
        1.004693,
        0.455896,
        2.220198,
        3.116625,
        1.791491,
        1.163509,
        0.167217,
        4.367712,
        3.0832420000000003,
        0.45243900000000004,
        0.830573,
        0.08504900000000001,
        0.9072830000000001,
        1.19735,
        0.17735800000000002,
        0.837631,
        1.042662,
        0.053857,
        0.510359,
        0.518023,
        2.8138180000000004,
        0.187341,
        4.442228,
        0.505966,
        0.20894,
        1.429526,
        1.1468289999999999,
        4.79363,
        0.478906,
        0.806374,
        0.42352,
        0.14116499999999998,
        0.1905,
        0.927339,
        2.857708,
        4.4023959999999995,
        0.348557,
        3.122166,
        1.6938360000000001,
        0.241445,
        0.41477600000000003,
        0.893909,
        0.903227,
        1.192411,
        4.478896
    ],
    [
        0.36687000000000003,
        1.264839,
        3.252664,
        1.109679,
        2.114673,
        2.647411,
        0.754196,
        0.6260249999999999,
        3.212346,
        1.1250820000000001,
        0.342098,
        1.076732,
        1.688176,
        1.221129,
        1.004693,
        0.0,
        0.894516,
        1.299808,
        2.196235,
        2.673554,
        0.47274099999999997,
        1.1136759999999999,
        1.9480920000000002,
        2.162853,
        0.864343,
        1.718558,
        0.953845,
        0.108981,
        2.079413,
        0.8993869999999999,
        0.560597,
        0.057131,
        0.997929,
        0.5056700000000001,
        0.625794,
        2.429373,
        0.864429,
        1.862021,
        0.928257,
        1.149299,
        1.3612639999999998,
        0.869795,
        1.611815,
        0.6993550000000001,
        1.051491,
        1.3055830000000002,
        1.087625,
        0.814193,
        1.171796,
        1.9400050000000002,
        2.0674870000000003,
        1.2306199999999998,
        2.2017759999999997,
        0.9303089999999999,
        1.102393,
        0.765738,
        0.122355,
        1.063086,
        0.367152,
        1.811981
    ],
    [
        0.635313,
        0.898904,
        2.7966550000000003,
        1.5853309999999998,
        1.461162,
        2.107545,
        0.310301,
        0.268491,
        2.756337,
        0.669073,
        0.632853,
        0.620724,
        2.455151,
        0.6812630000000001,
        0.455896,
        0.894516,
        0.0,
        2.053567,
        2.9499940000000002,
        2.217545,
        1.281734,
        0.41451699999999997,
        4.793767,
        2.916611,
        0.030173,
        0.950006,
        0.3885,
        0.8145119999999999,
        1.475707,
        0.443378,
        0.570487,
        0.925147,
        0.478525,
        0.5326380000000001,
        0.356919,
        2.529614,
        0.40842,
        4.868283,
        0.05007,
        0.6195309999999999,
        1.855581,
        0.83194,
        2.468674,
        0.19470099999999999,
        0.511505,
        0.8495750000000001,
        0.40401,
        0.366465,
        0.63247,
        2.777491,
        4.828451,
        0.7746109999999999,
        2.955535,
        1.798325,
        0.6463840000000001,
        0.130571,
        0.827885,
        1.1130229999999999,
        0.9432010000000001,
        4.904951
    ],
    [
        1.605252,
        2.480344,
        4.4681679999999995,
        1.93432,
        2.2145300000000003,
        2.952052,
        1.992577,
        1.813974,
        4.42785,
        2.3405859999999996,
        1.462394,
        2.292237,
        0.42249200000000003,
        2.011208,
        2.220198,
        1.299808,
        2.053567,
        0.0,
        0.916482,
        3.8910050000000003,
        1.3120340000000001,
        2.331127,
        1.9033209999999998,
        0.8831,
        2.0385560000000003,
        3.000061,
        2.171296,
        1.387538,
        3.2968640000000002,
        2.116838,
        1.586822,
        1.244624,
        2.215379,
        1.8202639999999999,
        1.8752039999999999,
        1.500443,
        2.08188,
        1.81725,
        2.102471,
        2.366749,
        2.187851,
        1.5722070000000001,
        1.5945070000000001,
        1.8849760000000002,
        2.005263,
        2.523034,
        2.305075,
        2.031644,
        1.9585519999999998,
        1.609524,
        2.022716,
        2.448071,
        0.922023,
        1.4609290000000001,
        2.3198440000000002,
        1.939952,
        1.400912,
        2.345694,
        1.121396,
        1.767211
    ],
    [
        2.501678,
        3.376771,
        8.301861,
        2.8307469999999997,
        2.8157710000000002,
        3.553292,
        2.889004,
        2.710401,
        8.261544,
        3.237013,
        2.358821,
        3.188663,
        0.8723759999999999,
        2.621359,
        3.116625,
        2.196235,
        2.9499940000000002,
        0.916482,
        0.0,
        7.722752000000001,
        2.20846,
        3.227554,
        2.626499,
        0.104378,
        2.9349830000000003,
        3.7031750000000003,
        3.067723,
        2.2839650000000002,
        4.2288760000000005,
        3.013264,
        2.483249,
        2.1410500000000003,
        3.111806,
        2.716691,
        2.7716309999999997,
        0.929169,
        2.9783069999999996,
        2.540428,
        2.998897,
        3.263176,
        3.084278,
        2.224345,
        2.317685,
        2.7814029999999996,
        2.6574020000000003,
        3.4194609999999996,
        3.201502,
        2.928071,
        2.5750859999999998,
        2.053152,
        2.745894,
        3.344498,
        0.065454,
        2.3573560000000002,
        3.2162710000000003,
        2.836379,
        2.2973380000000003,
        3.242121,
        2.017823,
        2.490388
    ],
    [
        2.493616,
        1.647706,
        0.810042,
        2.74669,
        3.547522,
        3.9595149999999997,
        2.090951,
        2.241955,
        0.769725,
        1.548472,
        2.589508,
        1.609093,
        7.131524000000001,
        2.767623,
        1.791491,
        2.673554,
        2.217545,
        3.8910050000000003,
        7.722752000000001,
        0.0,
        2.83237,
        1.9587070000000002,
        5.14525,
        4.752103,
        2.214089,
        1.931095,
        1.779418,
        2.5761439999999998,
        2.297872,
        1.7741669999999998,
        2.5686649999999998,
        2.711523,
        1.760275,
        2.1792190000000002,
        2.176681,
        4.590845,
        1.80911,
        5.219766,
        2.2676149999999997,
        1.5952449999999998,
        2.432224,
        2.8778629999999996,
        5.571169,
        2.255933,
        2.5978649999999996,
        1.476949,
        1.932656,
        1.859361,
        2.71883,
        6.844976,
        5.179935,
        1.476788,
        4.791026,
        3.3626970000000003,
        1.571137,
        2.191802,
        2.56277,
        2.275192,
        2.920248,
        5.256435000000001
    ],
    [
        0.6438529999999999,
        1.243979,
        3.411479,
        0.636938,
        2.436924,
        3.0424189999999998,
        1.013881,
        1.049093,
        3.371162,
        1.283898,
        0.765166,
        1.235548,
        1.6984549999999998,
        1.653076,
        1.163509,
        0.47274099999999997,
        1.281734,
        1.3120340000000001,
        2.20846,
        2.83237,
        0.0,
        1.272492,
        1.675486,
        2.157816,
        1.25156,
        1.871452,
        1.1126610000000001,
        0.5240170000000001,
        2.238229,
        1.058203,
        1.0224,
        0.41561000000000003,
        1.156744,
        0.76163,
        0.9373490000000001,
        2.775159,
        1.023245,
        1.5894139999999999,
        1.315474,
        1.308114,
        0.8885230000000001,
        1.331599,
        1.339209,
        1.09928,
        1.483223,
        1.4643989999999998,
        1.2464410000000001,
        0.973009,
        1.6041880000000002,
        1.904394,
        1.79488,
        1.389436,
        2.1967399999999997,
        0.643466,
        1.261209,
        1.190661,
        0.510643,
        1.046366,
        0.685625,
        1.539375
    ],
    [
        0.915531,
        0.69008,
        2.537816,
        1.5386659999999999,
        1.714652,
        2.064322,
        0.47360199999999997,
        0.563442,
        2.497499,
        0.413812,
        0.926643,
        0.37073,
        2.717548,
        0.9347530000000001,
        0.167217,
        1.1136759999999999,
        0.41451699999999997,
        2.331127,
        3.227554,
        1.9587070000000002,
        1.272492,
        0.0,
        4.534929,
        3.23399,
        0.41106099999999995,
        0.829197,
        0.235436,
        1.016266,
        1.3548989999999999,
        0.346616,
        0.905799,
        1.151645,
        0.22107300000000002,
        0.619341,
        0.627006,
        2.824375,
        0.342609,
        4.609445,
        0.464588,
        0.376156,
        1.596743,
        1.126701,
        4.960846999999999,
        0.5470750000000001,
        0.764996,
        0.590736,
        0.076772,
        0.299483,
        0.885961,
        2.9666900000000003,
        4.569613,
        0.515773,
        3.272913,
        1.802819,
        0.408661,
        0.48294400000000004,
        1.0028920000000001,
        1.066358,
        1.260579,
        4.6461120000000005
    ],
    [
        2.295801,
        4.223927,
        5.72436,
        2.315033,
        6.123743,
        6.535736,
        4.667172,
        4.8181769999999995,
        5.684043,
        4.124694000000001,
        2.257843,
        4.185314,
        2.035271,
        5.343844,
        4.367712,
        1.9480920000000002,
        4.793767,
        1.9033209999999998,
        2.626499,
        5.14525,
        1.675486,
        4.534929,
        0.0,
        2.730877,
        4.790311,
        4.507317,
        4.35564,
        2.0379110000000003,
        4.874094,
        4.350389,
        5.144887,
        1.8909610000000001,
        4.3364970000000005,
        4.755440999999999,
        4.752902,
        3.3837089999999996,
        4.385332,
        0.123512,
        4.843837000000001,
        4.171467,
        5.008445,
        5.454084,
        0.47491500000000003,
        4.832154,
        5.174086,
        4.053171,
        4.508877,
        4.435582,
        5.295052,
        1.7487219999999999,
        0.16839099999999999,
        4.0530100000000004,
        2.691953,
        1.839697,
        4.147359000000001,
        4.7680240000000005,
        2.051285,
        4.851414,
        2.1160520000000003,
        0.16018100000000002
    ],
    [
        2.4682959999999996,
        3.343388,
        5.331212000000001,
        2.797364,
        2.7823890000000002,
        3.51991,
        2.855622,
        2.677018,
        5.290895000000001,
        3.2036309999999997,
        2.325438,
        3.155281,
        0.976754,
        2.5879760000000003,
        3.0832420000000003,
        2.162853,
        2.916611,
        0.8831,
        0.104378,
        4.752103,
        2.157816,
        3.23399,
        2.730877,
        0.0,
        2.9016010000000003,
        3.6697919999999997,
        3.0343400000000003,
        2.250582,
        4.195494,
        2.979882,
        2.449866,
        2.1076680000000003,
        3.078423,
        2.6833090000000004,
        2.7382489999999997,
        0.824791,
        2.944924,
        2.644806,
        2.965515,
        3.229793,
        3.0508960000000003,
        2.190963,
        2.422063,
        2.74802,
        2.6240189999999997,
        3.386078,
        3.16812,
        2.894688,
        2.541703,
        2.1575300000000004,
        2.850272,
        3.3111149999999996,
        0.038924,
        2.323973,
        3.1828879999999997,
        2.8029960000000003,
        2.2639560000000003,
        3.208738,
        1.98444,
        2.594766
    ],
    [
        0.60514,
        0.895447,
        2.793198,
        1.605644,
        1.4623,
        2.108683,
        0.280128,
        0.238318,
        2.752881,
        0.665617,
        0.60268,
        0.617267,
        2.424978,
        0.6824009999999999,
        0.45243900000000004,
        0.864343,
        0.030173,
        2.0385560000000003,
        2.9349830000000003,
        2.214089,
        1.25156,
        0.41106099999999995,
        4.790311,
        2.9016010000000003,
        0.0,
        0.946549,
        0.385043,
        0.784338,
        1.47225,
        0.478534,
        0.540313,
        0.8949729999999999,
        0.513681,
        0.5024649999999999,
        0.326746,
        2.49944,
        0.443576,
        4.903438,
        0.080243,
        0.654687,
        1.8907370000000001,
        0.801767,
        2.438501,
        0.16452799999999998,
        0.513995,
        0.884731,
        0.400553,
        0.401621,
        0.6349600000000001,
        2.7473180000000004,
        4.863607,
        0.809767,
        2.9253609999999997,
        1.768151,
        0.6815399999999999,
        0.100398,
        0.797712,
        1.133335,
        0.913027,
        4.940106
    ],
    [
        1.476751,
        0.677245,
        2.510205,
        1.889971,
        1.9498199999999999,
        2.298685,
        1.100312,
        1.199822,
        2.4698870000000004,
        0.587554,
        1.4878630000000002,
        0.648175,
        3.386482,
        1.296822,
        0.830573,
        1.718558,
        0.950006,
        3.000061,
        3.7031750000000003,
        1.931095,
        1.871452,
        0.829197,
        4.507317,
        3.6697919999999997,
        0.946549,
        0.0,
        0.8185,
        1.6458920000000001,
        0.669077,
        0.813249,
        1.5018179999999999,
        1.756527,
        0.799357,
        1.2183009999999999,
        1.1883,
        3.2833699999999997,
        0.8481920000000001,
        4.581833,
        0.9912340000000001,
        0.634328,
        1.575504,
        1.585696,
        4.933235,
        1.126032,
        1.202396,
        0.5631240000000001,
        0.905969,
        0.898443,
        1.404204,
        3.6394,
        4.542001,
        0.51587,
        3.702333,
        2.401779,
        0.6102190000000001,
        1.0619020000000001,
        1.6592660000000001,
        1.4184729999999999,
        1.8217999999999999,
        4.6185
    ],
    [
        0.7851269999999999,
        0.510791,
        2.358527,
        1.300808,
        1.8120930000000002,
        2.236243,
        0.31009,
        0.461094,
        2.31821,
        0.234523,
        0.824296,
        0.191441,
        2.5577170000000002,
        1.032194,
        0.08504900000000001,
        0.953845,
        0.3885,
        2.171296,
        3.067723,
        1.779418,
        1.1126610000000001,
        0.235436,
        4.35564,
        3.0343400000000003,
        0.385043,
        0.8185,
        0.0,
        0.856579,
        1.1852770000000001,
        0.10263,
        0.7965030000000001,
        0.991958,
        0.031193000000000002,
        0.459654,
        0.457115,
        2.772691,
        0.119649,
        4.430155,
        0.43857,
        0.196867,
        1.417453,
        1.105702,
        4.781558,
        0.437778,
        0.843376,
        0.411447,
        0.209385,
        0.139796,
        0.964341,
        2.8070030000000004,
        4.390324,
        0.336484,
        3.0714609999999998,
        1.6431310000000001,
        0.22937200000000002,
        0.37364800000000004,
        0.8432050000000001,
        0.828499,
        1.1512829999999998,
        4.466824
    ],
    [
        0.239144,
        1.167429,
        3.155253,
        1.160955,
        2.112944,
        2.623067,
        0.68153,
        0.5819529999999999,
        3.114936,
        1.027672,
        0.298026,
        0.979322,
        1.773959,
        1.196785,
        0.9072830000000001,
        0.108981,
        0.8145119999999999,
        1.387538,
        2.2839650000000002,
        2.5761439999999998,
        0.5240170000000001,
        1.016266,
        2.0379110000000003,
        2.250582,
        0.784338,
        1.6458920000000001,
        0.856579,
        0.0,
        1.982003,
        0.8019769999999999,
        0.536252,
        0.14695,
        0.900518,
        0.40825900000000004,
        0.5531280000000001,
        2.5005479999999998,
        0.767018,
        1.95184,
        0.836871,
        1.051888,
        1.34833,
        0.8454510000000001,
        1.701634,
        0.631803,
        1.027146,
        1.208173,
        0.990214,
        0.7167830000000001,
        1.147452,
        2.029824,
        2.157306,
        1.13321,
        2.28756,
        1.0201280000000001,
        1.004982,
        0.698187,
        0.013374,
        0.954105,
        0.41602100000000003,
        1.9018
    ],
    [
        1.8994749999999998,
        1.044022,
        2.876982,
        2.256748,
        2.403194,
        2.752059,
        1.49681,
        1.7255239999999998,
        2.836665,
        0.954331,
        2.0135650000000003,
        1.014952,
        3.6832849999999997,
        1.822523,
        1.19735,
        2.079413,
        1.475707,
        3.2968640000000002,
        4.2288760000000005,
        2.297872,
        2.238229,
        1.3548989999999999,
        4.874094,
        4.195494,
        1.47225,
        0.669077,
        1.1852770000000001,
        1.982003,
        0.0,
        1.180026,
        2.027519,
        2.117382,
        1.166135,
        1.585078,
        1.58254,
        3.809071,
        1.214969,
        4.948609,
        1.5169359999999998,
        1.001105,
        1.9422819999999998,
        2.1113969999999997,
        5.300012,
        1.6517339999999998,
        1.728097,
        0.929901,
        1.43167,
        1.26522,
        1.929906,
        3.932428,
        4.908778,
        0.882648,
        4.228034,
        2.7685560000000002,
        0.976996,
        1.587604,
        1.968629,
        1.78525,
        2.3475010000000003,
        4.985278
    ],
    [
        0.719449,
        0.480012,
        2.353277,
        1.217171,
        1.85608,
        2.502463,
        0.316784,
        0.46778800000000004,
        2.3129589999999998,
        0.225695,
        0.815341,
        0.177345,
        2.503259,
        1.076181,
        0.17735800000000002,
        0.8993869999999999,
        0.443378,
        2.116838,
        3.013264,
        1.7741669999999998,
        1.058203,
        0.346616,
        4.350389,
        2.979882,
        0.478534,
        0.813249,
        0.10263,
        0.8019769999999999,
        1.180026,
        0.0,
        0.794497,
        0.937356,
        0.123502,
        0.405052,
        0.40251299999999995,
        2.816678,
        0.034942999999999995,
        4.424904000000001,
        0.493448,
        0.249912,
        1.4122029999999999,
        1.103696,
        4.776307,
        0.481765,
        0.887363,
        0.406196,
        0.320565,
        0.085194,
        1.008328,
        2.752401,
        4.385073,
        0.331233,
        3.0168589999999997,
        1.588529,
        0.203006,
        0.417635,
        0.7886029999999999,
        0.7448619999999999,
        1.146081,
        4.4615730000000005
    ],
    [
        0.389248,
        1.159421,
        3.147774,
        1.659339,
        1.576691,
        2.08637,
        0.527895,
        0.34637599999999996,
        3.1074569999999997,
        1.020193,
        0.255422,
        0.971843,
        1.973244,
        0.660087,
        0.837631,
        0.560597,
        0.570487,
        1.586822,
        2.483249,
        2.5686649999999998,
        1.0224,
        0.905799,
        5.144887,
        2.449866,
        0.540313,
        1.5018179999999999,
        0.7965030000000001,
        0.536252,
        2.027519,
        0.794497,
        0.0,
        0.598566,
        0.845293,
        0.389445,
        0.402226,
        2.1137379999999997,
        0.75954,
        2.3902710000000003,
        0.5970650000000001,
        0.9862989999999999,
        1.3943130000000001,
        0.309198,
        2.140065,
        0.390836,
        0.490234,
        1.200694,
        0.8797480000000001,
        0.7093039999999999,
        0.6111989999999999,
        2.421023,
        5.17957,
        1.125731,
        2.4777600000000004,
        1.451722,
        0.9975040000000001,
        0.434547,
        0.549626,
        1.11624,
        0.465426,
        2.340232
    ],
    [
        0.404839,
        1.302808,
        3.2906329999999997,
        1.052548,
        2.0575419999999998,
        2.6630369999999997,
        0.792165,
        0.663994,
        3.250315,
        1.1630509999999998,
        0.380067,
        1.114701,
        1.631045,
        1.259098,
        1.042662,
        0.057131,
        0.925147,
        1.244624,
        2.1410500000000003,
        2.711523,
        0.41561000000000003,
        1.151645,
        1.8909610000000001,
        2.1076680000000003,
        0.8949729999999999,
        1.756527,
        0.991958,
        0.14695,
        2.117382,
        0.937356,
        0.598566,
        0.0,
        1.042347,
        0.543639,
        0.663763,
        2.372241,
        0.908847,
        1.80489,
        0.966226,
        1.1937170000000001,
        1.304133,
        0.907764,
        1.554684,
        0.737324,
        1.0888,
        1.350002,
        1.132043,
        0.8586119999999999,
        1.2097650000000002,
        1.882874,
        2.010355,
        1.2750380000000001,
        2.144645,
        0.873178,
        1.146811,
        0.803707,
        0.16032400000000002,
        1.086124,
        0.310021,
        1.7548499999999998
    ],
    [
        0.8269679999999999,
        0.49164800000000003,
        2.339385,
        1.321679,
        1.809888,
        2.2218809999999998,
        0.351931,
        0.502935,
        2.299067,
        0.21538,
        0.8661369999999999,
        0.172298,
        2.601801,
        1.029989,
        0.053857,
        0.997929,
        0.478525,
        2.215379,
        3.111806,
        1.760275,
        1.156744,
        0.22107300000000002,
        4.3364970000000005,
        3.078423,
        0.513681,
        0.799357,
        0.031193000000000002,
        0.900518,
        1.166135,
        0.123502,
        0.845293,
        1.042347,
        0.0,
