[
    [
        0.0,
        2.166814,
        1.854166,
        1.255525,
        1.639897,
        2.546573,
        1.842961,
        2.15931,
        2.290096,
        2.596158,
        1.929518,
        0.18896700000000002,
        2.439791,
        1.533744,
        1.403703,
        2.4718649999999998,
        0.455949,
        1.422461,
        2.380645,
        1.8899970000000001,
        1.9761959999999998,
        2.455965,
        2.211789,
        1.961407,
        2.335099,
        2.365855,
        2.3324740000000004,
        2.2037139999999997,
        1.621674,
        2.098646,
        2.579893,
        1.8589010000000001
    ],
    [
        2.166814,
        0.0,
        0.478234,
        3.32374,
        2.710992,
        0.7265280000000001,
        0.561277,
        0.354254,
        1.030281,
        0.645831,
        1.0123,
        2.024907,
        1.0949490000000002,
        2.818376,
        1.321437,
        0.26965300000000003,
        2.070447,
        0.848601,
        0.308074,
        0.276817,
        0.23801499999999998,
        0.2908,
        0.28587,
        0.386906,
        0.24510200000000001,
        0.338686,
        0.406555,
        0.036899999999999995,
        2.729215,
        0.30262599999999995,
        0.021771000000000002,
        0.5248959999999999
    ],
    [
        1.854166,
        0.478234,
        0.0,
        3.021257,
        2.408509,
        1.200173,
        0.09709999999999999,
        0.6415879999999999,
        1.013928,
        1.119477,
        0.827072,
        1.712258,
        0.643137,
        2.515893,
        1.018954,
        0.6034980000000001,
        1.598552,
        0.493333,
        0.547678,
        0.365978,
        0.394304,
        0.641331,
        0.68777,
        0.15342,
        0.736568,
        0.841837,
        0.808455,
        0.441769,
        2.426732,
        0.271854,
        0.86397,
        0.060719999999999996
    ],
    [
        1.255525,
        3.32374,
        3.021257,
        0.0,
        0.6166200000000001,
        2.808669,
        3.033406,
        3.0003580000000003,
        2.3443490000000002,
        3.0739479999999997,
        2.4240410000000003,
        1.444493,
        3.68438,
        0.510467,
        2.023722,
        3.65021,
        1.7114749999999999,
        2.6779859999999998,
        3.570824,
        3.068342,
        3.154541,
        3.634309,
        3.026599,
        3.151587,
        3.513444,
        3.3454699999999997,
        3.121429,
        3.382058,
        0.5983970000000001,
        3.2769909999999998,
        3.7582370000000003,
        3.049081
    ],
    [
        1.639897,
        2.710992,
        2.408509,
        0.6166200000000001,
        0.0,
        2.266655,
        2.399238,
        2.458344,
        1.802334,
        2.531934,
        1.882026,
        1.698383,
        3.0502130000000003,
        0.10615300000000001,
        1.5290599999999999,
        3.0160430000000003,
        1.909953,
        2.1116889999999997,
        2.9366570000000003,
        2.434174,
        2.520374,
        3.000142,
        2.484585,
        2.51742,
        2.879277,
        2.803456,
        2.579415,
        2.747891,
        0.018223,
        2.642824,
        3.12407,
        2.414913
    ],
    [
        2.546573,
        0.7265280000000001,
        1.200173,
        2.808669,
        2.266655,
        0.0,
        1.288965,
        0.568395,
        0.525963,
        0.252699,
        0.617054,
        2.404665,
        1.782431,
        2.3740390000000002,
        1.133109,
        0.83765,
        2.595759,
        1.3481679999999998,
        1.098234,
        0.834195,
        0.7953920000000001,
        0.82175,
        0.5416770000000001,
        1.046754,
        0.7008840000000001,
        0.568247,
        0.490195,
        0.763427,
        2.284878,
        0.9178419999999999,
        0.945678,
        1.252585
    ],
    [
        1.842961,
        0.561277,
        0.09709999999999999,
        3.033406,
        2.399238,
        1.288965,
        0.0,
        0.73038,
        1.102719,
        1.2082680000000001,
        0.8485199999999999,
        1.7010530000000001,
        0.745337,
        2.5066219999999997,
        1.0096829999999999,
        0.686628,
        1.537618,
        0.4205,
        0.6307200000000001,
        0.45477,
        0.47734699999999997,
        0.724286,
        0.776562,
        0.242211,
        0.8196979999999999,
        0.930628,
        0.897246,
        0.524811,
        2.417462,
        0.354897,
        0.947013,
        0.036367
    ],
    [
        2.15931,
        0.354254,
        0.6415879999999999,
        3.0003580000000003,
        2.458344,
        0.568395,
        0.73038,
        0.0,
        0.7176520000000001,
        0.48615499999999995,
        0.6996720000000001,
        2.017402,
        1.223845,
        2.565728,
        1.0986010000000002,
        0.6593049999999999,
        2.2030790000000002,
        0.841096,
        0.72596,
        0.36113999999999996,
        0.447339,
        0.643404,
        0.07777200000000001,
        0.48816899999999996,
        0.522539,
        0.39664299999999997,
        0.198457,
        0.39115300000000003,
        2.476567,
        0.569789,
        0.767332,
        0.694
    ],
    [
        2.290096,
        1.030281,
        1.013928,
        2.3443490000000002,
        1.802334,
        0.525963,
        1.102719,
        0.7176520000000001,
        0.0,
        0.791242,
        0.36057799999999995,
        2.148188,
        1.596185,
        1.909719,
        0.876632,
        1.3353320000000002,
        2.3392820000000003,
        1.1004690000000001,
        1.327936,
        0.753464,
        0.839663,
        1.319431,
        0.743893,
        0.860508,
        1.198566,
        1.0627639999999998,
        0.838723,
        1.067181,
        1.820558,
        0.9621130000000001,
        1.4433589999999998,
        1.066339
    ],
    [
        2.596158,
        0.645831,
        1.119477,
        3.0739479999999997,
        2.531934,
        0.252699,
        1.2082680000000001,
        0.48615499999999995,
        0.791242,
        0.0,
        0.773261,
        2.45425,
        1.7017339999999999,
        2.6393180000000003,
        1.2893160000000001,
        0.621224,
        2.645344,
        1.298867,
        1.014116,
        0.753499,
        0.714696,
        0.6053229999999999,
        0.46098,
        0.966057,
        0.484458,
        0.48755000000000004,
        0.409498,
        0.6827300000000001,
        2.550156,
        0.837146,
        0.729251,
        1.1718879999999998
    ],
    [
        1.929518,
        1.0123,
        0.827072,
        2.4240410000000003,
        1.882026,
        0.617054,
        0.8485199999999999,
        0.6996720000000001,
        0.36057799999999995,
        0.773261,
        0.0,
        1.78761,
        1.467107,
        1.9894100000000001,
        0.5160549999999999,
        1.3173510000000002,
        1.978704,
        0.746331,
        1.309956,
        0.735483,
        0.821682,
        1.301451,
        0.725913,
        0.842528,
        1.180585,
        1.0447829999999998,
        0.820742,
        1.0492000000000001,
        1.90025,
        0.944132,
        1.425379,
        0.831807
    ],
    [
        0.18896700000000002,
        2.024907,
        1.712258,
        1.444493,
        1.698383,
        2.404665,
        1.7010530000000001,
        2.017402,
        2.148188,
        2.45425,
        1.78761,
        0.0,
        2.2978829999999997,
        1.59223,
        1.372252,
        2.329958,
        0.314042,
        1.280553,
        2.238737,
        1.748089,
        1.834289,
        2.3140569999999996,
        2.0698809999999996,
        1.8195,
        2.193192,
        2.223948,
        2.190566,
        2.0618060000000002,
        1.68016,
        1.956739,
        2.4379850000000003,
        1.716993
    ],
    [
        2.439791,
        1.0949490000000002,
        0.643137,
        3.68438,
        3.0502130000000003,
        1.782431,
        0.745337,
        1.223845,
        1.596185,
        1.7017339999999999,
        1.467107,
        2.2978829999999997,
        0.0,
        3.155927,
        1.658989,
        1.147754,
        1.982701,
        1.098916,
        0.803603,
        0.948235,
        0.976561,
        1.185499,
        1.270027,
        0.735677,
        1.272687,
        1.424094,
        1.390712,
        1.058049,
        3.066767,
        0.854112,
        1.400089,
        0.708957
    ],
    [
        1.533744,
        2.818376,
        2.515893,
        0.510467,
        0.10615300000000001,
        2.3740390000000002,
        2.5066219999999997,
        2.565728,
        1.909719,
        2.6393180000000003,
        1.9894100000000001,
        1.59223,
        3.155927,
        0.0,
        1.623202,
        3.123427,
        1.803799,
        2.219073,
        3.044041,
        2.5415590000000003,
        2.6277579999999996,
        3.107526,
        2.591969,
        2.624804,
        2.9866610000000002,
        2.9108400000000003,
        2.686799,
        2.8552750000000002,
        0.08793000000000001,
        2.750208,
        3.2314540000000003,
        2.5222979999999997
    ],
    [
        1.403703,
        1.321437,
        1.018954,
        2.023722,
        1.5290599999999999,
        1.133109,
        1.0096829999999999,
        1.0986010000000002,
        0.876632,
        1.2893160000000001,
        0.5160549999999999,
        1.372252,
        1.658989,
        1.623202,
        0.0,
        1.6264880000000002,
        1.5838219999999998,
        0.722134,
        1.5471020000000002,
        1.044619,
        1.130819,
        1.610587,
        1.169125,
        1.1278650000000001,
        1.489722,
        1.4859870000000002,
        1.261947,
        1.358336,
        1.547283,
        1.253269,
        1.734515,
        1.025359
    ],
    [
        2.4718649999999998,
        0.26965300000000003,
        0.6034980000000001,
        3.65021,
        3.0160430000000003,
        0.83765,
        0.686628,
        0.6593049999999999,
        1.3353320000000002,
        0.621224,
        1.3173510000000002,
        2.329958,
        1.147754,
        3.123427,
        1.6264880000000002,
        0.0,
        2.191286,
        1.0938789999999998,
        0.406776,
        0.581868,
        0.543065,
        0.061607,
        0.551067,
        0.515463,
        0.157528,
        0.382733,
        0.558596,
        0.232753,
        3.034266,
        0.431183,
        0.28493,
        0.653453
    ],
    [
        0.455949,
        2.070447,
        1.598552,
        1.7114749999999999,
        1.909953,
        2.595759,
        1.537618,
        2.2030790000000002,
        2.3392820000000003,
        2.645344,
        1.978704,
        0.314042,
        1.982701,
        1.803799,
        1.5838219999999998,
        2.191286,
        0.0,
        1.461181,
        2.1205749999999997,
        1.939183,
        2.025383,
        2.2257379999999998,
        2.2609749999999997,
        1.743663,
        2.384286,
        2.415042,
        2.3816599999999997,
        2.0262629999999997,
        1.891729,
        1.856349,
        2.448466,
        1.537819
    ],
    [
        1.422461,
        0.848601,
        0.493333,
        2.6779859999999998,
        2.1116889999999997,
        1.3481679999999998,
        0.4205,
        0.841096,
        1.1004690000000001,
        1.298867,
        0.746331,
        1.280553,
        1.098916,
        2.219073,
        0.722134,
        1.0938789999999998,
        1.461181,
        0.0,
        1.034332,
        0.571784,
        0.657983,
        1.137751,
        0.893576,
        0.6150950000000001,
        1.016886,
        1.047642,
        1.01426,
        0.8855,
        2.129912,
        0.758509,
        1.261679,
        0.456867
    ],
    [
        2.380645,
        0.308074,
        0.547678,
        3.570824,
        2.9366570000000003,
        1.098234,
        0.6307200000000001,
        0.72596,
        1.327936,
        1.014116,
        1.309956,
        2.238737,
        0.803603,
        3.044041,
        1.5471020000000002,
        0.406776,
        2.1205749999999997,
        1.034332,
        0.0,
        0.574473,
        0.494086,
        0.444521,
        0.657577,
        0.455916,
        0.551747,
        0.720121,
        0.778261,
        0.27117399999999997,
        2.942574,
        0.371636,
        0.679149,
        0.59434
    ],
    [
        1.8899970000000001,
        0.276817,
        0.365978,
        3.068342,
        2.434174,
        0.834195,
        0.45477,
        0.36113999999999996,
        0.753464,
        0.753499,
        0.735483,
        1.748089,
        0.948235,
        2.5415590000000003,
        1.044619,
        0.581868,
        1.939183,
        0.571784,
        0.574473,
        0.0,
        0.086199,
        0.5659679999999999,
        0.33871100000000004,
        0.212559,
        0.445102,
        0.475858,
        0.459395,
        0.31371699999999997,
        2.452398,
        0.208649,
        0.689896,
        0.41839
    ],
    [
        1.9761959999999998,
        0.23801499999999998,
        0.394304,
        3.154541,
        2.520374,
        0.7953920000000001,
        0.47734699999999997,
        0.447339,
        0.839663,
        0.714696,
        0.821682,
        1.834289,
        0.976561,
        2.6277579999999996,
        1.130819,
        0.543065,
        2.025383,
        0.657983,
        0.494086,
        0.086199,
        0.0,
        0.527165,
        0.354735,
        0.29875799999999997,
        0.4063,
        0.437056,
        0.47542,
        0.274914,
        2.538597,
        0.12245,
        0.6510929999999999,
        0.440967
    ],
    [
        2.455965,
        0.2908,
        0.641331,
        3.634309,
        3.000142,
        0.82175,
        0.724286,
        0.643404,
        1.319431,
        0.6053229999999999,
        1.301451,
        2.3140569999999996,
        1.185499,
        3.107526,
        1.610587,
        0.061607,
        2.2257379999999998,
        1.137751,
        0.444521,
        0.5659679999999999,
        0.527165,
        0.0,
        0.535166,
        0.5532079999999999,
        0.141627,
        0.366832,
        0.5426960000000001,
        0.294361,
        3.0183649999999997,
        0.468928,
        0.269029,
        0.691199
    ],
    [
        2.211789,
        0.28587,
        0.68777,
        3.026599,
        2.484585,
        0.5416770000000001,
        0.776562,
        0.07777200000000001,
        0.743893,
        0.46098,
        0.725913,
        2.0698809999999996,
        1.270027,
        2.591969,
        1.169125,
        0.551067,
        2.2609749999999997,
        0.893576,
        0.657577,
        0.33871100000000004,
        0.354735,
        0.535166,
        0.0,
        0.534351,
        0.45150799999999996,
        0.31887099999999996,
        0.120684,
        0.32277,
        2.502808,
        0.477185,
        0.6963010000000001,
        0.740182
    ],
    [
        1.961407,
        0.386906,
        0.15342,
        3.151587,
        2.51742,
        1.046754,
        0.242211,
        0.48816899999999996,
        0.860508,
        0.966057,
        0.842528,
        1.8195,
        0.735677,
        2.624804,
        1.1278650000000001,
        0.515463,
        1.743663,
        0.6150950000000001,
        0.455916,
        0.212559,
        0.29875799999999997,
        0.5532079999999999,
        0.534351,
        0.0,
        0.6576609999999999,
        0.6884170000000001,
        0.6550349999999999,
        0.350007,
        2.527616,
        0.180092,
        0.772208,
        0.205831
    ],
    [
        2.335099,
        0.24510200000000001,
        0.736568,
        3.513444,
        2.879277,
        0.7008840000000001,
        0.8196979999999999,
        0.522539,
        1.198566,
        0.484458,
        1.180585,
        2.193192,
        1.272687,
        2.9866610000000002,
        1.489722,
        0.157528,
        2.384286,
        1.016886,
        0.551747,
        0.445102,
        0.4063,
        0.141627,
        0.45150799999999996,
        0.6576609999999999,
        0.0,
        0.24596700000000002,
        0.421831,
        0.282001,
        2.8975,
        0.528749,
        0.227834,
        0.7882509999999999
    ],
    [
        2.365855,
        0.338686,
        0.841837,
        3.3454699999999997,
        2.803456,
        0.568247,
        0.930628,
        0.39664299999999997,
        1.0627639999999998,
        0.48755000000000004,
        1.0447829999999998,
        2.223948,
        1.424094,
        2.9108400000000003,
        1.4859870000000002,
        0.382733,
        2.415042,
        1.047642,
        0.720121,
        0.475858,
        0.437056,
        0.366832,
        0.31887099999999996,
        0.6884170000000001,
        0.24596700000000002,
        0.0,
        0.45291899999999996,
        0.392117,
        2.944787,
        0.576037,
        0.37743099999999996,
        0.910779
    ],
    [
        2.3324740000000004,
        0.406555,
        0.808455,
        3.121429,
        2.579415,
        0.490195,
        0.897246,
        0.198457,
        0.838723,
        0.409498,
        0.820742,
        2.190566,
        1.390712,
        2.686799,
        1.261947,
        0.558596,
        2.3816599999999997,
        1.01426,
        0.778261,
        0.459395,
        0.47542,
        0.5426960000000001,
        0.120684,
        0.6550349999999999,
        0.421831,
        0.45291899999999996,
        0.0,
        0.353416,
        2.498476,
        0.507831,
        0.7295940000000001,
        0.767439
    ],
    [
        2.2037139999999997,
        0.036899999999999995,
        0.441769,
        3.382058,
        2.747891,
        0.763427,
        0.524811,
        0.39115300000000003,
        1.067181,
        0.6827300000000001,
        1.0492000000000001,
        2.0618060000000002,
        1.058049,
        2.8552750000000002,
        1.358336,
        0.232753,
        2.0262629999999997,
        0.8855,
        0.27117399999999997,
        0.31371699999999997,
        0.274914,
        0.294361,
        0.32277,
        0.350007,
        0.282001,
        0.392117,
        0.353416,
        0.0,
        2.7661149999999997,
        0.265727,
        0.042021,
        0.487997
    ],
    [
        1.621674,
        2.729215,
        2.426732,
        0.5983970000000001,
        0.018223,
        2.284878,
        2.417462,
        2.476567,
        1.820558,
        2.550156,
        1.90025,
        1.68016,
        3.066767,
        0.08793000000000001,
        1.547283,
        3.034266,
        1.891729,
        2.129912,
        2.942574,
        2.452398,
        2.538597,
        3.0183649999999997,
        2.502808,
        2.527616,
        2.8975,
        2.944787,
        2.498476,
        2.7661149999999997,
        0.0,
        2.661047,
        3.142293,
        2.4331370000000003
    ],
    [
        2.098646,
        0.30262599999999995,
        0.271854,
        3.2769909999999998,
        2.642824,
        0.9178419999999999,
        0.354897,
        0.569789,
        0.9621130000000001,
        0.837146,
        0.944132,
        1.956739,
        0.854112,
        2.750208,
        1.253269,
        0.431183,
        1.856349,
        0.758509,
        0.371636,
        0.208649,
        0.12245,
        0.468928,
        0.477185,
        0.180092,
        0.528749,
        0.576037,
        0.507831,
        0.265727,
        2.661047,
        0.0,
        0.687929,
        0.318517
    ],
    [
        2.579893,
        0.021771000000000002,
        0.86397,
        3.7582370000000003,
        3.12407,
        0.945678,
        0.947013,
        0.767332,
        1.4433589999999998,
        0.729251,
        1.425379,
        2.4379850000000003,
        1.400089,
        3.2314540000000003,
        1.734515,
        0.28493,
        2.448466,
        1.261679,
        0.679149,
        0.689896,
        0.6510929999999999,
        0.269029,
        0.6963010000000001,
        0.772208,
        0.227834,
        0.37743099999999996,
        0.7295940000000001,
        0.042021,
        3.142293,
        0.687929,
        0.0,
        0.915653
    ],
    [
        1.8589010000000001,
        0.5248959999999999,
        0.060719999999999996,
        3.049081,
        2.414913,
        1.252585,
        0.036367,
        0.694,
        1.066339,
        1.1718879999999998,
        0.831807,
        1.716993,
        0.708957,
        2.5222979999999997,
        1.025359,
        0.653453,
        1.537819,
        0.456867,
        0.59434,
        0.41839,
        0.440967,
        0.691199,
        0.740182,
        0.205831,
        0.7882509999999999,
        0.910779,
        0.767439,
        0.487997,
        2.4331370000000003,
        0.318517,
        0.915653,
        0.0
    ]
]