[
    [
        0.0,
        1.273641,
        1.497595,
        1.362509,
        0.971909,
        1.754434,
        2.4593510000000003,
        1.56155,
        0.788026,
        2.6931239999999996,
        1.0579939999999999,
        1.689896,
        1.284152,
        1.598805,
        1.134365,
        0.29248599999999997,
        1.2159200000000001,
        1.589024,
        0.314808,
        0.941451
    ],
    [
        1.273641,
        0.0,
        0.884008,
        0.201846,
        0.381204,
        1.249239,
        1.509587,
        2.796893,
        1.596767,
        2.2154409999999998,
        0.42921,
        2.348855,
        0.7709020000000001,
        0.830346,
        0.978391,
        1.045036,
        0.8384579999999999,
        2.7015610000000003,
        1.337248,
        0.373573
    ],
    [
        1.497595,
        0.884008,
        0.0,
        0.7846040000000001,
        1.020696,
        0.365231,
        2.2691149999999998,
        3.052167,
        1.388247,
        1.331433,
        1.068702,
        1.464847,
        1.583755,
        0.053662,
        1.65594,
        1.368782,
        1.65131,
        2.943899,
        1.639351,
        0.9102709999999999
    ],
    [
        1.362509,
        0.201846,
        0.7846040000000001,
        0.0,
        0.5386380000000001,
        1.149834,
        1.65578,
        2.9039360000000003,
        1.497362,
        2.116037,
        0.586644,
        2.249451,
        0.9727480000000001,
        0.7309410000000001,
        1.180237,
        1.122012,
        1.0403040000000001,
        2.8064769999999997,
        1.414224,
        0.5575910000000001
    ],
    [
        0.971909,
        0.381204,
        1.020696,
        0.5386380000000001,
        0.0,
        1.385926,
        1.466188,
        2.532588,
        1.476605,
        3.133944,
        0.133313,
        2.223274,
        0.5155839999999999,
        0.967034,
        0.714086,
        0.7314120000000001,
        0.574153,
        2.4372559999999996,
        1.023624,
        0.1631
    ],
    [
        1.754434,
        1.249239,
        0.365231,
        1.149834,
        1.385926,
        0.0,
        2.675168,
        3.036554,
        1.372634,
        1.188222,
        1.433932,
        1.385292,
        1.948985,
        0.41889299999999996,
        2.02117,
        1.595216,
        2.016541,
        3.0892370000000002,
        1.7830219999999999,
        1.275501
    ],
    [
        2.4593510000000003,
        1.509587,
        2.2691149999999998,
        1.65578,
        1.466188,
        2.675168,
        0.0,
        3.85214,
        2.830447,
        4.257699,
        1.4883810000000002,
        3.5771149999999996,
        1.724151,
        2.227742,
        1.813599,
        2.252361,
        1.893705,
        3.756808,
        2.583737,
        1.548738
    ],
    [
        1.56155,
        2.796893,
        3.052167,
        2.9039360000000003,
        2.532588,
        3.036554,
        3.85214,
        0.0,
        1.66392,
        3.975879,
        2.5425880000000003,
        2.748364,
        2.263372,
        3.081996,
        2.0886,
        1.816143,
        2.195139,
        0.35814100000000004,
        1.520988,
        2.496344
    ],
    [
        0.788026,
        1.596767,
        1.388247,
        1.497362,
        1.476605,
        1.372634,
        2.830447,
        1.66392,
        0.0,
        2.311959,
        1.5430979999999999,
        1.139368,
        1.925553,
        1.418077,
        1.7757660000000002,
        0.945857,
        1.857321,
        1.827855,
        1.0324149999999999,
        1.290076
    ],
    [
        2.6931239999999996,
        2.2154409999999998,
        1.331433,
        2.116037,
        3.133944,
        1.188222,
        4.257699,
        3.975879,
        2.311959,
        0.0,
        3.054783,
        1.468062,
        3.036255,
        1.385095,
        3.448827,
        2.561419,
        3.4538510000000002,
        4.055439,
        2.749225,
        2.2417040000000004
    ],
    [
        1.0579939999999999,
        0.42921,
        1.068702,
        0.586644,
        0.133313,
        1.433932,
        1.4883810000000002,
        2.5425880000000003,
        1.5430979999999999,
        3.054783,
        0.0,
        2.267259,
        0.49864400000000003,
        1.01504,
        0.706133,
        0.8174980000000001,
        0.5662,
        2.429303,
        1.109709,
        0.211106
    ],
    [
        1.689896,
        2.348855,
        1.464847,
        2.249451,
        2.223274,
        1.385292,
        3.5771149999999996,
        2.748364,
        1.139368,
        1.468062,
        2.267259,
        0.0,
        2.619694,
        1.518509,
        2.637655,
        1.807745,
        2.6870610000000004,
        2.89827,
        1.894304,
        2.036745
    ],
    [
        1.284152,
        0.7709020000000001,
        1.583755,
        0.9727480000000001,
        0.5155839999999999,
        1.948985,
        1.724151,
        2.263372,
        1.925553,
        3.036255,
        0.49864400000000003,
        2.619694,
        0.0,
        1.537245,
        0.184787,
        1.025433,
        0.060912,
        2.14826,
        0.966425,
        0.7296480000000001
    ],
    [
        1.598805,
        0.830346,
        0.053662,
        0.7309410000000001,
        0.967034,
        0.41889299999999996,
        2.227742,
        3.081996,
        1.418077,
        1.385095,
        1.01504,
        1.518509,
        1.537245,
        0.0,
        1.602277,
        1.358308,
        1.597648,
        2.998334,
        1.6060809999999999,
        0.8566079999999999
    ],
    [
        1.134365,
        0.978391,
        1.65594,
        1.180237,
        0.714086,
        2.02117,
        1.813599,
        2.0886,
        1.7757660000000002,
        3.448827,
        0.706133,
        2.637655,
        0.184787,
        1.602277,
        0.0,
        0.886888,
        0.220933,
        1.972045,
        0.82788,
        0.7910539999999999
    ],
    [
        0.29248599999999997,
        1.045036,
        1.368782,
        1.122012,
        0.7314120000000001,
        1.595216,
        2.252361,
        1.816143,
        0.945857,
        2.561419,
        0.8174980000000001,
        1.807745,
        1.025433,
        1.358308,
        0.886888,
        0.0,
        1.028172,
        1.7008489999999998,
        0.308595,
        0.700954
    ],
    [
        1.2159200000000001,
        0.8384579999999999,
        1.65131,
        1.0403040000000001,
        0.574153,
        2.016541,
        1.893705,
        2.195139,
        1.857321,
        3.4538510000000002,
        0.5662,
        2.6870610000000004,
        0.060912,
        1.597648,
        0.220933,
        1.028172,
        0.0,
        2.087349,
        0.905514,
        0.662055
    ],
    [
        1.589024,
        2.7015610000000003,
        2.943899,
        2.8064769999999997,
        2.4372559999999996,
        3.0892370000000002,
        3.756808,
        0.35814100000000004,
        1.827855,
        4.055439,
        2.429303,
        2.89827,
        2.14826,
        2.998334,
        1.972045,
        1.7008489999999998,
        2.087349,
        0.0,
        1.403307,
        2.378664
    ],
    [
        0.314808,
        1.337248,
        1.639351,
        1.414224,
        1.023624,
        1.7830219999999999,
        2.583737,
        1.520988,
        1.0324149999999999,
        2.749225,
        1.109709,
        1.894304,
        0.966425,
        1.6060809999999999,
        0.82788,
        0.308595,
        0.905514,
        1.403307,
        0.0,
        0.9931660000000001
    ],
    [
        0.941451,
        0.373573,
        0.9102709999999999,
        0.5575910000000001,
        0.1631,
        1.275501,
        1.548738,
        2.496344,
        1.290076,
        2.2417040000000004,
        0.211106,
        2.036745,
        0.7296480000000001,
        0.8566079999999999,
        0.7910539999999999,
        0.700954,
        0.662055,
        2.378664,
        0.9931660000000001,
        0.0
    ]
]