[
    [
        0.0,
        0.567434,
        0.178391,
        0.521463,
        0.112856,
        0.091933,
        0.922751,
        0.39140499999999995,
        0.465012,
        0.263776,
        0.411715,
        0.16126300000000002,
        0.28674400000000005,
        0.11301699999999999,
        2.349745,
        0.109509,
        0.442257,
        0.0608,
        0.25886000000000003,
        1.543276
    ],
    [
        0.567434,
        0.0,
        0.6868650000000001,
        1.0523520000000002,
        0.643734,
        0.625425,
        0.674181,
        0.922283,
        0.995889,
        0.794654,
        0.942593,
        0.69214,
        0.417506,
        0.646509,
        2.051391,
        0.6403869999999999,
        0.84514,
        0.591678,
        0.7810860000000001,
        1.2183499999999998
    ],
    [
        0.178391,
        0.6868650000000001,
        0.0,
        0.5707380000000001,
        0.13508699999999998,
        0.086458,
        0.8519779999999999,
        0.447493,
        0.5211,
        0.319864,
        0.467803,
        0.237598,
        0.418207,
        0.065375,
        2.31305,
        0.121536,
        0.5055459999999999,
        0.12020600000000001,
        0.106171,
        1.6747400000000001
    ],
    [
        0.521463,
        1.0523520000000002,
        0.5707380000000001,
        0.0,
        0.464094,
        0.515758,
        1.394948,
        0.186514,
        0.100128,
        0.261552,
        0.16620400000000002,
        0.361582,
        0.773032,
        0.511954,
        2.849681,
        0.477644,
        0.510331,
        0.528968,
        0.522903,
        1.47601
    ],
    [
        0.112856,
        0.643734,
        0.13508699999999998,
        0.464094,
        0.0,
        0.048628,
        0.98711,
        0.332654,
        0.40626100000000004,
        0.205025,
        0.352964,
        0.102512,
        0.363044,
        0.06971200000000001,
        2.4260450000000002,
        0.013550000000000001,
        0.370459,
        0.064874,
        0.215555,
        1.619577
    ],
    [
        0.091933,
        0.625425,
        0.086458,
        0.515758,
        0.048628,
        0.0,
        0.9384819999999999,
        0.38592200000000004,
        0.459529,
        0.25829399999999997,
        0.406233,
        0.15114,
        0.342121,
        0.021084,
        2.399509,
        0.035078000000000005,
        0.419087,
        0.033747,
        0.166927,
        1.598653
    ],
    [
        0.922751,
        0.674181,
        0.8519779999999999,
        1.394948,
        0.98711,
        0.9384819999999999,
        0.0,
        1.261025,
        1.3346310000000001,
        1.1333959999999998,
        1.2813350000000001,
        1.047458,
        0.772824,
        0.917353,
        1.631065,
        0.97356,
        1.200458,
        0.966059,
        0.94677,
        1.706137
    ],
    [
        0.39140499999999995,
        0.922283,
        0.447493,
        0.186514,
        0.332654,
        0.38592200000000004,
        1.261025,
        0.0,
        0.089333,
        0.127629,
        0.020309999999999998,
        0.231794,
        0.641593,
        0.382118,
        2.715757,
        0.346205,
        0.379808,
        0.397528,
        0.392697,
        1.6541210000000002
    ],
    [
        0.465012,
        0.995889,
        0.5211,
        0.100128,
        0.40626100000000004,
        0.459529,
        1.3346310000000001,
        0.089333,
        0.0,
        0.201236,
        0.069023,
        0.30540100000000003,
        0.7152000000000001,
        0.45572500000000005,
        2.789364,
        0.419812,
        0.453415,
        0.47113499999999997,
        0.466304,
        1.567973
    ],
    [
        0.263776,
        0.794654,
        0.319864,
        0.261552,
        0.205025,
        0.25829399999999997,
        1.1333959999999998,
        0.127629,
        0.201236,
        0.0,
        0.147939,
        0.10416500000000001,
        0.5139640000000001,
        0.254489,
        2.588129,
        0.218576,
        0.344373,
        0.269899,
        0.26506799999999997,
        1.737325
    ],
    [
        0.411715,
        0.942593,
        0.467803,
        0.16620400000000002,
        0.352964,
        0.406233,
        1.2813350000000001,
        0.020309999999999998,
        0.069023,
        0.147939,
        0.0,
        0.252104,
        0.661903,
        0.402428,
        2.7360680000000004,
        0.366515,
        0.400118,
        0.41783800000000004,
        0.413007,
        1.634049
    ],
    [
        0.16126300000000002,
        0.69214,
        0.237598,
        0.361582,
        0.102512,
        0.15114,
        1.047458,
        0.231794,
        0.30540100000000003,
        0.10416500000000001,
        0.252104,
        0.0,
        0.41145,
        0.172224,
        2.474451,
        0.116062,
        0.267947,
        0.167386,
        0.302625,
        1.667983
    ],
    [
        0.28674400000000005,
        0.417506,
        0.418207,
        0.773032,
        0.363044,
        0.342121,
        0.772824,
        0.641593,
        0.7152000000000001,
        0.5139640000000001,
        0.661903,
        0.41145,
        0.0,
        0.365819,
        2.198171,
        0.359697,
        0.475781,
        0.310988,
        0.511663,
        1.2624490000000002
    ],
    [
        0.11301699999999999,
        0.646509,
        0.065375,
        0.511954,
        0.06971200000000001,
        0.021084,
        0.917353,
        0.382118,
        0.45572500000000005,
        0.254489,
        0.402428,
        0.172224,
        0.365819,
        0.0,
        2.378425,
        0.056161,
        0.440171,
        0.054831000000000005,
        0.163123,
        1.619737
    ],
    [
        2.349745,
        2.051391,
        2.31305,
        2.849681,
        2.4260450000000002,
        2.399509,
        1.631065,
        2.715757,
        2.789364,
        2.588129,
        2.7360680000000004,
        2.474451,
        2.198171,
        2.378425,
        0.0,
        2.420426,
        2.6101129999999997,
        2.359828,
        2.393681,
        2.664835
    ],
    [
        0.109509,
        0.6403869999999999,
        0.121536,
        0.477644,
        0.013550000000000001,
        0.035078000000000005,
        0.97356,
        0.346205,
        0.419812,
        0.218576,
        0.366515,
        0.116062,
        0.359697,
        0.056161,
        2.420426,
        0.0,
        0.38401,
        0.051323,
        0.202005,
        1.6162290000000001
    ],
    [
        0.442257,
        0.84514,
        0.5055459999999999,
        0.510331,
        0.370459,
        0.419087,
        1.200458,
        0.379808,
        0.453415,
        0.344373,
        0.400118,
        0.267947,
        0.475781,
        0.440171,
        2.6101129999999997,
        0.38401,
        0.0,
        0.435333,
        0.5716870000000001,
        1.409702
    ],
    [
        0.0608,
        0.591678,
        0.12020600000000001,
        0.528968,
        0.064874,
        0.033747,
        0.966059,
        0.397528,
        0.47113499999999997,
        0.269899,
        0.41783800000000004,
        0.167386,
        0.310988,
        0.054831000000000005,
        2.359828,
        0.051323,
        0.435333,
        0.0,
        0.20067400000000002,
        1.567521
    ],
    [
        0.25886000000000003,
        0.7810860000000001,
        0.106171,
        0.522903,
        0.215555,
        0.166927,
        0.94677,
        0.392697,
        0.466304,
        0.26506799999999997,
        0.413007,
        0.302625,
        0.511663,
        0.163123,
        2.393681,
        0.202005,
        0.5716870000000001,
        0.20067400000000002,
        0.0,
        1.768961
    ],
    [
        1.543276,
        1.2183499999999998,
        1.6747400000000001,
        1.47601,
        1.619577,
        1.598653,
        1.706137,
        1.6541210000000002,
        1.567973,
        1.737325,
        1.634049,
        1.667983,
        1.2624490000000002,
        1.619737,
        2.664835,
        1.6162290000000001,
        1.409702,
        1.567521,
        1.768961,
        0.0
    ]
]