[
    [
        0.0,
        0.097433,
        0.283844,
        0.156307,
        0.23849199999999998,
        0.23170400000000002,
        0.36998899999999996,
        0.04018,
        0.119321,
        0.183263,
        0.285902,
        0.223903,
        0.356906,
        0.092656,
        0.77144,
        0.125753,
        0.154227,
        0.257083,
        0.111012,
        0.621089,
        0.458279,
        0.054979,
        0.26798700000000003,
        0.104385,
        1.247354,
        0.23521799999999998,
        0.061868,
        0.343139,
        0.209166,
        0.045939,
        0.19758099999999998,
        0.23975,
        0.055659,
        1.085286,
        0.081256,
        0.773968,
        0.11332099999999999,
        0.125642,
        0.212553,
        0.146541,
        0.13153700000000002,
        0.13761400000000001,
        0.104882,
        0.138234,
        0.383197,
        0.143404,
        0.384701,
        1.656672,
        1.168929,
        0.242457,
        0.15366300000000002,
        0.191542,
        0.24146199999999998,
        0.214421,
        0.220988,
        0.064806,
        2.006576,
        0.45527,
        0.388914,
        0.20737
    ],
    [
        0.097433,
        0.0,
        0.381277,
        0.058875,
        0.335924,
        0.329137,
        0.32967399999999997,
        0.057252000000000004,
        0.15824100000000002,
        0.280695,
        0.383334,
        0.12647,
        0.342754,
        0.190088,
        0.868872,
        0.164673,
        0.19314699999999999,
        0.354516,
        0.208444,
        0.718522,
        0.5557110000000001,
        0.093899,
        0.365419,
        0.006952,
        1.149921,
        0.137786,
        0.15930000000000002,
        0.44057100000000005,
        0.30659800000000004,
        0.14337200000000003,
        0.100149,
        0.278671,
        0.041774,
        1.1300599999999998,
        0.120176,
        0.8714,
        0.210754,
        0.028210000000000002,
        0.11512,
        0.21332900000000002,
        0.22897,
        0.053307,
        0.202314,
        0.040802,
        0.427971,
        0.059097000000000004,
        0.429475,
        1.754105,
        1.266361,
        0.339889,
        0.251096,
        0.25833,
        0.144029,
        0.253341,
        0.123556,
        0.162239,
        2.104008,
        0.552702,
        0.486346,
        0.24628999999999998
    ],
    [
        0.283844,
        0.381277,
        0.0,
        0.440152,
        0.298575,
        0.211643,
        0.11684,
        0.32402499999999995,
        0.403165,
        0.10058199999999999,
        0.002057,
        0.5077470000000001,
        0.103756,
        0.191189,
        0.787158,
        0.409598,
        0.43807100000000004,
        0.026761,
        0.172833,
        0.636807,
        0.259344,
        0.338823,
        0.015858,
        0.388229,
        1.531198,
        0.5190629999999999,
        0.22658699999999998,
        0.331546,
        0.306089,
        0.26450599999999996,
        0.48142599999999997,
        0.523595,
        0.339503,
        0.832136,
        0.36510000000000004,
        0.789686,
        0.170523,
        0.40948700000000005,
        0.331393,
        0.238104,
        0.152307,
        0.42145900000000003,
        0.269601,
        0.422079,
        0.130047,
        0.42724900000000005,
        0.131551,
        1.67239,
        1.1846459999999999,
        0.30254000000000003,
        0.31838299999999997,
        0.283105,
        0.525306,
        0.498265,
        0.504833,
        0.247619,
        2.022293,
        0.256335,
        0.105069,
        0.491214
    ],
    [
        0.156307,
        0.058875,
        0.440152,
        0.0,
        0.39479899999999996,
        0.388012,
        0.325837,
        0.116127,
        0.217116,
        0.33957,
        0.442209,
        0.08053700000000001,
        0.33891699999999997,
        0.248963,
        0.927747,
        0.223548,
        0.25202199999999997,
        0.413391,
        0.26731900000000003,
        0.777396,
        0.614586,
        0.152774,
        0.424294,
        0.051923000000000004,
        1.103988,
        0.091852,
        0.218175,
        0.499446,
        0.365473,
        0.202247,
        0.054215000000000006,
        0.33754500000000004,
        0.100648,
        1.126224,
        0.179051,
        0.930275,
        0.269629,
        0.037285,
        0.124196,
        0.272204,
        0.287845,
        0.112182,
        0.261189,
        0.018073,
        0.424135,
        0.117972,
        0.425639,
        1.81298,
        1.325236,
        0.398764,
        0.309971,
        0.317204,
        0.098096,
        0.312216,
        0.077622,
        0.221114,
        2.162883,
        0.611577,
        0.545221,
        0.305165
    ],
    [
        0.23849199999999998,
        0.335924,
        0.298575,
        0.39479899999999996,
        0.0,
        0.063997,
        0.322255,
        0.27867200000000003,
        0.357813,
        0.13552799999999998,
        0.29651799999999995,
        0.462395,
        0.309171,
        0.180504,
        0.588441,
        0.364245,
        0.392719,
        0.20934899999999998,
        0.162148,
        0.43809,
        0.216817,
        0.29347,
        0.220252,
        0.34287599999999996,
        1.485846,
        0.47370999999999996,
        0.176624,
        0.132828,
        0.041458,
        0.219153,
        0.436073,
        0.419435,
        0.294151,
        0.9449420000000001,
        0.319748,
        0.5909690000000001,
        0.15983799999999998,
        0.364134,
        0.45104500000000003,
        0.227419,
        0.14162200000000003,
        0.376106,
        0.16919700000000001,
        0.376726,
        0.335462,
        0.381896,
        0.336966,
        1.473673,
        0.9859289999999999,
        0.003965,
        0.088325,
        0.27242,
        0.479954,
        0.452912,
        0.45948,
        0.202266,
        1.823576,
        0.213808,
        0.193506,
        0.445861
    ],
    [
        0.23170400000000002,
        0.329137,
        0.211643,
        0.388012,
        0.063997,
        0.0,
        0.297788,
        0.271884,
        0.351025,
        0.111061,
        0.2137,
        0.45560700000000004,
        0.284704,
        0.156037,
        0.6184930000000001,
        0.35745699999999997,
        0.38593099999999997,
        0.18488200000000002,
        0.137681,
        0.468142,
        0.24687,
        0.28668299999999997,
        0.195785,
        0.33608899999999997,
        1.479058,
        0.466923,
        0.16983600000000001,
        0.162881,
        0.022538,
        0.212365,
        0.429285,
        0.412648,
        0.287363,
        1.0130839999999999,
        0.31295999999999996,
        0.6210209999999999,
        0.13537100000000002,
        0.357346,
        0.444257,
        0.202952,
        0.117155,
        0.369319,
        0.16241,
        0.369939,
        0.310995,
        0.375108,
        0.312499,
        1.503725,
        1.015982,
        0.06796200000000001,
        0.08153700000000001,
        0.247953,
        0.473166,
        0.446125,
        0.452692,
        0.195479,
        1.853629,
        0.24386000000000002,
        0.22355799999999998,
        0.439074
    ],
    [
        0.36998899999999996,
        0.32967399999999997,
        0.11684,
        0.325837,
        0.322255,
        0.297788,
        0.0,
        0.410169,
        0.48931,
        0.186726,
        0.118897,
        0.406345,
        0.01308,
        0.27733300000000005,
        0.9039969999999999,
        0.495742,
        0.524216,
        0.112906,
        0.25897699999999996,
        0.7536470000000001,
        0.376184,
        0.424968,
        0.102002,
        0.322721,
        1.429796,
        0.41766000000000003,
        0.312732,
        0.448385,
        0.320326,
        0.35064999999999996,
        0.380023,
        0.609739,
        0.371447,
        0.800387,
        0.451245,
        0.906525,
        0.256668,
        0.301464,
        0.214553,
        0.324248,
        0.238452,
        0.382981,
        0.355746,
        0.32067599999999996,
        0.098298,
        0.38877,
        0.099802,
        1.78923,
        1.3014860000000001,
        0.31829,
        0.40452699999999997,
        0.36924900000000005,
        0.423904,
        0.58441,
        0.403459,
        0.333764,
        2.1391329999999997,
        0.373174,
        0.221909,
        0.5773590000000001
    ],
    [
        0.04018,
        0.057252000000000004,
        0.32402499999999995,
        0.116127,
        0.27867200000000003,
        0.271884,
        0.410169,
        0.0,
        0.10098900000000001,
        0.223443,
        0.326082,
        0.18372300000000003,
        0.397086,
        0.132836,
        0.81162,
        0.107421,
        0.13589500000000002,
        0.297263,
        0.15119200000000002,
        0.661269,
        0.498459,
        0.036646,
        0.30816699999999997,
        0.064204,
        1.207174,
        0.19503800000000002,
        0.102048,
        0.383319,
        0.249346,
        0.086119,
        0.157401,
        0.221418,
        0.015479,
        1.1254659999999999,
        0.062924,
        0.814148,
        0.153501,
        0.08546200000000001,
        0.172373,
        0.156076,
        0.17171799999999998,
        0.09743399999999999,
        0.14506200000000002,
        0.098054,
        0.423377,
        0.10322400000000001,
        0.42488099999999995,
        1.6968530000000002,
        1.209109,
        0.282637,
        0.193844,
        0.201077,
        0.20128200000000002,
        0.19608799999999998,
        0.180808,
        0.10498600000000001,
        2.0467560000000002,
        0.49545,
        0.429094,
        0.189037
    ],
    [
        0.119321,
        0.15824100000000002,
        0.403165,
        0.217116,
        0.357813,
        0.351025,
        0.48931,
        0.10098900000000001,
        0.0,
        0.302584,
        0.405223,
        0.284711,
        0.47622699999999996,
        0.211977,
        0.8907609999999999,
        0.006432,
        0.034906,
        0.376404,
        0.230333,
        0.74041,
        0.5776,
        0.064342,
        0.387307,
        0.165193,
        1.308162,
        0.296027,
        0.181189,
        0.462459,
        0.32848700000000003,
        0.16526,
        0.25838900000000004,
        0.12043000000000001,
        0.116467,
        1.204606,
        0.038064999999999995,
        0.893289,
        0.232642,
        0.186451,
        0.27336099999999997,
        0.235217,
        0.250858,
        0.198423,
        0.22420199999999998,
        0.199043,
        0.502517,
        0.204213,
        0.504021,
        1.775993,
        1.288249,
        0.36177800000000004,
        0.272984,
        0.280218,
        0.30227,
        0.09509999999999999,
        0.20429499999999998,
        0.184127,
        2.125896,
        0.57459,
        0.508235,
        0.088049
    ],
    [
        0.183263,
        0.280695,
        0.10058199999999999,
        0.33957,
        0.13552799999999998,
        0.111061,
        0.186726,
        0.223443,
        0.302584,
        0.0,
        0.102639,
        0.407166,
        0.173643,
        0.090607,
        0.80283,
        0.309016,
        0.33749,
        0.07382,
        0.07225100000000001,
        0.652479,
        0.27501600000000004,
        0.23824199999999998,
        0.08472400000000001,
        0.287647,
        1.430617,
        0.418481,
        0.126006,
        0.347218,
        0.1336,
        0.16392400000000001,
        0.380844,
        0.423013,
        0.238922,
        0.902023,
        0.264519,
        0.8053579999999999,
        0.06994199999999999,
        0.308905,
        0.395816,
        0.13752199999999998,
        0.051725,
        0.320877,
        0.169019,
        0.32149700000000003,
        0.199934,
        0.326667,
        0.20143799999999998,
        1.688062,
        1.200319,
        0.13156299999999999,
        0.217801,
        0.182523,
        0.424725,
        0.39768400000000004,
        0.40425099999999997,
        0.147037,
        2.037965,
        0.272007,
        0.205651,
        0.390632
    ],
    [
        0.285902,
        0.383334,
        0.002057,
        0.442209,
        0.29651799999999995,
        0.2137,
        0.118897,
        0.326082,
        0.405223,
        0.102639,
        0.0,
        0.509805,
        0.10581399999999999,
        0.193246,
        0.7851,
        0.411655,
        0.440129,
        0.028818999999999997,
        0.17489,
        0.63475,
        0.257287,
        0.340881,
        0.017915,
        0.390286,
        1.5332560000000002,
        0.52112,
        0.22864500000000001,
        0.329488,
        0.30403199999999997,
        0.266563,
        0.483483,
        0.525652,
        0.341561,
        0.834194,
        0.36715800000000004,
        0.787628,
        0.17258099999999998,
        0.41154399999999997,
        0.33344999999999997,
        0.240161,
        0.154364,
        0.423516,
        0.271658,
        0.424136,
        0.132105,
        0.42930599999999997,
        0.133609,
        1.670333,
        1.182589,
        0.300483,
        0.32044,
        0.28516199999999997,
        0.527364,
        0.500323,
        0.50689,
        0.24967599999999998,
        2.020236,
        0.254277,
        0.103012,
        0.493271
    ],
    [
        0.223903,
        0.12647,
        0.5077470000000001,
        0.08053700000000001,
        0.462395,
        0.45560700000000004,
        0.406345,
        0.18372300000000003,
        0.284711,
        0.407166,
        0.509805,
        0.0,
        0.419425,
        0.31655900000000003,
        0.995343,
        0.291144,
        0.31961700000000004,
        0.48098599999999997,
        0.334915,
        0.844992,
        0.6821820000000001,
        0.220369,
        0.49189,
        0.119518,
        1.046866,
        0.03473,
        0.285771,
        0.567042,
        0.43306900000000004,
        0.26984199999999997,
        0.026321999999999998,
        0.40514100000000003,
        0.168244,
        1.206731,
        0.24664599999999998,
        0.997871,
        0.33722399999999997,
        0.104881,
        0.191791,
        0.33979899999999996,
        0.35544,
        0.179777,
        0.32878399999999997,
        0.08566800000000001,
        0.504642,
        0.185567,
        0.506146,
        1.880575,
        1.392832,
        0.46636,
        0.37756599999999996,
        0.38480000000000003,
        0.040974,
        0.37981099999999995,
        0.14521799999999999,
        0.288709,
        2.230478,
        0.679172,
        0.6128170000000001,
        0.37276
    ],
    [
        0.356906,
        0.342754,
        0.103756,
        0.33891699999999997,
        0.309171,
        0.284704,
        0.01308,
        0.397086,
        0.47622699999999996,
        0.173643,
        0.10581399999999999,
        0.419425,
        0.0,
        0.26425,
        0.890914,
        0.482659,
        0.511133,
        0.099823,
        0.245894,
        0.740564,
        0.363101,
        0.411885,
        0.088919,
        0.33580099999999996,
        1.442875,
        0.43074,
        0.299649,
        0.435302,
        0.307243,
        0.337567,
        0.39310300000000004,
        0.596656,
        0.412565,
        0.787304,
        0.438162,
        0.893442,
        0.243585,
        0.314544,
        0.227633,
        0.311165,
        0.22536799999999999,
        0.39606,
        0.34266199999999997,
        0.333756,
        0.085215,
        0.40185000000000004,
        0.08671899999999999,
        1.776147,
        1.288403,
        0.305207,
        0.391444,
        0.356166,
        0.436983,
        0.571327,
        0.416539,
        0.32068,
        2.12605,
        0.360091,
        0.20882599999999998,
        0.564276
    ],
    [
        0.092656,
        0.190088,
        0.191189,
        0.248963,
        0.180504,
        0.156037,
        0.27733300000000005,
        0.132836,
        0.211977,
        0.090607,
        0.193246,
        0.31655900000000003,
        0.26425,
        0.0,
        0.744971,
        0.218409,
        0.24688300000000002,
        0.164427,
        0.018356,
        0.59462,
        0.365623,
        0.147635,
        0.175331,
        0.19704,
        1.34001,
        0.327874,
        0.035399,
        0.316669,
        0.182697,
        0.073317,
        0.290237,
        0.332406,
        0.148315,
        0.99263,
        0.173912,
        0.747499,
        0.020665,
        0.218298,
        0.305209,
        0.158689,
        0.038882,
        0.23027,
        0.07841200000000001,
        0.23088999999999998,
        0.290541,
        0.23606,
        0.292045,
        1.630203,
        1.1424590000000001,
        0.17653899999999997,
        0.127194,
        0.20369,
        0.33411799999999997,
        0.307076,
        0.313644,
        0.05643,
        1.980106,
        0.362614,
        0.29625799999999997,
        0.300025
    ],
    [
        0.77144,
        0.868872,
        0.787158,
        0.927747,
        0.588441,
        0.6184930000000001,
        0.9039969999999999,
        0.81162,
        0.8907609999999999,
        0.80283,
        0.7851,
        0.995343,
        0.890914,
        0.744971,
        0.0,
        0.906226,
        0.9347000000000001,
        0.783341,
        0.77236,
        0.150351,
        0.7054,
        0.835452,
        0.803015,
        0.8848579999999999,
        2.027827,
        1.015692,
        0.718605,
        0.528697,
        0.595955,
        0.761134,
        0.978054,
        0.9061739999999999,
        0.836132,
        1.4335250000000002,
        0.8617290000000001,
        0.033963,
        0.7746689999999999,
        0.906115,
        0.993026,
        0.912693,
        0.792886,
        0.918088,
        0.711179,
        0.918708,
        0.917205,
        0.9238780000000001,
        0.918709,
        0.944395,
        0.456652,
        0.592406,
        0.62681,
        0.9576939999999999,
        1.021935,
        0.9948940000000001,
        1.001461,
        0.744248,
        1.294299,
        0.70239,
        0.6820879999999999,
        0.9385549999999999
    ],
    [
        0.125753,
        0.164673,
        0.409598,
        0.223548,
        0.364245,
        0.35745699999999997,
        0.495742,
        0.107421,
        0.006432,
        0.309016,
        0.411655,
        0.291144,
        0.482659,
        0.218409,
        0.906226,
        0.0,
        0.028474,
        0.382836,
        0.23676499999999998,
        0.746842,
        0.584032,
        0.070774,
        0.39374000000000003,
        0.171625,
        1.314595,
        0.302459,
        0.187621,
        0.468892,
        0.33491899999999997,
        0.171692,
        0.264822,
        0.113997,
        0.12290000000000001,
        1.211039,
        0.044497,
        0.899721,
        0.239074,
        0.192883,
        0.279794,
        0.241649,
        0.257291,
        0.20485499999999998,
        0.23063499999999998,
        0.205475,
        0.50895,
        0.210645,
        0.510454,
        1.7824259999999998,
        1.294682,
        0.36821,
        0.27941699999999997,
        0.28664999999999996,
        0.30870299999999995,
        0.088667,
        0.19786199999999998,
        0.190559,
        2.1323290000000004,
        0.5810230000000001,
        0.514667,
        0.081616
    ],
    [
        0.154227,
        0.19314699999999999,
        0.43807100000000004,
        0.25202199999999997,
        0.392719,
        0.38593099999999997,
        0.524216,
        0.13589500000000002,
        0.034906,
        0.33749,
        0.440129,
        0.31961700000000004,
        0.511133,
        0.24688300000000002,
        0.9347000000000001,
        0.028474,
        0.0,
        0.41131,
        0.265239,
        0.775316,
        0.612506,
        0.099248,
        0.422214,
        0.200099,
        1.269709,
        0.330933,
        0.216095,
        0.497366,
        0.36339299999999997,
        0.200166,
        0.293296,
        0.085523,
        0.151374,
        1.2395129999999999,
        0.07297100000000001,
        0.9281950000000001,
        0.267548,
        0.221357,
        0.308268,
        0.270123,
        0.285764,
        0.233329,
        0.259108,
        0.23394900000000002,
        0.537424,
        0.239119,
        0.538928,
        1.8108989999999998,
        1.323156,
        0.39668400000000004,
        0.30789,
        0.315124,
        0.337176,
        0.060194000000000004,
        0.169389,
        0.21903299999999998,
        2.1608020000000003,
        0.6094959999999999,
        0.543141,
        0.053143
    ],
    [
        0.257083,
        0.354516,
        0.026761,
        0.413391,
        0.20934899999999998,
        0.18488200000000002,
        0.112906,
        0.297263,
        0.376404,
        0.07382,
        0.028818999999999997,
        0.48098599999999997,
        0.099823,
        0.164427,
        0.783341,
        0.382836,
        0.41131,
        0.0,
        0.146071,
        0.63299,
        0.255527,
        0.312062,
        0.010903000000000001,
        0.361468,
        1.5044369999999998,
        0.492302,
        0.199826,
        0.327729,
        0.20742,
        0.237744,
        0.454664,
        0.496834,
        0.312742,
        0.828202,
        0.338339,
        0.785869,
        0.143762,
        0.38272500000000004,
        0.327459,
        0.211342,
        0.12554600000000002,
        0.394698,
        0.24284,
        0.395318,
        0.126113,
        0.40048700000000004,
        0.127617,
        1.668573,
        1.180829,
        0.20538399999999998,
        0.291622,
        0.25634300000000004,
        0.498545,
        0.47150400000000003,
        0.478071,
        0.220858,
        2.018476,
        0.252518,
        0.13183099999999998,
        0.46445299999999995
    ],
    [
        0.111012,
        0.208444,
        0.172833,
        0.26731900000000003,
        0.162148,
        0.137681,
        0.25897699999999996,
        0.15119200000000002,
        0.230333,
        0.07225100000000001,
        0.17489,
        0.334915,
        0.245894,
        0.018356,
        0.77236,
        0.23676499999999998,
        0.265239,
        0.146071,
        0.0,
        0.612976,
        0.347267,
        0.16599100000000003,
        0.156975,
        0.215397,
        1.358366,
        0.34623000000000004,
        0.053755000000000004,
        0.335026,
        0.201053,
        0.091673,
        0.308593,
        0.350762,
        0.16667099999999999,
        0.974274,
        0.192268,
        0.7658550000000001,
        0.0023090000000000003,
        0.236654,
        0.323565,
        0.14033299999999999,
        0.020526,
        0.248626,
        0.096768,
        0.24924600000000002,
        0.272185,
        0.254416,
        0.273689,
        1.6485589999999999,
        1.1608150000000002,
        0.158183,
        0.14555,
        0.185334,
        0.352474,
        0.325433,
        0.332,
        0.074786,
        1.998462,
        0.344258,
        0.277902,
        0.318382
    ],
    [
        0.621089,
        0.718522,
        0.636807,
        0.777396,
        0.43809,
        0.468142,
        0.7536470000000001,
        0.661269,
        0.74041,
        0.652479,
        0.63475,
        0.844992,
        0.740564,
        0.59462,
        0.150351,
        0.746842,
        0.775316,
        0.63299,
        0.612976,
        0.0,
        0.555049,
        0.685101,
        0.6526649999999999,
        0.7345069999999999,
        1.8774760000000001,
        0.865341,
        0.568255,
        0.378347,
        0.445604,
        0.610784,
        0.827704,
        0.7558239999999999,
        0.685782,
        1.283174,
        0.7113780000000001,
        0.152879,
        0.624319,
        0.755765,
        0.842675,
        0.762342,
        0.642535,
        0.767737,
        0.560828,
        0.768357,
        0.766854,
        0.7735270000000001,
        0.768358,
        1.0355830000000001,
        0.5478390000000001,
        0.44205500000000003,
        0.476459,
        0.8073429999999999,
        0.8715839999999999,
        0.844543,
        0.851111,
        0.593897,
        1.385486,
        0.55204,
        0.531738,
        0.7882039999999999
    ],
    [
        0.458279,
        0.5557110000000001,
        0.259344,
        0.614586,
        0.216817,
        0.24687,
        0.376184,
        0.498459,
        0.5776,
        0.27501600000000004,
        0.257287,
        0.6821820000000001,
        0.363101,
        0.365623,
        0.7054,
        0.584032,
        0.612506,
        0.255527,
        0.347267,
        0.555049,
        0.0,
        0.513258,
        0.275202,
        0.5626639999999999,
        1.705633,
        0.6934969999999999,
        0.401022,
        0.249788,
        0.224331,
        0.43894,
        0.65586,
        0.61202,
        0.513938,
        0.905711,
        0.539535,
        0.707928,
        0.34495800000000004,
        0.583921,
        0.590737,
        0.412538,
        0.32674200000000003,
        0.595893,
        0.35207,
        0.5965130000000001,
        0.38939100000000004,
        0.601683,
        0.390895,
        1.590632,
        1.1028879999999999,
        0.220782,
        0.271198,
        0.457539,
        0.699741,
        0.6727000000000001,
        0.6792670000000001,
        0.422053,
        1.9405350000000001,
        0.003009,
        0.154275,
        0.665649
    ],
    [
        0.054979,
        0.093899,
        0.338823,
        0.152774,
        0.29347,
        0.28668299999999997,
        0.424968,
        0.036646,
        0.064342,
        0.23824199999999998,
        0.340881,
        0.220369,
        0.411885,
        0.147635,
        0.835452,
        0.070774,
        0.099248,
        0.312062,
        0.16599100000000003,
        0.685101,
        0.513258,
        0.0,
        0.322965,
        0.100851,
        1.24382,
        0.231685,
        0.11684699999999999,
        0.398117,
        0.26414499999999996,
        0.10091800000000001,
        0.194047,
        0.184772,
        0.052125,
        1.140264,
        0.026277000000000002,
        0.828947,
        0.1683,
        0.12210800000000001,
        0.209019,
        0.170875,
        0.186516,
        0.13408099999999998,
        0.15986,
        0.134701,
        0.43817500000000004,
        0.13987100000000002,
        0.439679,
        1.711651,
        1.2239069999999999,
        0.297435,
        0.208642,
        0.215876,
        0.237928,
        0.159442,
        0.217455,
        0.119785,
        2.061554,
        0.510248,
        0.443893,
        0.152391
    ],
    [
        0.26798700000000003,
        0.365419,
        0.015858,
        0.424294,
        0.220252,
        0.195785,
        0.102002,
        0.30816699999999997,
        0.387307,
        0.08472400000000001,
        0.017915,
        0.49189,
        0.088919,
        0.175331,
        0.803015,
        0.39374000000000003,
        0.422214,
        0.010903000000000001,
        0.156975,
        0.6526649999999999,
        0.275202,
        0.322965,
        0.0,
        0.372371,
        1.5153409999999998,
        0.503205,
        0.210729,
        0.347403,
        0.21832400000000002,
        0.248648,
        0.465568,
        0.507737,
        0.323646,
        0.817299,
        0.34924299999999997,
        0.805543,
        0.154665,
        0.393629,
        0.316556,
        0.222246,
        0.13644900000000001,
        0.405601,
        0.253743,
        0.406221,
        0.11520999999999999,
        0.411391,
        0.116714,
        1.688248,
        1.200504,
        0.216287,
        0.302525,
        0.267247,
        0.509449,
        0.482407,
        0.48897500000000005,
        0.231761,
        2.038151,
        0.272192,
        0.120927,
        0.475356
    ],
    [
        0.104385,
        0.006952,
        0.388229,
        0.051923000000000004,
        0.34287599999999996,
        0.33608899999999997,
        0.322721,
        0.064204,
        0.165193,
        0.287647,
        0.390286,
        0.119518,
        0.33580099999999996,
        0.19704,
        0.8848579999999999,
        0.171625,
        0.200099,
        0.361468,
        0.215397,
        0.7345069999999999,
        0.5626639999999999,
        0.100851,
        0.372371,
        0.0,
        1.1429690000000001,
        0.130834,
        0.166252,
        0.447523,
        0.31355,
        0.150324,
        0.093196,
        0.285623,
        0.048726,
        1.123108,
        0.127128,
        0.878352,
        0.21770599999999998,
        0.021257,
        0.108168,
        0.220281,
        0.235922,
        0.060259,
        0.20926599999999998,
        0.03385,
        0.42101900000000003,
        0.06604900000000001,
        0.42252300000000004,
        1.761057,
        1.2733130000000001,
        0.346841,
        0.258048,
        0.26528199999999996,
        0.137077,
        0.260293,
        0.116604,
        0.169191,
        2.11096,
        0.559654,
        0.493299,
        0.25324199999999997
    ],
    [
        1.247354,
        1.149921,
        1.531198,
        1.103988,
        1.485846,
        1.479058,
        1.429796,
        1.207174,
        1.308162,
        1.430617,
        1.5332560000000002,
        1.046866,
        1.442875,
        1.34001,
        2.027827,
        1.314595,
        1.269709,
        1.5044369999999998,
        1.358366,
        1.8774760000000001,
        1.705633,
        1.24382,
        1.5153409999999998,
        1.1429690000000001,
        0.0,
        1.010911,
        1.307997,
        1.5892680000000001,
        1.455295,
        1.292068,
        1.0497729999999998,
        1.34098,
        1.19047,
        2.228958,
        1.268872,
        2.020097,
        1.35945,
        1.127107,
        1.2140170000000001,
        1.362025,
        1.3776659999999998,
        1.202003,
        1.35101,
        1.107894,
        1.526868,
        1.207793,
        1.528372,
        2.9028009999999997,
        2.415058,
        1.488586,
        1.399792,
        1.407026,
        1.004667,
        1.31565,
        1.167444,
        1.310935,
        3.252704,
        1.701398,
        1.6350429999999998,
        1.3085989999999998
    ],
    [
        0.23521799999999998,
        0.137786,
        0.5190629999999999,
        0.091852,
        0.47370999999999996,
        0.466923,
        0.41766000000000003,
        0.19503800000000002,
        0.296027,
        0.418481,
        0.52112,
        0.03473,
        0.43074,
        0.327874,
        1.015692,
        0.302459,
        0.330933,
        0.492302,
        0.34623000000000004,
        0.865341,
        0.6934969999999999,
        0.231685,
        0.503205,
        0.130834,
        1.010911,
        0.0,
        0.297086,
        0.578357,
        0.444384,
        0.281158,
        0.037637000000000004,
        0.416456,
        0.179559,
        1.218047,
        0.25796199999999997,
        1.0091860000000001,
        0.34854,
        0.116196,
        0.203107,
        0.351115,
        0.36675599999999997,
        0.19109299999999999,
        0.3401,
        0.096984,
        0.5159579999999999,
        0.196883,
        0.517462,
        1.891891,
        1.404147,
        0.477675,
        0.388882,
        0.39611599999999997,
        0.006243,
        0.391127,
        0.15653299999999998,
        0.300025,
        2.241794,
        0.6904880000000001,
        0.6241319999999999,
        0.38407600000000003
    ],
    [
        0.061868,
        0.15930000000000002,
        0.22658699999999998,
        0.218175,
        0.176624,
        0.16983600000000001,
        0.312732,
        0.102048,
        0.181189,
        0.126006,
        0.22864500000000001,
        0.285771,
        0.299649,
        0.035399,
        0.718605,
        0.187621,
        0.216095,
        0.199826,
        0.053755000000000004,
        0.568255,
        0.401022,
        0.11684699999999999,
        0.210729,
        0.166252,
        1.307997,
        0.297086,
        0.0,
        0.281271,
        0.147298,
        0.042529000000000004,
        0.259449,
        0.301618,
        0.117527,
        1.028028,
        0.143124,
        0.7121000000000001,
        0.056064,
        0.18750999999999998,
        0.27442099999999997,
        0.19408799999999998,
        0.07428,
        0.199482,
        0.043014000000000004,
        0.200102,
        0.32593900000000003,
        0.20527199999999998,
        0.327443,
        1.594805,
        1.1070609999999999,
        0.180589,
        0.091796,
        0.239088,
        0.30333,
        0.27628800000000003,
        0.282856,
        0.025641999999999998,
        1.944708,
        0.398012,
        0.331657,
        0.269237
    ],
    [
        0.343139,
        0.44057100000000005,
        0.331546,
        0.499446,
        0.132828,
        0.162881,
        0.448385,
        0.383319,
        0.462459,
        0.347218,
        0.329488,
        0.567042,
        0.435302,
        0.316669,
        0.528697,
        0.468892,
        0.497366,
        0.327729,
        0.335026,
        0.378347,
        0.249788,
        0.398117,
        0.347403,
        0.447523,
        1.5892680000000001,
        0.578357,
        0.281271,
        0.0,
        0.14034200000000002,
        0.32380000000000003,
        0.54072,
        0.46884,
        0.398798,
        0.977912,
        0.42439499999999997,
        0.5312250000000001,
        0.337335,
        0.468781,
        0.555692,
        0.475359,
        0.355551,
        0.480753,
        0.273844,
        0.481373,
        0.46159300000000003,
        0.486543,
        0.463097,
        1.4139300000000001,
        0.9261860000000001,
        0.136793,
        0.189475,
        0.520359,
        0.584601,
        0.5575589999999999,
        0.5641269999999999,
        0.306913,
        1.763833,
        0.246778,
        0.226476,
        0.501221
    ],
    [
        0.209166,
        0.30659800000000004,
        0.306089,
        0.365473,
        0.041458,
        0.022538,
        0.320326,
        0.249346,
        0.32848700000000003,
        0.1336,
        0.30403199999999997,
        0.43306900000000004,
        0.307243,
        0.182697,
        0.595955,
        0.33491899999999997,
        0.36339299999999997,
        0.20742,
        0.201053,
        0.445604,
        0.224331,
        0.26414499999999996,
        0.21832400000000002,
        0.31355,
        1.455295,
        0.444384,
        0.147298,
        0.14034200000000002,
        0.0,
        0.189827,
        0.406747,
        0.390109,
        0.264825,
        0.952456,
        0.290422,
        0.598482,
        0.203362,
        0.334808,
        0.421719,
        0.22549,
        0.139693,
        0.34678,
        0.13987100000000002,
        0.3474,
        0.333534,
        0.35257,
        0.335038,
        1.4811869999999998,
        0.993443,
        0.045423000000000005,
        0.058999,
        0.270491,
        0.450628,
        0.423587,
        0.430154,
        0.17294,
        1.8310899999999999,
        0.221322,
        0.20102,
        0.41653500000000004
    ],
    [
        0.045939,
        0.14337200000000003,
        0.26450599999999996,
        0.202247,
        0.219153,
        0.212365,
        0.35064999999999996,
        0.086119,
        0.16526,
        0.16392400000000001,
        0.266563,
        0.26984199999999997,
        0.337567,
        0.073317,
        0.761134,
        0.171692,
        0.200166,
        0.237744,
        0.091673,
        0.610784,
        0.43894,
        0.10091800000000001,
        0.248648,
        0.150324,
        1.292068,
        0.281158,
        0.042529000000000004,
        0.32380000000000003,
        0.189827,
        0.0,
        0.24352000000000001,
        0.28569,
        0.101598,
        1.065947,
        0.127195,
        0.754629,
        0.093982,
        0.17158099999999998,
        0.258492,
        0.19247999999999998,
        0.112199,
        0.183554,
        0.08554300000000001,
        0.184174,
        0.363858,
        0.18934299999999998,
        0.365362,
        1.637334,
        1.14959,
        0.22311799999999998,
        0.134325,
        0.237481,
        0.287401,
        0.26036000000000004,
        0.266927,
        0.045467,
        1.9872370000000001,
        0.43593099999999996,
        0.369575,
        0.253309
    ],
    [
        0.19758099999999998,
        0.100149,
        0.48142599999999997,
        0.054215000000000006,
        0.436073,
        0.429285,
        0.380023,
        0.157401,
        0.25838900000000004,
        0.380844,
        0.483483,
        0.026321999999999998,
        0.39310300000000004,
        0.290237,
        0.978054,
        0.264822,
        0.293296,
        0.454664,
        0.308593,
        0.827704,
        0.65586,
        0.194047,
        0.465568,
        0.093196,
        1.0497729999999998,
        0.037637000000000004,
        0.259449,
        0.54072,
        0.406747,
        0.24352000000000001,
        0.0,
        0.378819,
        0.141922,
        1.1804100000000002,
        0.220325,
        0.971549,
        0.310902,
        0.078559,
        0.16547,
        0.31347699999999995,
        0.32911900000000005,
        0.153455,
        0.30246300000000004,
        0.059347000000000004,
        0.47832100000000005,
        0.159245,
        0.479825,
        1.854253,
        1.36651,
        0.440038,
        0.35124500000000003,
        0.358478,
        0.043881,
        0.353489,
        0.118896,
        0.262387,
        2.2041570000000004,
        0.652851,
        0.586495,
        0.34643799999999997
    ],
    [
        0.23975,
        0.278671,
        0.523595,
        0.33754500000000004,
        0.419435,
        0.412648,
        0.609739,
        0.221418,
        0.12043000000000001,
        0.423013,
        0.525652,
        0.40514100000000003,
        0.596656,
        0.332406,
        0.9061739999999999,
        0.113997,
        0.085523,
        0.496834,
        0.350762,
        0.7558239999999999,
        0.61202,
        0.184772,
        0.507737,
        0.285623,
        1.34098,
        0.416456,
        0.301618,
        0.46884,
        0.390109,
        0.28569,
        0.378819,
        0.0,
        0.236897,
        1.325036,
        0.158495,
        0.8996689999999999,
        0.353072,
        0.30688,
        0.393791,
        0.355647,
        0.371288,
        0.31885199999999997,
        0.344632,
        0.319472,
        0.622947,
        0.324642,
        0.624451,
        1.782373,
        1.2946300000000002,
        0.4234,
        0.35046499999999997,
        0.400648,
        0.42269999999999996,
        0.095307,
        0.241884,
        0.304557,
        2.132277,
        0.609011,
        0.628664,
        0.032381
    ],
    [
        0.055659,
        0.041774,
        0.339503,
        0.100648,
        0.294151,
        0.287363,
        0.371447,
        0.015479,
        0.116467,
        0.238922,
        0.341561,
        0.168244,
        0.412565,
        0.148315,
        0.836132,
        0.12290000000000001,
        0.151374,
        0.312742,
        0.16667099999999999,
        0.685782,
        0.513938,
        0.052125,
        0.323646,
