[
    [
        0.0,
        2.842609,
        1.0901939999999999,
        1.951141,
        2.852885,
        1.221467,
        1.193699,
        1.518968,
        1.724761,
        1.742627,
        0.487363,
        0.833735,
        2.236939,
        1.47466,
        3.1707840000000003,
        1.665676,
        3.146275,
        1.655527,
        0.958656,
        3.2056060000000004,
        3.825363,
        2.352779,
        1.644722,
        3.644412,
        3.526755,
        3.739573
    ],
    [
        2.842609,
        0.0,
        2.070793,
        1.010228,
        1.133923,
        1.640082,
        1.760795,
        2.473086,
        1.226009,
        1.243875,
        3.33621,
        2.931669,
        0.634334,
        2.2334479999999997,
        0.328173,
        1.209594,
        0.603837,
        2.988151,
        2.1997579999999997,
        0.362995,
        3.4272869999999998,
        3.281542,
        2.561556,
        4.058308,
        1.089131,
        3.389686
    ],
    [
        1.0901939999999999,
        2.070793,
        0.0,
        1.675154,
        2.081069,
        0.44388099999999997,
        0.375699,
        2.314431,
        0.9529460000000001,
        0.970812,
        1.577557,
        0.973183,
        1.465123,
        0.48674900000000004,
        2.398969,
        0.89386,
        2.374459,
        0.976986,
        0.241273,
        2.43379,
        2.887884,
        1.4153,
        2.5118359999999997,
        2.7069319999999997,
        2.754939,
        2.802094
    ],
    [
        1.951141,
        1.010228,
        1.675154,
        0.0,
        1.103481,
        1.18772,
        1.324415,
        1.509258,
        1.013336,
        1.0312029999999999,
        2.4385030000000003,
        2.149389,
        0.545411,
        1.7970679999999999,
        1.3355730000000001,
        0.9917699999999999,
        1.330274,
        2.551771,
        1.763378,
        1.370395,
        4.434687,
        2.850622,
        1.706663,
        4.142254,
        1.97501,
        4.237417000000001
    ],
    [
        2.852885,
        1.133923,
        2.081069,
        1.103481,
        0.0,
        1.650358,
        1.7710709999999998,
        2.632288,
        1.170672,
        1.1528040000000002,
        3.346486,
        2.941945,
        0.620962,
        1.8787770000000001,
        1.4626810000000001,
        1.2198699999999998,
        0.563265,
        2.53,
        2.2100340000000003,
        1.413213,
        3.4056379999999997,
        2.557374,
        2.829781,
        3.850513,
        0.780796,
        3.3680369999999997
    ],
    [
        1.221467,
        1.640082,
        0.44388099999999997,
        1.18772,
        1.650358,
        0.0,
        0.133883,
        1.867737,
        0.522235,
        0.540101,
        1.7088299999999998,
        1.3023710000000002,
        1.034413,
        0.606536,
        1.968258,
        0.46314999999999995,
        1.943749,
        1.358853,
        0.5704600000000001,
        2.0030799999999997,
        3.1326729999999996,
        1.659895,
        2.065142,
        2.951722,
        2.324229,
        3.046884
    ],
    [
        1.193699,
        1.760795,
        0.375699,
        1.324415,
        1.7710709999999998,
        0.133883,
        0.0,
        2.004433,
        0.642948,
        0.660814,
        1.6810619999999998,
        1.237217,
        1.155125,
        0.47265300000000005,
        2.088971,
        0.583862,
        2.0644609999999997,
        1.181033,
        0.5053070000000001,
        2.123792,
        2.998791,
        1.5260129999999998,
        2.2018380000000004,
        2.8178389999999998,
        2.4449409999999996,
        2.9130010000000004
    ],
    [
        1.518968,
        2.473086,
        2.314431,
        1.509258,
        2.632288,
        1.867737,
        2.004433,
        0.0,
        1.845671,
        1.863537,
        1.4405519999999998,
        2.335179,
        2.01371,
        2.477086,
        2.7957910000000004,
        1.763375,
        2.790492,
        3.149454,
        2.4433960000000003,
        2.830613,
        5.003224,
        3.530446,
        0.197405,
        4.822271,
        3.306158,
        4.917434
    ],
    [
        1.724761,
        1.226009,
        0.9529460000000001,
        1.013336,
        1.170672,
        0.522235,
        0.642948,
        1.845671,
        0.0,
        0.017866,
        2.2183629999999996,
        1.813821,
        0.6203390000000001,
        1.0593320000000002,
        1.554184,
        0.059058,
        1.529675,
        1.7105540000000001,
        1.081911,
        1.5890060000000001,
        3.528312,
        2.055728,
        2.019865,
        3.34736,
        1.844542,
        3.442522
    ],
    [
        1.742627,
        1.243875,
        0.970812,
        1.0312029999999999,
        1.1528040000000002,
        0.540101,
        0.660814,
        1.863537,
        0.017866,
        0.0,
        2.236229,
        1.8316880000000002,
        0.638205,
        1.041464,
        1.5720509999999999,
        0.076924,
        1.527221,
        1.692686,
        1.099777,
        1.606872,
        3.510444,
        2.0376659999999998,
        2.037732,
        3.329492,
        1.826674,
        3.424655
    ],
    [
        0.487363,
        3.33621,
        1.577557,
        2.4385030000000003,
        3.346486,
        1.7088299999999998,
        1.6810619999999998,
        1.4405519999999998,
        2.2183629999999996,
        2.236229,
        0.0,
        0.9568049999999999,
        2.7243020000000002,
        1.9620229999999999,
        3.658147,
        2.153039,
        3.633638,
        1.778597,
        1.446019,
        3.692969,
        4.312727,
        2.840143,
        1.566306,
        4.131774,
        4.014118,
        4.2269369999999995
    ],
    [
        0.833735,
        2.931669,
        0.973183,
        2.149389,
        2.941945,
        1.3023710000000002,
        1.237217,
        2.335179,
        1.813821,
        1.8316880000000002,
        0.9568049999999999,
        0.0,
        2.3263000000000003,
        1.361907,
        3.261587,
        1.755037,
        3.235636,
        0.831913,
        0.761937,
        3.294967,
        3.483437,
        2.010659,
        2.4534160000000003,
        3.3024850000000003,
        3.616116,
        3.397647
    ],
    [
        2.236939,
        0.634334,
        1.465123,
        0.545411,
        0.620962,
        1.034413,
        1.155125,
        2.01371,
        0.6203390000000001,
        0.638205,
        2.7243020000000002,
        2.3263000000000003,
        0.0,
        1.626654,
        0.96251,
        0.6028,
        0.938,
        2.3813560000000003,
        1.592964,
        0.997331,
        4.061623,
        2.674748,
        2.186711,
        3.966574,
        1.31865,
        4.0240219999999995
    ],
    [
        1.47466,
        2.2334479999999997,
        0.48674900000000004,
        1.7970679999999999,
        1.8787770000000001,
        0.606536,
        0.47265300000000005,
        2.477086,
        1.0593320000000002,
        1.041464,
        1.9620229999999999,
        1.361907,
        1.626654,
        0.0,
        2.5616239999999997,
        1.056515,
        2.247645,
        0.704625,
        0.6303390000000001,
        2.596445,
        2.522382,
        1.0496050000000001,
        2.674491,
        2.341431,
        2.425607,
        2.436593
    ],
    [
        3.1707840000000003,
        0.328173,
        2.398969,
        1.3355730000000001,
        1.4626810000000001,
        1.968258,
        2.088971,
        2.7957910000000004,
        1.554184,
        1.5720509999999999,
        3.658147,
        3.261587,
        0.96251,
        2.5616239999999997,
        0.0,
        1.53777,
        0.932013,
        3.316326,
        2.527934,
        0.034822000000000006,
        3.4898350000000002,
        3.609718,
        2.889732,
        4.120856,
        1.228151,
        3.452234
    ],
    [
        1.665676,
        1.209594,
        0.89386,
        0.9917699999999999,
        1.2198699999999998,
        0.46314999999999995,
        0.583862,
        1.763375,
        0.059058,
        0.076924,
        2.153039,
        1.755037,
        0.6028,
        1.056515,
        1.53777,
        0.0,
        1.513261,
        1.811218,
        1.022826,
        1.572592,
        3.5826529999999996,
        2.109875,
        1.96078,
        3.401701,
        1.89374,
        3.496863
    ],
    [
        3.146275,
        0.603837,
        2.374459,
        1.330274,
        0.563265,
        1.943749,
        2.0644609999999997,
        2.790492,
        1.529675,
        1.527221,
        3.633638,
        3.235636,
        0.938,
        2.247645,
        0.932013,
        1.513261,
        0.0,
        2.903833,
        2.522635,
        0.86854,
        3.184523,
        2.8409400000000002,
        2.884432,
        3.815544,
        0.644737,
        3.1469229999999997
    ],
    [
        1.655527,
        2.988151,
        0.976986,
        2.551771,
        2.53,
        1.358853,
        1.181033,
        3.149454,
        1.7105540000000001,
        1.692686,
        1.778597,
        0.831913,
        2.3813560000000003,
        0.704625,
        3.316326,
        1.811218,
        2.903833,
        0.0,
        0.818761,
        3.351791,
        2.6868060000000002,
        1.214029,
        3.275666,
        2.505855,
        3.076829,
        2.6010169999999997
    ],
    [
        0.958656,
        2.1997579999999997,
        0.241273,
        1.763378,
        2.2100340000000003,
        0.5704600000000001,
        0.5053070000000001,
        2.4433960000000003,
        1.081911,
        1.099777,
        1.446019,
        0.761937,
        1.592964,
        0.6303390000000001,
        2.527934,
        1.022826,
        2.522635,
        0.818761,
        0.0,
        2.563399,
        2.976442,
        1.503664,
        2.641444,
        2.7954899999999996,
        2.884547,
        2.890653
    ],
    [
        3.2056060000000004,
        0.362995,
        2.43379,
        1.370395,
        1.413213,
        2.0030799999999997,
        2.123792,
        2.830613,
        1.5890060000000001,
        1.606872,
        3.692969,
        3.294967,
        0.997331,
        2.596445,
        0.034822000000000006,
        1.572592,
        0.86854,
        3.351791,
        2.563399,
        0.0,
        3.455013,
        3.64454,
        2.924553,
        4.086035,
        1.19333,
        3.417413
    ],
    [
        3.825363,
        3.4272869999999998,
        2.887884,
        4.434687,
        3.4056379999999997,
        3.1326729999999996,
        2.998791,
        5.003224,
        3.528312,
        3.510444,
        4.312727,
        3.483437,
        4.061623,
        2.522382,
        3.4898350000000002,
        3.5826529999999996,
        3.184523,
        2.6868060000000002,
        2.976442,
        3.455013,
        0.0,
        1.505297,
        5.201896,
        0.728549,
        2.917941,
        0.093746
    ],
    [
        2.352779,
        3.281542,
        1.4153,
        2.850622,
        2.557374,
        1.659895,
        1.5260129999999998,
        3.530446,
        2.055728,
        2.0376659999999998,
        2.840143,
        2.010659,
        2.674748,
        1.0496050000000001,
        3.609718,
        2.109875,
        2.8409400000000002,
        1.214029,
        1.503664,
        3.64454,
        1.505297,
        0.0,
        3.72785,
        1.324345,
        2.967656,
        1.419508
    ],
    [
        1.644722,
        2.561556,
        2.5118359999999997,
        1.706663,
        2.829781,
        2.065142,
        2.2018380000000004,
        0.197405,
        2.019865,
        2.037732,
        1.566306,
        2.4534160000000003,
        2.186711,
        2.674491,
        2.889732,
        1.96078,
        2.884432,
        3.275666,
        2.641444,
        2.924553,
        5.201896,
        3.72785,
        0.0,
        5.019677,
        3.503563,
        5.114838
    ],
    [
        3.644412,
        4.058308,
        2.7069319999999997,
        4.142254,
        3.850513,
        2.951722,
        2.8178389999999998,
        4.822271,
        3.34736,
        3.329492,
        4.131774,
        3.3024850000000003,
        3.966574,
        2.341431,
        4.120856,
        3.401701,
        3.815544,
        2.505855,
        2.7954899999999996,
        4.086035,
        0.728549,
        1.324345,
        5.019677,
        0.0,
        3.551881,
        0.802033
    ],
    [
        3.526755,
        1.089131,
        2.754939,
        1.97501,
        0.780796,
        2.324229,
        2.4449409999999996,
        3.306158,
        1.844542,
        1.826674,
        4.014118,
        3.616116,
        1.31865,
        2.425607,
        1.228151,
        1.89374,
        0.644737,
        3.076829,
        2.884547,
        1.19333,
        2.917941,
        2.967656,
        3.503563,
        3.551881,
        0.0,
        2.881957
    ],
    [
        3.739573,
        3.389686,
        2.802094,
        4.237417000000001,
        3.3680369999999997,
        3.046884,
        2.9130010000000004,
        4.917434,
        3.442522,
        3.424655,
        4.2269369999999995,
        3.397647,
        4.0240219999999995,
        2.436593,
        3.452234,
        3.496863,
        3.1469229999999997,
        2.6010169999999997,
        2.890653,
        3.417413,
        0.093746,
        1.419508,
        5.114838,
        0.802033,
        2.881957,
        0.0
    ]
]