[
    [
        0.0,
        1.482114,
        0.256142,
        1.6462929999999998,
        0.989105,
        0.707068,
        0.685433,
        2.8043850000000003,
        2.119701,
        1.16421,
        2.266116,
        3.02904,
        1.7229210000000001,
        0.203899,
        2.2359299999999998,
        1.00026,
        1.144141,
        2.485081,
        0.24707400000000002,
        0.405445
    ],
    [
        1.482114,
        0.0,
        1.283626,
        1.920793,
        0.487106,
        1.852313,
        1.352798,
        1.539166,
        1.392125,
        0.476187,
        2.1305500000000004,
        2.5626260000000003,
        2.056221,
        1.334701,
        1.769516,
        2.1455059999999997,
        0.667205,
        1.060145,
        1.2915260000000002,
        1.138622
    ],
    [
        0.256142,
        1.283626,
        0.0,
        1.852126,
        0.793205,
        0.590581,
        0.841876,
        2.608485,
        1.98132,
        0.982452,
        2.456098,
        2.8906590000000003,
        1.9287550000000002,
        0.107224,
        2.09755,
        0.883774,
        0.933472,
        2.28918,
        0.098309,
        0.188184
    ],
    [
        1.6462929999999998,
        1.920793,
        1.852126,
        0.0,
        1.803441,
        2.250168,
        1.013172,
        1.894561,
        1.0727639999999998,
        2.29367,
        0.694787,
        1.4236739999999999,
        0.151592,
        1.791825,
        0.774846,
        2.543361,
        2.527797,
        2.115071,
        1.772269,
        1.849115
    ],
    [
        0.989105,
        0.487106,
        0.793205,
        1.803441,
        0.0,
        1.359304,
        1.044452,
        1.908228,
        1.276913,
        0.591682,
        2.035911,
        2.4651080000000003,
        1.873078,
        0.8416910000000001,
        1.673653,
        1.652497,
        0.782701,
        1.491708,
        0.798517,
        0.645612
    ],
    [
        0.707068,
        1.852313,
        0.590581,
        2.250168,
        1.359304,
        0.0,
        1.266579,
        3.17903,
        2.554907,
        1.5560399999999999,
        2.847262,
        3.461205,
        2.304067,
        0.6483909999999999,
        2.6680949999999997,
        0.293193,
        1.4023109999999999,
        2.862768,
        0.6849500000000001,
        0.774824
    ],
    [
        0.685433,
        1.352798,
        0.841876,
        1.013172,
        1.044452,
        1.266579,
        0.0,
        2.411219,
        1.575251,
        1.280499,
        1.630074,
        2.358961,
        1.086879,
        0.7897390000000001,
        1.612864,
        1.57958,
        1.514625,
        2.1142420000000004,
        0.770182,
        0.847029
    ],
    [
        2.8043850000000003,
        1.539166,
        2.608485,
        1.894561,
        1.908228,
        3.17903,
        2.411219,
        0.0,
        1.259438,
        1.795483,
        2.022868,
        2.326448,
        2.055964,
        2.661105,
        1.7239280000000001,
        3.47191,
        1.986501,
        0.529609,
        2.61793,
        2.465026
    ],
    [
        2.119701,
        1.392125,
        1.98132,
        1.0727639999999998,
        1.276913,
        2.554907,
        1.575251,
        1.259438,
        0.0,
        1.817232,
        0.881818,
        1.280188,
        0.938254,
        2.001434,
        0.493356,
        2.812239,
        2.0218789999999998,
        1.500704,
        1.958259,
        1.805355
    ],
    [
        1.16421,
        0.476187,
        0.982452,
        2.29367,
        0.591682,
        1.5560399999999999,
        1.280499,
        1.795483,
        1.817232,
        0.0,
        2.5711019999999998,
        2.98584,
        2.344748,
        1.0262229999999999,
        2.192731,
        1.823788,
        0.22117900000000001,
        1.3317539999999999,
        0.983049,
        0.830144
    ],
    [
        2.266116,
        2.1305500000000004,
        2.456098,
        0.694787,
        2.035911,
        2.847262,
        1.630074,
        2.022868,
        0.881818,
        2.5711019999999998,
        0.0,
        0.728888,
        0.567173,
        2.418544,
        0.385354,
        3.170081,
        2.752283,
        2.2187449999999997,
        2.3989879999999997,
        2.2986500000000003
    ],
    [
        3.02904,
        2.5626260000000003,
        2.8906590000000003,
        1.4236739999999999,
        2.4651080000000003,
        3.461205,
        2.358961,
        2.326448,
        1.280188,
        2.98584,
        0.728888,
        0.0,
        1.3188630000000001,
        2.942619,
        0.8885700000000001,
        3.753424,
        3.2001720000000002,
        2.546958,
        2.899445,
        2.74654
    ],
    [
        1.7229210000000001,
        2.056221,
        1.9287550000000002,
        0.151592,
        1.873078,
        2.304067,
        1.086879,
        2.055964,
        0.938254,
        2.344748,
        0.567173,
        1.3188630000000001,
        0.0,
        1.868454,
        0.640336,
        2.6199899999999996,
        2.604426,
        2.2011480000000003,
        1.848897,
        1.925744
    ],
    [
        0.203899,
        1.334701,
        0.107224,
        1.791825,
        0.8416910000000001,
        0.6483909999999999,
        0.7897390000000001,
        2.661105,
        2.001434,
        1.0262229999999999,
        2.418544,
        2.942619,
        1.868454,
        0.0,
        2.157849,
        0.945524,
        0.9952219999999999,
        2.3402559999999997,
        0.043174,
        0.239259
    ],
    [
        2.2359299999999998,
        1.769516,
        2.09755,
        0.774846,
        1.673653,
        2.6680949999999997,
        1.612864,
        1.7239280000000001,
        0.493356,
        2.192731,
        0.385354,
        0.8885700000000001,
        0.640336,
        2.157849,
        0.0,
        2.960314,
        2.407062,
        1.923358,
        2.106335,
        1.95343
    ],
    [
        1.00026,
        2.1455059999999997,
        0.883774,
        2.543361,
        1.652497,
        0.293193,
        1.57958,
        3.47191,
        2.812239,
        1.823788,
        3.170081,
        3.753424,
        2.6199899999999996,
        0.945524,
        2.960314,
        0.0,
        1.602609,
        3.032997,
        0.978143,
        1.068017
    ],
    [
        1.144141,
        0.667205,
        0.933472,
        2.527797,
        0.782701,
        1.4023109999999999,
        1.514625,
        1.986501,
        2.0218789999999998,
        0.22117900000000001,
        2.752283,
        3.2001720000000002,
        2.604426,
        0.9952219999999999,
        2.407062,
        1.602609,
        0.0,
        1.522772,
        0.937448,
        0.9502619999999999
    ],
    [
        2.485081,
        1.060145,
        2.28918,
        2.115071,
        1.491708,
        2.862768,
        2.1142420000000004,
        0.529609,
        1.500704,
        1.3317539999999999,
        2.2187449999999997,
        2.546958,
        2.2011480000000003,
        2.3402559999999997,
        1.923358,
        3.032997,
        1.522772,
        0.0,
        2.2973850000000002,
        2.14448
    ],
    [
        0.24707400000000002,
        1.2915260000000002,
        0.098309,
        1.772269,
        0.798517,
        0.6849500000000001,
        0.770182,
        2.61793,
        1.958259,
        0.983049,
        2.3989879999999997,
        2.899445,
        1.848897,
        0.043174,
        2.106335,
        0.978143,
        0.937448,
        2.2973850000000002,
        0.0,
        0.196085
    ],
    [
        0.405445,
        1.138622,
        0.188184,
        1.849115,
        0.645612,
        0.774824,
        0.847029,
        2.465026,
        1.805355,
        0.830144,
        2.2986500000000003,
        2.74654,
        1.925744,
        0.239259,
        1.95343,
        1.068017,
        0.9502619999999999,
        2.14448,
        0.196085,
        0.0
    ]
]