[
    [
        0.0,
        0.20263399999999998,
        0.736116,
        0.311362,
        0.7269220000000001,
        0.573628,
        1.982154,
        0.385958,
        0.821326,
        1.11301,
        0.177784,
        0.37062599999999996,
        1.4818330000000002,
        0.11540900000000001,
        0.25902,
        0.7851589999999999,
        0.618499,
        1.008914,
        3.137145,
        0.397957,
        1.078785,
        0.951816,
        1.020475,
        0.77527,
        2.084593,
        0.870623,
        0.079404,
        0.68521,
        0.263336,
        0.9146960000000001,
        0.072899,
        0.41582600000000003,
        1.202435,
        0.7168089999999999,
        0.12131,
        0.435939,
        1.03355,
        0.879531,
        0.93035,
        0.71297,
        1.898509,
        1.490429,
        1.097738,
        2.0481149999999997,
        2.277422,
        0.38451100000000005,
        0.37591399999999997,
        2.243167,
        0.439392,
        0.467935,
        0.455515,
        0.917971,
        1.116316,
        1.044366,
        0.44272100000000003,
        1.261732,
        0.6295839999999999,
        2.406122,
        2.852522,
        0.958725
    ],
    [
        0.20263399999999998,
        0.0,
        0.876696,
        0.42130700000000004,
        0.895127,
        0.582328,
        2.19017,
        0.187545,
        0.8300259999999999,
        0.940035,
        0.39571100000000003,
        0.480571,
        1.458531,
        0.193132,
        0.203239,
        0.612183,
        0.728444,
        1.25174,
        2.964169,
        0.343989,
        1.0874860000000002,
        0.9605159999999999,
        1.263301,
        0.602294,
        2.0932939999999998,
        0.879323,
        0.123229,
        0.693911,
        0.176976,
        0.74172,
        0.27344799999999997,
        1.287141,
        1.211136,
        0.829586,
        0.17906899999999998,
        0.44464,
        1.042251,
        0.888232,
        0.757374,
        0.867989,
        2.011285,
        1.499129,
        0.879512,
        2.256132,
        2.286123,
        0.211535,
        0.485859,
        2.451184,
        0.448092,
        0.476635,
        1.030151,
        1.125988,
        1.125016,
        1.2871920000000001,
        0.45142200000000005,
        1.3319960000000002,
        1.162251,
        2.614138,
        2.9652979999999998,
        0.967426
    ],
    [
        0.736116,
        0.876696,
        0.0,
        0.6409729999999999,
        0.066313,
        1.408198,
        1.36539,
        1.059705,
        1.0517940000000001,
        1.5768330000000002,
        0.632676,
        0.553339,
        0.871535,
        0.978249,
        1.0291089999999998,
        1.248981,
        0.386527,
        0.592096,
        3.6009670000000003,
        0.776288,
        0.8758830000000001,
        1.786386,
        0.603656,
        1.239093,
        2.9191640000000003,
        1.099,
        0.908346,
        1.2089729999999999,
        1.002846,
        1.3785180000000001,
        0.70831,
        0.6791710000000001,
        1.148282,
        0.299573,
        0.964185,
        1.27051,
        0.83957,
        1.107909,
        1.394172,
        0.104083,
        1.488539,
        1.237547,
        1.5709739999999999,
        1.431351,
        3.111993,
        0.873596,
        0.5210309999999999,
        1.626403,
        1.273963,
        1.3025060000000002,
        0.796747,
        0.301207,
        0.968895,
        0.627548,
        1.2772919999999999,
        0.844913,
        0.83609,
        1.789358,
        2.442552,
        1.251692
    ],
    [
        0.311362,
        0.42130700000000004,
        0.6409729999999999,
        0.0,
        0.64986,
        0.960503,
        1.947621,
        0.6120099999999999,
        1.208201,
        1.055321,
        0.198302,
        0.252541,
        1.444892,
        0.530553,
        0.581414,
        0.8012859999999999,
        0.500414,
        1.054331,
        3.181756,
        0.135316,
        1.3381189999999998,
        1.338691,
        1.065892,
        0.791397,
        2.471469,
        1.257498,
        0.46065100000000003,
        1.072086,
        0.555151,
        0.879716,
        0.23846299999999998,
        1.141406,
        1.589311,
        0.598724,
        0.51649,
        0.8228139999999999,
        1.301805,
        1.266406,
        0.946477,
        0.62628,
        1.780424,
        1.810904,
        1.123279,
        2.013583,
        2.6642979999999996,
        0.42590100000000003,
        0.06455200000000001,
        2.208635,
        0.8262670000000001,
        0.85481,
        0.832742,
        0.883439,
        1.503191,
        1.089783,
        0.829596,
        1.307149,
        1.298325,
        2.3715900000000003,
        2.734437,
        1.345601
    ],
    [
        0.7269220000000001,
        0.895127,
        0.066313,
        0.64986,
        0.0,
        1.42663,
        1.356195,
        1.078136,
        1.0426,
        1.5952639999999998,
        0.651107,
        0.57177,
        0.86234,
        0.9966799999999999,
        1.04754,
        1.267412,
        0.40495800000000004,
        0.582901,
        3.6193980000000003,
        0.7947190000000001,
        0.8666889999999999,
        1.804818,
        0.5944619999999999,
        1.2575239999999999,
        2.937595,
        1.089806,
        0.9267770000000001,
        1.199779,
        1.021277,
        1.3969500000000001,
        0.699116,
        0.6699769999999999,
        1.1390879999999999,
        0.318005,
        0.982617,
        1.2889410000000001,
        0.830375,
        1.098714,
        1.412603,
        0.122515,
        1.50697,
        1.228353,
        1.589405,
        1.422157,
        3.130424,
        0.892027,
        0.5394629999999999,
        1.617208,
        1.292394,
        1.3209369999999998,
        0.787552,
        0.29201299999999997,
        0.959701,
        0.6183529999999999,
        1.295723,
        0.8357190000000001,
        0.826896,
        1.780163,
        2.460983,
        1.242497
    ],
    [
        0.573628,
        0.582328,
        1.408198,
        0.960503,
        1.42663,
        0.0,
        2.4948180000000004,
        0.5830700000000001,
        0.660273,
        1.125582,
        1.007716,
        1.092576,
        1.260097,
        0.686603,
        0.400442,
        0.916786,
        1.340449,
        1.2731020000000002,
        2.590578,
        0.942006,
        0.9177329999999999,
        0.398192,
        1.1408070000000001,
        0.9068970000000001,
        1.530969,
        0.7095710000000001,
        0.6167,
        0.524158,
        0.411642,
        1.0463230000000001,
        0.667918,
        1.1173879999999998,
        1.012702,
        1.4415909999999998,
        0.473671,
        0.49306,
        0.872498,
        0.7184790000000001,
        0.9683339999999999,
        1.4134749999999998,
        2.62329,
        1.300695,
        0.544114,
        2.6715459999999998,
        1.723798,
        0.6150990000000001,
        1.097864,
        2.833391,
        0.24822999999999998,
        0.42674599999999996,
        0.725526,
        1.671473,
        0.9265829999999999,
        1.103724,
        0.244901,
        1.1622439999999998,
        0.9924980000000001,
        2.996346,
        3.436418,
        0.768992
    ],
    [
        1.982154,
        2.19017,
        1.36539,
        1.947621,
        1.356195,
        2.4948180000000004,
        0.0,
        2.37314,
        1.926512,
        2.888166,
        1.944009,
        1.864672,
        1.398384,
        2.289581,
        2.340442,
        2.560314,
        1.705827,
        1.646197,
        4.9123,
        2.087621,
        1.6615039999999999,
        2.775373,
        1.783458,
        2.550426,
        3.836122,
        1.904001,
        2.219679,
        2.046453,
        2.314179,
        2.689851,
        1.954348,
        1.858972,
        1.6563610000000002,
        1.53797,
        2.275518,
        2.294636,
        1.7142870000000001,
        1.8950930000000001,
        2.705505,
        1.4215920000000002,
        2.468255,
        1.7702950000000002,
        3.052142,
        0.335791,
        4.028951,
        2.184929,
        1.832364,
        0.463557,
        2.581792,
        2.3049470000000003,
        1.923602,
        1.250675,
        1.653853,
        1.8073489999999999,
        2.578463,
        1.638816,
        1.825366,
        0.626512,
        3.0494310000000002,
        1.7963019999999998
    ],
    [
        0.385958,
        0.187545,
        1.059705,
        0.6120099999999999,
        1.078136,
        0.5830700000000001,
        2.37314,
        0.0,
        0.823543,
        0.831106,
        0.586414,
        0.671273,
        1.452048,
        0.397583,
        0.19675499999999999,
        0.503255,
        0.919147,
        1.442443,
        2.812101,
        0.520704,
        1.081002,
        0.959596,
        1.304076,
        0.49336599999999997,
        2.091882,
        0.8728400000000001,
        0.32768,
        0.687427,
        0.17049199999999998,
        0.632792,
        0.458896,
        1.280657,
        1.204652,
        1.020288,
        0.334466,
        0.438156,
        1.035767,
        0.8817480000000001,
        0.648445,
        1.058692,
        2.2019879999999996,
        1.492646,
        0.7325069999999999,
        2.446834,
        2.2847109999999997,
        0.193796,
        0.676562,
        2.641886,
        0.47457900000000003,
        0.470152,
        0.888795,
        1.3166900000000001,
        1.118533,
        1.266994,
        0.477909,
        1.325513,
        1.155767,
        2.8048409999999997,
        3.0228870000000003,
        0.960942
    ],
    [
        0.821326,
        0.8300259999999999,
        1.0517940000000001,
        1.208201,
        1.0426,
        0.660273,
        1.926512,
        0.823543,
        0.0,
        1.405638,
        0.807087,
        0.891946,
        0.7063200000000001,
        0.552493,
        0.492333,
        1.0777860000000001,
        1.139819,
        0.612829,
        3.271191,
        0.79662,
        0.257459,
        0.945416,
        0.480534,
        1.067898,
        2.05975,
        0.275752,
        0.48258999999999996,
        0.182203,
        0.5185960000000001,
        1.207324,
        0.51044,
        0.45711399999999996,
        0.44601100000000005,
        1.270634,
        0.354622,
        0.293572,
        0.212224,
        0.28466,
        1.222977,
        1.0782550000000002,
        2.4595990000000003,
        0.746918,
        1.2133150000000001,
        2.095202,
        2.2525790000000003,
        0.677139,
        0.897235,
        2.257047,
        0.742965,
        0.442611,
        0.177574,
        1.057405,
        0.275671,
        0.44345100000000004,
        0.739636,
        0.50197,
        0.33222500000000005,
        2.420001,
        3.413612,
        0.38345100000000004
    ],
    [
        1.11301,
        0.940035,
        1.5768330000000002,
        1.055321,
        1.5952639999999998,
        1.125582,
        2.888166,
        0.831106,
        1.405638,
        0.0,
        1.117334,
        1.189396,
        2.188004,
        1.104504,
        0.9478260000000001,
        0.328847,
        1.43727,
        1.973363,
        2.1962539999999997,
        0.909873,
        1.816959,
        1.333254,
        1.984923,
        0.338736,
        2.2384459999999997,
        1.608797,
        1.034601,
        1.423384,
        0.921563,
        0.198315,
        1.157495,
        2.016614,
        1.940609,
        1.53558,
        1.085537,
        1.190859,
        1.7717239999999999,
        1.617705,
        0.183656,
        1.5631359999999999,
        2.102663,
        2.228602,
        0.9615349999999999,
        2.977754,
        2.4312750000000003,
        0.8108500000000001,
        1.08804,
        3.172806,
        1.0170919999999999,
        1.2061089999999999,
        1.624752,
        1.84761,
        1.85449,
        2.0029500000000002,
        1.020421,
        2.06147,
        1.891724,
        3.33576,
        2.482922,
        1.696899
    ],
    [
        0.177784,
        0.39571100000000003,
        0.632676,
        0.198302,
        0.651107,
        1.007716,
        1.944009,
        0.586414,
        0.807087,
        1.117334,
        0.0,
        0.244244,
        1.448104,
        0.500904,
        0.551765,
        0.784434,
        0.492117,
        1.013312,
        3.13642,
        0.33361799999999997,
        1.297099,
        1.3090419999999998,
        1.024872,
        0.7745449999999999,
        2.4418200000000003,
        1.227849,
        0.431002,
        1.0424369999999998,
        0.5255019999999999,
        0.913971,
        0.104885,
        1.100387,
        1.559661,
        0.590428,
        0.486841,
        0.793166,
        1.260785,
        1.236758,
        0.929625,
        0.6295599999999999,
        1.772127,
        1.814116,
        1.09363,
        2.017703,
        2.634649,
        0.396252,
        0.262854,
        2.212755,
        0.796618,
        0.8251609999999999,
        0.7917219999999999,
        0.887559,
        1.473542,
        1.0487639999999998,
        0.799948,
        1.2661289999999998,
        1.257306,
        2.3757089999999996,
        2.72614,
        1.315952
    ],
    [
        0.37062599999999996,
        0.480571,
        0.553339,
        0.252541,
        0.57177,
        1.092576,
        1.864672,
        0.671273,
        0.891946,
        1.189396,
        0.244244,
        0.0,
        1.357258,
        0.589817,
        0.640677,
        0.860549,
        0.24787299999999998,
        0.96153,
        3.212535,
        0.387856,
        1.245318,
        1.3979549999999998,
        0.973091,
        0.8506609999999999,
        2.530241,
        1.316762,
        0.519914,
        1.131349,
        0.614414,
        0.9900869999999999,
        0.29772699999999996,
        1.048606,
        1.634915,
        0.47306099999999995,
        0.575754,
        0.882078,
        1.209004,
        1.3256700000000001,
        1.00574,
        0.5386470000000001,
        1.553124,
        1.723271,
        1.182542,
        1.9259490000000001,
        2.7230700000000003,
        0.485164,
        0.04972699999999999,
        2.121001,
        0.885531,
        0.9140739999999999,
        0.7399410000000001,
        0.795805,
        1.33833,
        0.9969819999999999,
        0.88886,
        1.214348,
        1.2055250000000002,
        2.2839560000000003,
        2.507136,
        1.4048640000000001
    ],
    [
        1.4818330000000002,
        1.458531,
        0.871535,
        1.444892,
        0.86234,
        1.260097,
        1.398384,
        1.452048,
        0.7063200000000001,
        2.188004,
        1.448104,
        1.357258,
        0.0,
        1.2588130000000002,
        1.257032,
        1.867232,
        1.206337,
        0.503437,
        3.6657159999999998,
        1.588132,
        0.484196,
        1.3935250000000001,
        0.656124,
        1.857343,
        2.454274,
        0.674156,
        1.188911,
        0.805434,
        1.268232,
        1.996769,
        1.216761,
        0.8229890000000001,
        0.27451400000000004,
        1.137337,
        1.060943,
        1.053618,
        0.58702,
        0.6652480000000001,
        2.012423,
        0.941847,
        2.326302,
        0.342011,
        1.7789190000000001,
        1.584531,
        2.6471039999999997,
        1.471689,
        1.332875,
        1.746375,
        1.340773,
        1.0639280000000002,
        0.70341,
        0.844094,
        0.43065,
        0.809326,
        1.3374439999999999,
        0.461508,
        0.698099,
        1.908481,
        3.280316,
        0.566457
    ],
    [
        0.11540900000000001,
        0.193132,
        0.978249,
        0.530553,
        0.9966799999999999,
        0.686603,
        2.289581,
        0.397583,
        0.552493,
        1.104504,
        0.500904,
        0.589817,
        1.2588130000000002,
        0.0,
        0.484009,
        0.716678,
        0.595293,
        1.1185889999999998,
        3.068664,
        0.282548,
        1.3682560000000001,
        1.241287,
        1.1301489999999998,
        0.7067899999999999,
        2.3740639999999997,
        1.160094,
        0.36324599999999996,
        0.974681,
        0.457746,
        0.846216,
        0.302721,
        1.205664,
        1.491906,
        0.696434,
        0.419086,
        0.72541,
        1.323021,
        1.1690019999999999,
        0.861869,
        0.734838,
        1.878134,
        1.7799,
        1.025874,
        2.12298,
        2.566893,
        0.32849599999999995,
        0.352708,
        2.318032,
        0.728863,
        0.7574059999999999,
        0.896999,
        0.992836,
        1.4057870000000001,
        1.1540409999999999,
        0.732192,
        1.371406,
        1.362583,
        2.4809870000000003,
        2.832147,
        1.2481959999999999
    ],
    [
        0.25902,
        0.203239,
        1.0291089999999998,
        0.581414,
        1.04754,
        0.400442,
        2.340442,
        0.19675499999999999,
        0.492333,
        0.9478260000000001,
        0.551765,
        0.640677,
        1.257032,
        0.484009,
        0.0,
        0.625263,
        0.9550700000000001,
        1.239616,
        2.9683159999999997,
        0.556627,
        0.884247,
        0.7572770000000001,
        1.107321,
        0.615374,
        1.890055,
        0.6760839999999999,
        0.231321,
        0.49067200000000005,
        0.026263,
        0.7547999999999999,
        0.33195800000000003,
        1.083901,
        1.007897,
        1.056212,
        0.137711,
        0.241401,
        0.839012,
        0.6849930000000001,
        0.770454,
        1.028096,
        2.237911,
        1.2958900000000002,
        0.9032,
        2.416238,
        2.082884,
        0.22972,
        0.712485,
        2.61129,
        0.24485300000000002,
        0.27339600000000003,
        0.692039,
        1.286094,
        0.9217770000000001,
        1.070238,
        0.248183,
        1.128757,
        0.959012,
        2.774245,
        3.1919239999999998,
        0.7641870000000001
    ],
    [
        0.7851589999999999,
        0.612183,
        1.248981,
        0.8012859999999999,
        1.267412,
        0.916786,
        2.560314,
        0.503255,
        1.0777860000000001,
        0.328847,
        0.784434,
        0.860549,
        1.867232,
        0.716678,
        0.625263,
        0.0,
        1.108423,
        1.644516,
        2.3519859999999997,
        0.7274489999999999,
        1.509509,
        1.1855930000000001,
        1.656076,
        0.009888999999999998,
        2.383496,
        1.301347,
        0.705754,
        1.115935,
        0.599,
        0.129537,
        0.828648,
        1.709165,
        1.6331600000000002,
        1.206733,
        0.762974,
        0.866664,
        1.464275,
        1.3102550000000002,
        0.14519100000000001,
        1.234289,
        2.139373,
        1.921153,
        0.813874,
        2.6489070000000003,
        2.5763249999999998,
        0.504316,
        0.8632219999999999,
        2.843959,
        0.808295,
        0.898659,
        1.317302,
        1.5187629999999999,
        1.54704,
        1.6799680000000001,
        0.811625,
        1.75402,
        1.584275,
        3.006914,
        2.519632,
        1.38945
    ],
    [
        0.618499,
        0.728444,
        0.386527,
        0.500414,
        0.40495800000000004,
        1.340449,
        1.705827,
        0.919147,
        1.139819,
        1.43727,
        0.492117,
        0.24787299999999998,
        1.206337,
        0.595293,
        0.9550700000000001,
        1.108423,
        0.0,
        0.918962,
        3.4604090000000003,
        0.63573,
        1.20275,
        1.645828,
        0.930523,
        1.0985340000000001,
        2.778605,
        1.425867,
        0.767787,
        1.5358399999999999,
        0.862287,
        1.23796,
        0.5456,
        1.006038,
        1.4751489999999998,
        0.254478,
        0.823627,
        1.129951,
        1.166436,
        1.434776,
        1.253614,
        0.37182299999999996,
        1.33454,
        1.56797,
        1.430416,
        1.767093,
        2.971435,
        0.733037,
        0.17859,
        1.962144,
        1.133404,
        1.1619469999999998,
        1.015326,
        0.636948,
        1.2957619999999999,
        0.954414,
        1.136733,
        1.17178,
        1.162957,
        2.125099,
        2.288553,
        1.578559
    ],
    [
        1.008914,
        1.25174,
        0.592096,
        1.054331,
        0.582901,
        1.2731020000000002,
        1.646197,
        1.442443,
        0.612829,
        1.973363,
        1.013312,
        0.96153,
        0.503437,
        1.1185889999999998,
        1.239616,
        1.644516,
        0.918962,
        0.0,
        3.869703,
        1.1772529999999999,
        0.43691800000000003,
        1.5439280000000002,
        0.164691,
        1.627401,
        2.658262,
        0.6600349999999999,
        1.0954190000000001,
        0.770008,
        1.131425,
        1.766826,
        0.973881,
        0.240205,
        0.70027,
        0.818453,
        0.9674510000000001,
        0.9064009999999999,
        0.40060399999999996,
        0.668943,
        1.78248,
        0.6260739999999999,
        2.007418,
        0.8181280000000001,
        1.811827,
        1.82802,
        2.851092,
        1.249107,
        0.9219959999999999,
        1.989864,
        1.3414780000000002,
        1.041123,
        0.354965,
        0.600778,
        0.5299299999999999,
        0.188582,
        1.338148,
        0.22754,
        0.397125,
        2.152819,
        2.961431,
        0.721972
    ],
    [
        3.137145,
        2.964169,
        3.6009670000000003,
        3.181756,
        3.6193980000000003,
        2.590578,
        4.9123,
        2.812101,
        3.271191,
        2.1962539999999997,
        3.13642,
        3.212535,
        3.6657159999999998,
        3.068664,
        2.9683159999999997,
        2.3519859999999997,
        3.4604090000000003,
        3.869703,
        0.0,
        3.036309,
        3.564736,
        2.4034079999999998,
        3.78781,
        2.361874,
        1.5351510000000002,
        3.282295,
        3.05774,
        3.171162,
        2.943685,
        2.32475,
        3.180634,
        3.7643910000000003,
        3.494283,
        3.558719,
        3.107659,
        3.2113490000000002,
        3.519501,
        3.291204,
        2.206795,
        3.5861370000000004,
        3.806783,
        3.749587,
        2.141687,
        5.000893,
        1.4685979999999998,
        2.83134,
        3.215208,
        5.195945,
        2.728055,
        3.073749,
        3.372529,
        3.870749,
        3.4926329999999997,
        3.750728,
        2.7313850000000004,
        3.809247,
        3.639501,
        5.358899,
        4.046172,
        3.335042
    ],
    [
        0.397957,
        0.343989,
        0.776288,
        0.135316,
        0.7947190000000001,
        0.942006,
        2.087621,
        0.520704,
        0.79662,
        0.909873,
        0.33361799999999997,
        0.387856,
        1.588132,
        0.282548,
        0.556627,
        0.7274489999999999,
        0.63573,
        1.1772529999999999,
        3.036309,
        0.0,
        1.440874,
        1.313904,
        1.2012070000000001,
        0.737195,
        2.4466819999999996,
        1.2327110000000001,
        0.424588,
        1.047299,
        0.5303640000000001,
        0.753903,
        0.373779,
        1.276722,
        1.5645239999999998,
        0.7340399999999999,
        0.48042700000000005,
        0.7980280000000001,
        1.3956389999999999,
        1.24162,
        0.89227,
        0.761596,
        1.915739,
        1.852517,
        1.031973,
        2.1488989999999997,
        2.639511,
        0.334594,
        0.187669,
        2.34395,
        0.80148,
        0.8300230000000001,
        0.9680570000000001,
        1.018754,
        1.478404,
        1.225099,
        0.8048099999999999,
        1.442464,
        1.4336410000000002,
        2.506905,
        2.869752,
        1.3208140000000002
    ],
    [
        1.078785,
        1.0874860000000002,
        0.8758830000000001,
        1.3381189999999998,
        0.8666889999999999,
        0.9177329999999999,
        1.6615039999999999,
        1.081002,
        0.257459,
        1.816959,
        1.297099,
        1.245318,
        0.484196,
        1.3682560000000001,
        0.884247,
        1.509509,
        1.20275,
        0.43691800000000003,
        3.564736,
        1.440874,
        0.0,
        1.188559,
        0.304623,
        1.325357,
        2.302893,
        0.304666,
        0.74005,
        0.41463799999999995,
        0.7760560000000001,
        1.464783,
        0.7679,
        0.281204,
        0.334982,
        1.094723,
        0.612082,
        0.5510320000000001,
        0.045235,
        0.313574,
        1.480437,
        0.9023450000000001,
        2.283688,
        0.63589,
        1.456458,
        1.830195,
        2.495722,
        0.9345979999999999,
        1.1546939999999999,
        1.992039,
        0.986108,
        0.685754,
        0.254549,
        0.881495,
        0.174561,
        0.267541,
        0.982779,
        0.316453,
        0.15631399999999998,
        2.1549940000000003,
        3.237702,
        0.366603
    ],
    [
        0.951816,
        0.9605159999999999,
        1.786386,
        1.338691,
        1.804818,
        0.398192,
        2.775373,
        0.959596,
        0.945416,
        1.333254,
        1.3090419999999998,
        1.3979549999999998,
        1.3935250000000001,
        1.241287,
        0.7572770000000001,
        1.1855930000000001,
        1.645828,
        1.5439280000000002,
        2.4034079999999998,
        1.313904,
        1.188559,
        0.0,
        1.417022,
        1.1757039999999999,
        1.146954,
        0.9857859999999999,
        0.994888,
        0.800373,
        0.78983,
        1.3151300000000001,
        1.046107,
        1.3936030000000001,
        1.17708,
        1.819779,
        0.851859,
        0.838625,
        1.1487129999999999,
        0.994694,
        1.0542850000000001,
        1.791663,
        3.001478,
        1.432384,
        0.385394,
        2.920394,
        1.339783,
        0.993287,
        1.476052,
        3.082238,
        0.679134,
        0.7029610000000001,
        1.001741,
        2.1584749999999997,
        1.17543,
        1.37994,
        0.675805,
        1.4384590000000002,
        1.268713,
        3.245193,
        3.472534,
        1.0178390000000002
    ],
    [
        1.020475,
        1.263301,
        0.603656,
        1.065892,
        0.5944619999999999,
        1.1408070000000001,
        1.783458,
        1.304076,
        0.480534,
        1.984923,
        1.024872,
        0.973091,
        0.656124,
        1.1301489999999998,
        1.107321,
        1.656076,
        0.930523,
        0.164691,
        3.78781,
        1.2012070000000001,
        0.304623,
        1.417022,
        0.0,
        1.548432,
        2.5259679999999998,
        0.52774,
        0.963124,
        0.637713,
        0.99913,
        1.687857,
        0.9779249999999999,
        0.107911,
        0.567975,
        0.822496,
        0.8351559999999999,
        0.774106,
        0.268309,
        0.536648,
        1.703511,
        0.6301169999999999,
        2.011462,
        0.8688830000000001,
        1.679532,
        1.8774819999999999,
        2.718797,
        1.157673,
        0.92604,
        2.072534,
        1.209183,
        0.908828,
        0.22266999999999998,
        0.609267,
        0.397635,
        0.056287,
        1.205853,
        0.27365300000000004,
        0.26483,
        2.235489,
        2.965475,
        0.589677
    ],
    [
        0.77527,
        0.602294,
        1.239093,
        0.791397,
        1.2575239999999999,
        0.9068970000000001,
        2.550426,
        0.49336599999999997,
        1.067898,
        0.338736,
        0.7745449999999999,
        0.8506609999999999,
        1.857343,
        0.7067899999999999,
        0.615374,
        0.009888999999999998,
        1.0985340000000001,
        1.627401,
        2.361874,
        0.737195,
        1.325357,
        1.1757039999999999,
        1.548432,
        0.0,
        2.3933850000000003,
        1.2914590000000001,
        0.695866,
        1.106046,
        0.5891109999999999,
        0.139426,
        0.81876,
        1.699276,
        1.623271,
        1.196844,
        0.753085,
        0.856775,
        1.454386,
        1.300367,
        0.155079,
        1.2244000000000002,
        2.1492620000000002,
        1.9112639999999999,
        0.8039850000000001,
        2.639019,
        2.586214,
        0.494427,
        0.853333,
        2.834071,
        0.7984070000000001,
        0.888771,
        1.307414,
        1.508874,
        1.537152,
        1.6700789999999999,
        0.801736,
        1.744132,
        1.574386,
        2.9970250000000003,
        2.5295210000000004,
        1.3795609999999998
    ],
    [
        2.084593,
        2.0932939999999998,
        2.9191640000000003,
        2.471469,
        2.937595,
        1.530969,
        3.836122,
        2.091882,
        2.05975,
        2.2384459999999997,
        2.4418200000000003,
        2.530241,
        2.454274,
        2.3740639999999997,
        1.890055,
        2.383496,
        2.778605,
        2.658262,
        1.5351510000000002,
        2.4466819999999996,
        2.302893,
        1.146954,
        2.5259679999999998,
        2.3933850000000003,
        0.0,
        2.1286129999999996,
        2.214376,
        2.0174790000000002,
        2.009318,
        2.44297,
        2.265594,
        2.610709,
        2.340601,
        3.039266,
        2.071346,
        2.05573,
        2.365819,
        2.137521,
        2.325016,
        3.01115,
        4.342441,
        2.595904,
        1.604881,
        4.083914,
        0.208125,
        2.212774,
        2.69554,
        4.2457579999999995,
        1.896239,
        1.920067,
        2.2188470000000002,
        3.321996,
        2.3389510000000002,
        2.597045,
        1.89291,
        2.655565,
        2.485819,
        4.408713,
        4.581831,
        2.18136
    ],
    [
        0.870623,
        0.879323,
        1.099,
        1.257498,
        1.089806,
        0.7095710000000001,
        1.904001,
        0.8728400000000001,
        0.275752,
        1.608797,
        1.227849,
        1.316762,
        0.674156,
        1.160094,
        0.6760839999999999,
        1.301347,
        1.425867,
        0.6600349999999999,
        3.282295,
        1.2327110000000001,
        0.304666,
        0.9857859999999999,
        0.52774,
        1.2914590000000001,
        2.1286129999999996,
        0.0,
        0.737115,
        0.224487,
        0.6872849999999999,
        1.415822,
        0.764965,
        0.504321,
        0.41384699999999996,
        1.31784,
        0.609147,
        0.47267000000000003,
        0.25943099999999997,
        0.008908,
        1.4314749999999998,
        1.125462,
        2.506806,
        0.721511,
        1.253685,
        2.072692,
        2.223832,
        0.890741,
        1.15176,
        2.234536,
        0.783335,
        0.482981,
        0.272842,
        1.1046120000000001,
        0.327728,
        0.49065800000000004,
        0.780006,
        0.549177,
        0.37943099999999996,
        2.397491,
        3.460819,
        0.107699
    ],
    [
        0.079404,
        0.123229,
        0.908346,
        0.46065100000000003,
        0.9267770000000001,
        0.6167,
        2.219679,
        0.32768,
        0.48258999999999996,
        1.034601,
        0.431002,
        0.519914,
        1.188911,
        0.36324599999999996,
        0.231321,
        0.705754,
        0.767787,
        1.0954190000000001,
        3.05774,
        0.424588,
        0.74005,
        0.994888,
        0.963124,
        0.695866,
        2.214376,
        0.737115,
        0.0,
        0.7219930000000001,
        0.205058,
        0.835292,
        0.260777,
        1.275566,
        1.2392180000000002,
        0.7663369999999999,
        0.166398,
        0.472722,
        1.070333,
        0.916314,
        0.8509450000000001,
        0.80474,
        1.948036,
        1.527212,
        1.019647,
        2.1928829999999997,
        2.314205,
        0.305107,
        0.42261000000000004,
        2.387934,
        0.476175,
        0.504718,
        0.966902,
        1.062739,
        1.1530989999999999,
        1.223943,
        0.47950400000000004,
        1.360079,
        1.190333,
        2.550889,
        2.902049,
        0.9955080000000001
    ],
    [
        0.68521,
        0.693911,
        1.2089729999999999,
        1.072086,
        1.199779,
        0.524158,
        2.046453,
        0.687427,
        0.182203,
        1.423384,
        1.0424369999999998,
        1.131349,
        0.805434,
        0.974681,
        0.49067200000000005,
        1.115935,
        1.5358399999999999,
        0.770008,
        3.171162,
        1.047299,
        0.41463799999999995,
        0.800373,
        0.637713,
        1.106046,
        2.0174790000000002,
        0.224487,
        0.7219930000000001,
        0.0,
        0.501872,
        1.230409,
        0.6535420000000001,
        0.614293,
        0.556299,
        1.384063,
        0.497724,
        0.28725799999999996,
        0.36940300000000004,
        0.23339500000000002,
        1.2460630000000001,
        1.235434,
        2.5657620000000003,
        0.844292,
        1.0682719999999999,
        2.2151439999999996,
        2.1075369999999998,
        0.705329,
        1.040337,
        2.376988,
        0.5979220000000001,
        0.297568,
        0.369919,
        1.214584,
        0.47018,
        0.60063,
        0.5945929999999999,
        0.659149,
        0.489404,
        2.539943,
        3.519775,
        0.312589
    ],
    [
        0.263336,
        0.176976,
        1.002846,
        0.555151,
        1.021277,
        0.411642,
        2.314179,
        0.17049199999999998,
        0.5185960000000001,
        0.921563,
        0.5255019999999999,
        0.614414,
        1.268232,
        0.457746,
        0.026263,
        0.599,
        0.862287,
        1.131425,
        2.943685,
        0.5303640000000001,
        0.7760560000000001,
        0.78983,
        0.99913,
        0.5891109999999999,
        2.009318,
        0.6872849999999999,
        0.205058,
        0.501872,
        0.0,
        0.728537,
        0.336274,
        1.110165,
        1.0341600000000002,
        1.029948,
        0.16397399999999998,
        0.267664,
        0.865275,
        0.711256,
        0.74419,
        1.001832,
        2.2116480000000003,
        1.322154,
        0.862459,
        2.3899749999999997,
        2.109147,
        0.203456,
        0.686222,
        2.585027,
        0.271117,
        0.29966000000000004,
        0.718303,
        1.259831,
        0.948041,
        1.0965019999999999,
        0.274446,
        1.1550209999999999,
        0.985275,
        2.7479810000000002,
        3.165661,
        0.7904500000000001
    ],
    [
        0.9146960000000001,
        0.74172,
        1.3785180000000001,
        0.879716,
        1.3969500000000001,
        1.0463230000000001,
        2.689851,
        0.632792,
        1.207324,
        0.198315,
        0.913971,
        0.9900869999999999,
        1.996769,
        0.846216,
        0.7547999999999999,
        0.129537,
        1.23796,
        1.766826,
        2.32475,
        0.753903,
        1.464783,
        1.3151300000000001,
        1.687857,
        0.139426,
        2.44297,
        1.415822,
        0.835292,
        1.230409,
        0.728537,
        0.0,
        0.958185,
        1.838702,
        1.762697,
        1.33627,
        0.8925109999999999,
        0.996201,
        1.593812,
        1.4397929999999999,
        0.161077,
        1.363826,
        2.009836,
        2.05069,
        0.816207,
        2.778445,
        2.549089,
        0.633853,
        0.912436,
        2.973496,
        0.937832,
        1.0281959999999999,
        1.446839,
        1.6482999999999999,
        1.676577,
        1.8095050000000001,
        0.941162,
        1.883557,
        1.713812,
        3.136451,
        2.3900949999999996,
        1.518987
    ],
    [
        0.072899,
        0.27344799999999997,
        0.70831,
        0.23846299999999998,
        0.699116,
        0.667918,
        1.954348,
        0.458896,
        0.51044,
        1.157495,
        0.104885,
        0.29772699999999996,
        1.216761,
        0.302721,
        0.33195800000000003,
        0.828648,
        0.5456,
        0.973881,
        3.180634,
        0.373779,
        0.7679,
        1.046107,
        0.9779249999999999,
        0.81876,
        2.265594,
        0.764965,
        0.260777,
        0.6535420000000001,
        0.336274,
        0.958185,
        0.0,
        0.38802,
        1.275373,
        0.64391,
        0.194248,
        0.508877,
        1.1064880000000001,
        0.952469,
        0.9697859999999999,
        0.685163,
        1.82561,
        1.563367,
        1.133791,
        2.020309,
        2.3503600000000002,
        0.436413,
        0.303015,
        2.2153609999999997,
        0.5123300000000001,
        0.540873,
        0.427709,
        0.890165,
        1.1892539999999998,
        1.01656,
        0.515659,
        1.2339259999999999,
        0.601778,
        2.378316,
        2.779623,
        1.031663
    ],
    [
        0.41582600000000003,
        1.287141,
        0.6791710000000001,
        1.141406,
        0.6699769999999999,
        1.1173879999999998,
        1.858972,
        1.280657,
        0.45711399999999996,
        2.016614,
        1.100387,
        1.048606,
        0.8229890000000001,
        1.205664,
        1.083901,
        1.709165,
        1.006038,
        0.240205,
        3.7643910000000003,
        1.276722,
        0.281204,
        1.3936030000000001,
        0.107911,
        1.699276,
        2.610709,
        0.504321,
        1.275566,
        0.614293,
        1.110165,
        1.838702,
        0.38802,
        0.0,
        0.544556,
        0.898011,
        0.8117369999999999,
        0.750687,
        0.24489,
        0.513229,
        1.6800920000000001,
        0.7056319999999999,
        2.086976,
        0.845463,
        1.656113,
        1.9529960000000002,
        2.695377,
        1.134253,
        1.001554,
        2.1480479999999997,
        1.185763,
        0.885409,
        0.186679,
        0.684782,
        0.37421499999999996,
        0.070828,
        1.182434,
        0.329024,
        0.24140999999999999,
        2.3110030000000004,
        3.040989,
        0.5662569999999999
    ],
    [
        1.202435,
        1.211136,
        1.148282,
        1.589311,
        1.1390879999999999,
        1.012702,
        1.6563610000000002,
        1.204652,
        0.44601100000000005,
        1.940609,
        1.559661,
        1.634915,
        0.27451400000000004,
        1.491906,
        1.007897,
        1.6331600000000002,
        1.4751489999999998,
        0.70027,
        3.494283,
        1.5645239999999998,
        0.334982,
