[
    [
        0.0,
        3.8761509999999997,
        1.5886859999999998,
        3.204649,
        1.509023,
        1.4684780000000002,
        3.9344720000000004,
        2.101828,
        3.824426,
        3.029103,
        4.820854000000001,
        3.619156,
        4.107405,
        5.033367,
        0.8946459999999999,
        3.0770720000000003,
        2.567947,
        3.262667,
        3.058987,
        1.305415
    ],
    [
        3.8761509999999997,
        0.0,
        3.055994,
        1.322192,
        2.9937139999999998,
        3.047389,
        0.766397,
        2.625621,
        0.10837300000000001,
        1.389612,
        1.57214,
        0.25699500000000003,
        0.86612,
        1.770704,
        3.4021709999999996,
        1.0127190000000001,
        2.709015,
        3.231019,
        2.646312,
        3.1731930000000004
    ],
    [
        1.5886859999999998,
        3.055994,
        0.0,
        1.844999,
        0.24956899999999999,
        0.147563,
        2.684353,
        0.513141,
        2.916389,
        1.669453,
        3.8350459999999997,
        2.711119,
        2.7679560000000003,
        3.686051,
        0.848639,
        2.073816,
        1.3371389999999999,
        2.031859,
        1.828179,
        0.422089
    ],
    [
        3.204649,
        1.322192,
        1.844999,
        0.0,
        1.8516199999999998,
        1.905294,
        1.07165,
        1.449153,
        1.1826869999999998,
        0.191727,
        2.266362,
        0.977417,
        1.244583,
        2.174589,
        2.70979,
        0.298276,
        1.5097909999999999,
        2.0317950000000002,
        1.447088,
        2.0310989999999998
    ],
    [
        1.509023,
        2.9937139999999998,
        0.24956899999999999,
        1.8516199999999998,
        0.0,
        0.102006,
        2.706203,
        0.762711,
        2.938239,
        1.691303,
        3.9274009999999997,
        2.732969,
        2.789806,
        3.7079009999999997,
        0.782768,
        2.095666,
        1.1589690000000001,
        1.8536890000000001,
        1.650009,
        0.279524
    ],
    [
        1.4684780000000002,
        3.047389,
        0.147563,
        1.905294,
        0.102006,
        0.0,
        2.759877,
        0.660704,
        2.991913,
        1.744977,
        4.092859,
        2.786643,
        2.84348,
        3.7615749999999997,
        0.7193999999999999,
        2.14934,
        1.2126430000000001,
        1.907364,
        1.703684,
        0.274526
    ],
    [
        3.9344720000000004,
        0.766397,
        2.684353,
        1.07165,
        2.706203,
        2.759877,
        0.0,
        2.315522,
        0.716056,
        1.272262,
        2.28105,
        0.834092,
        0.16719499999999998,
        1.1573769999999999,
        3.439613,
        1.050589,
        2.1663330000000003,
        2.688337,
        2.10363,
        2.878891
    ],
    [
        2.101828,
        2.625621,
        0.513141,
        1.449153,
        0.762711,
        0.660704,
        2.315522,
        0.0,
        2.520543,
        1.273607,
        3.4669760000000003,
        2.3152730000000004,
        2.390687,
        3.3087820000000003,
        1.36178,
        1.67797,
        0.95987,
        1.65459,
        1.4509100000000001,
        0.935231
    ],
    [
        3.824426,
        0.10837300000000001,
        2.916389,
        1.1826869999999998,
        2.938239,
        2.991913,
        0.716056,
        2.520543,
        0.0,
        1.337887,
        1.621642,
        0.20527,
        0.838486,
        1.7437349999999998,
        3.350446,
        0.960994,
        2.65729,
        3.179294,
        2.594587,
        3.1214679999999997
    ],
    [
        3.029103,
        1.389612,
        1.669453,
        0.191727,
        1.691303,
        1.744977,
        1.272262,
        1.273607,
        1.337887,
        0.0,
        2.306598,
        1.0835039999999998,
        1.42964,
        2.359645,
        2.534243,
        0.404363,
        1.396487,
        1.918491,
        1.333784,
        1.855553
    ],
    [
        4.820854000000001,
        1.57214,
        3.8350459999999997,
        2.266362,
        3.9274009999999997,
        4.092859,
        2.28105,
        3.4669760000000003,
        1.621642,
        2.306598,
        0.0,
        1.551661,
        2.356986,
        3.2615700000000003,
        4.162421,
        2.004108,
        3.641673,
        4.163677,
        3.57897,
        4.338363
    ],
    [
        3.619156,
        0.25699500000000003,
        2.711119,
        0.977417,
        2.732969,
        2.786643,
        0.834092,
        2.3152730000000004,
        0.20527,
        1.0835039999999998,
        1.551661,
        0.0,
        0.932431,
        1.837015,
        3.09447,
        0.705447,
        2.548013,
        3.070017,
        2.48531,
        2.865492
    ],
    [
        4.107405,
        0.86612,
        2.7679560000000003,
        1.244583,
        2.789806,
        2.84348,
        0.16719499999999998,
        2.390687,
        0.838486,
        1.42964,
        2.356986,
        0.932431,
        0.0,
        1.048378,
        3.611785,
        1.222762,
        2.23456,
        2.756564,
        2.171857,
        2.962495
    ],
    [
        5.033367,
        1.770704,
        3.686051,
        2.174589,
        3.7079009999999997,
        3.7615749999999997,
        1.1573769999999999,
        3.3087820000000003,
        1.7437349999999998,
        2.359645,
        3.2615700000000003,
        1.837015,
        1.048378,
        0.0,
        4.385562,
        2.233899,
        3.154384,
        3.676387,
        3.0916799999999998,
        3.8799740000000003
    ],
    [
        0.8946459999999999,
        3.4021709999999996,
        0.848639,
        2.70979,
        0.782768,
        0.7193999999999999,
        3.439613,
        1.36178,
        3.350446,
        2.534243,
        4.162421,
        3.09447,
        3.611785,
        4.385562,
        0.0,
        2.5557109999999996,
        1.912654,
        2.6073739999999996,
        2.4036939999999998,
        0.650122
    ],
    [
        3.0770720000000003,
        1.0127190000000001,
        2.073816,
        0.298276,
        2.095666,
        2.14934,
        1.050589,
        1.67797,
        0.960994,
        0.404363,
        2.004108,
        0.705447,
        1.222762,
        2.233899,
        2.5557109999999996,
        0.0,
        1.796488,
        2.318492,
        1.7337850000000001,
        2.353235
    ],
    [
        2.567947,
        2.709015,
        1.3371389999999999,
        1.5097909999999999,
        1.1589690000000001,
        1.2126430000000001,
        2.1663330000000003,
        0.95987,
        2.65729,
        1.396487,
        3.641673,
        2.548013,
        2.23456,
        3.154384,
        1.912654,
        1.796488,
        0.0,
        0.694721,
        0.49104000000000003,
        1.226968
    ],
    [
        3.262667,
        3.231019,
        2.031859,
        2.0317950000000002,
        1.8536890000000001,
        1.907364,
        2.688337,
        1.65459,
        3.179294,
        1.918491,
        4.163677,
        3.070017,
        2.756564,
        3.676387,
        2.6073739999999996,
        2.318492,
        0.694721,
        0.0,
        0.5847060000000001,
        1.942663
    ],
    [
        3.058987,
        2.646312,
        1.828179,
        1.447088,
        1.650009,
        1.703684,
        2.10363,
        1.4509100000000001,
        2.594587,
        1.333784,
        3.57897,
        2.48531,
        2.171857,
        3.0916799999999998,
        2.4036939999999998,
        1.7337850000000001,
        0.49104000000000003,
        0.5847060000000001,
        0.0,
        1.718008
    ],
    [
        1.305415,
        3.1731930000000004,
        0.422089,
        2.0310989999999998,
        0.279524,
        0.274526,
        2.878891,
        0.935231,
        3.1214679999999997,
        1.855553,
        4.338363,
        2.865492,
        2.962495,
        3.8799740000000003,
        0.650122,
        2.353235,
        1.226968,
        1.942663,
        1.718008,
        0.0
    ]
]