[
    [
        0.0,
        1.2540930000000001,
        1.6915129999999998,
        0.436279,
        0.761349,
        2.724522,
        0.672418,
        0.233851,
        1.609889,
        1.0930730000000002,
        3.313096,
        0.6333730000000001,
        0.299782,
        1.367723,
        1.339354,
        0.238958,
        0.983761,
        1.316931,
        1.256839,
        0.390839
    ],
    [
        1.2540930000000001,
        0.0,
        1.459261,
        1.4583540000000002,
        0.940917,
        3.7465970000000004,
        0.770621,
        1.040005,
        1.5485630000000001,
        1.156355,
        3.5530549999999996,
        0.731577,
        0.677162,
        1.306397,
        1.278028,
        0.7326520000000001,
        0.8419099999999999,
        1.265991,
        1.2058989999999998,
        1.196993
    ],
    [
        1.6915129999999998,
        1.459261,
        0.0,
        2.044904,
        1.37615,
        4.748556,
        1.061089,
        1.7806110000000002,
        1.131238,
        0.73903,
        3.13573,
        1.1458009999999998,
        1.456335,
        0.889073,
        0.860703,
        1.452555,
        0.802783,
        0.8486670000000001,
        0.788574,
        1.909016
    ],
    [
        0.436279,
        1.4583540000000002,
        2.044904,
        0.0,
        0.817469,
        2.2673710000000002,
        1.025809,
        0.373456,
        1.628635,
        1.544543,
        3.286268,
        0.986764,
        0.6817559999999999,
        1.462804,
        1.40625,
        0.620932,
        1.3371520000000001,
        1.498907,
        1.5264659999999999,
        0.175119
    ],
    [
        0.761349,
        0.940917,
        1.37615,
        0.817469,
        0.0,
        3.318849,
        0.349057,
        0.676828,
        0.821526,
        0.737433,
        2.5517469999999998,
        0.36196300000000003,
        0.573077,
        0.655694,
        0.59914,
        0.569297,
        0.668398,
        0.691797,
        0.719357,
        0.681581
    ],
    [
        2.724522,
        3.7465970000000004,
        4.748556,
        2.2673710000000002,
        3.318849,
        0.0,
        3.218956,
        2.638336,
        3.56256,
        3.480486,
        4.839947,
        3.179912,
        2.963175,
        3.3987469999999997,
        3.3421930000000004,
        2.902352,
        3.530299,
        3.4348490000000003,
        3.462409,
        2.573066
    ],
    [
        0.672418,
        0.770621,
        1.061089,
        1.025809,
        0.349057,
        3.218956,
        0.0,
        0.753813,
        0.979465,
        0.46264999999999995,
        2.768094,
        0.039043999999999995,
        0.43724,
        0.7373,
        0.70893,
        0.43345999999999996,
        0.353337,
        0.686508,
        0.6264149999999999,
        0.8899210000000001
    ],
    [
        0.233851,
        1.040005,
        1.7806110000000002,
        0.373456,
        0.676828,
        2.638336,
        0.753813,
        0.0,
        1.498354,
        1.182172,
        3.228576,
        0.722472,
        0.38888,
        1.332523,
        1.2759690000000001,
        0.32805700000000004,
        1.072859,
        1.368626,
        1.345937,
        0.306318
    ],
    [
        1.609889,
        1.5485630000000001,
        1.131238,
        1.628635,
        0.821526,
        3.56256,
        0.979465,
        1.498354,
        0.0,
        0.472008,
        2.049208,
        1.050778,
        1.364324,
        0.242165,
        0.303776,
        1.3605440000000002,
        0.703523,
        0.302828,
        0.362921,
        1.492686
    ],
    [
        1.0930730000000002,
        1.156355,
        0.73903,
        1.544543,
        0.737433,
        3.480486,
        0.46264999999999995,
        1.182172,
        0.472008,
        0.0,
        2.4765,
        0.547362,
        0.857895,
        0.229843,
        0.201473,
        0.854115,
        0.18670799999999999,
        0.18943700000000002,
        0.129344,
        1.4085940000000001
    ],
    [
        3.313096,
        3.5530549999999996,
        3.13573,
        3.286268,
        2.5517469999999998,
        4.839947,
        2.768094,
        3.228576,
        2.049208,
        2.4765,
        0.0,
        2.6896709999999997,
        3.048038,
        2.046942,
        2.108552,
        3.0442579999999997,
        2.52166,
        2.129252,
        2.189345,
        3.113271
    ],
    [
        0.6333730000000001,
        0.731577,
        1.1458009999999998,
        0.986764,
        0.36196300000000003,
        3.179912,
        0.039043999999999995,
        0.722472,
        1.050778,
        0.547362,
        2.6896709999999997,
        0.0,
        0.39819499999999997,
        0.8220109999999999,
        0.7936409999999999,
        0.394415,
        0.43804899999999997,
        0.7712190000000001,
        0.711127,
        0.850876
    ],
    [
        0.299782,
        0.677162,
        1.456335,
        0.6817559999999999,
        0.573077,
        2.963175,
        0.43724,
        0.38888,
        1.364324,
        0.857895,
        3.048038,
        0.39819499999999997,
        0.0,
        1.1325450000000001,
        1.104175,
        0.060823999999999996,
        0.748583,
        1.081753,
        1.021661,
        0.545868
    ],
    [
        1.367723,
        1.306397,
        0.889073,
        1.462804,
        0.655694,
        3.3987469999999997,
        0.7373,
        1.332523,
        0.242165,
        0.229843,
        2.046942,
        0.8220109999999999,
        1.1325450000000001,
        0.0,
        0.06161,
        1.118379,
        0.461358,
        0.121027,
        0.14858600000000002,
        1.3268550000000001
    ],
    [
        1.339354,
        1.278028,
        0.860703,
        1.40625,
        0.59914,
        3.3421930000000004,
        0.70893,
        1.2759690000000001,
        0.303776,
        0.201473,
        2.108552,
        0.7936409999999999,
        1.104175,
        0.06161,
        0.0,
        1.090009,
        0.432988,
        0.092657,
        0.120217,
        1.270301
    ],
    [
        0.238958,
        0.7326520000000001,
        1.452555,
        0.620932,
        0.569297,
        2.902352,
        0.43345999999999996,
        0.32805700000000004,
        1.3605440000000002,
        0.854115,
        3.0442579999999997,
        0.394415,
        0.060823999999999996,
        1.118379,
        1.090009,
        0.0,
        0.744803,
        1.0779729999999998,
        1.01788,
        0.485044
    ],
    [
        0.983761,
        0.8419099999999999,
        0.802783,
        1.3371520000000001,
        0.668398,
        3.530299,
        0.353337,
        1.072859,
        0.703523,
        0.18670799999999999,
        2.52166,
        0.43804899999999997,
        0.748583,
        0.461358,
        0.432988,
        0.744803,
        0.0,
        0.428201,
        0.368108,
        1.2012639999999999
    ],
    [
        1.316931,
        1.265991,
        0.8486670000000001,
        1.498907,
        0.691797,
        3.4348490000000003,
        0.686508,
        1.368626,
        0.302828,
        0.18943700000000002,
        2.129252,
        0.7712190000000001,
        1.081753,
        0.121027,
        0.092657,
        1.0779729999999998,
        0.428201,
        0.0,
        0.060093,
        1.3629580000000001
    ],
    [
        1.256839,
        1.2058989999999998,
        0.788574,
        1.5264659999999999,
        0.719357,
        3.462409,
        0.6264149999999999,
        1.345937,
        0.362921,
        0.129344,
        2.189345,
        0.711127,
        1.021661,
        0.14858600000000002,
        0.120217,
        1.01788,
        0.368108,
        0.060093,
        0.0,
        1.390518
    ],
    [
        0.390839,
        1.196993,
        1.909016,
        0.175119,
        0.681581,
        2.573066,
        0.8899210000000001,
        0.306318,
        1.492686,
        1.4085940000000001,
        3.113271,
        0.850876,
        0.545868,
        1.3268550000000001,
        1.270301,
        0.485044,
        1.2012639999999999,
        1.3629580000000001,
        1.390518,
        0.0
    ]
]