[
  [
    0.0, 0.9214, 0.8179120000000001, 1.651292, 0.566664, 1.2677129999999999,
    1.0954190000000001, 0.9207190000000001, 0.575859, 0.8931849999999999,
    0.668943, 1.5439280000000002, 1.10809, 0.770008, 0.6600349999999999,
    0.795322, 1.57617, 1.566282, 0.612829, 1.1119459999999999, 0.980818,
    0.5006809999999999, 0.044426, 0.8520679999999999, 1.116134,
    0.9064009999999999, 1.1397950000000001, 1.131425, 1.105161, 1.293538,
    1.1653209999999998, 1.079529, 0.240205, 0.561452, 0.893594, 0.515533,
    1.133758, 1.9040219999999999, 0.70027, 0.335612, 0.072185, 0.240322,
    0.76339, 0.539792, 0.381529, 0.902794, 0.43691800000000003, 0.365969,
    1.5410229999999998, 1.1382370000000002, 1.705707, 0.550909, 0.889473,
    0.781794, 2.658262, 0.625533, 0.228216, 1.6767349999999999, 1.201964,
    0.70839, 1.1843430000000001, 0.196426, 0.402118, 0.19818799999999998,
    0.059829, 2.100622, 0.081209, 0.419161, 0.649711, 1.307906, 1.076707,
    2.200793, 1.300406, 0.973727, 1.231316, 1.2619390000000001,
    1.2161279999999999, 1.412696, 1.229974, 1.3696400000000002,
    2.2146570000000003, 0.9226989999999999
  ],
  [
    0.9214, 0.0, 0.7168089999999999, 1.929661, 0.685227, 0.573628, 0.079404,
    0.100024, 0.6944210000000001, 0.37062599999999996, 0.879531, 0.951816,
    0.20263399999999998, 0.68521, 0.870623, 1.481326, 0.7851589999999999,
    0.77527, 0.821326, 0.20436600000000002, 0.311362, 1.3820519999999998,
    0.884201, 0.177784, 0.397957, 0.435939, 0.288971, 0.263336, 0.25902,
    0.385958, 0.11540900000000001, 0.17194900000000002, 1.015702,
    0.8726499999999999, 0.072899, 0.918621, 0.287617, 1.11301, 1.202435,
    0.47486700000000004, 0.878506, 0.455699, 0.812222, 0.929283, 0.277077,
    1.0249780000000002, 1.078785, 1.1414659999999999, 0.823988, 0.712834,
    0.9146960000000001, 0.6730929999999999, 0.618499, 0.299145, 2.084593,
    0.744096, 1.003712, 1.117242, 0.7765610000000001, 1.38069, 0.514888,
    0.764273, 0.345461, 1.114811, 0.941302, 1.35693, 0.9978319999999999,
    1.348925, 1.0513620000000001, 1.4300899999999999, 0.098116, 1.31973,
    2.116027, 0.451168, 0.5618609999999999, 0.51893, 0.431045, 0.914135,
    1.26721, 1.044694, 1.6263109999999998, 1.508567
  ],
  [
    0.8179120000000001, 0.7168089999999999, 0.0, 1.53797, 0.318167, 1.36595,
    0.8660979999999999, 0.65236, 0.29973500000000003, 0.511091,
    1.3499619999999999, 1.744138, 0.826754, 1.4510260000000001,
    1.3410540000000002, 1.4209990000000001, 1.206733, 1.196844, 1.293847,
    0.901627, 0.598724, 1.113588, 0.789723, 0.590428, 0.7340399999999999,
    1.228261, 1.0812929999999998, 0.960597, 0.986861, 1.017457, 0.936,
    0.8692110000000001, 0.921224, 1.242471, 0.64391, 1.1965519999999998,
    1.079939, 1.5345840000000002, 1.390336, 0.976859, 0.784029, 0.811696,
    1.602283, 0.6582530000000001, 0.894054, 0.633287, 1.117937, 1.046988,
    1.6163109999999998, 1.5051569999999999, 1.33627, 0.360676, 0.254478,
    0.444142, 2.876916, 0.222812, 0.909235, 1.909564, 1.568884, 1.355747,
    0.802249, 0.6697949999999999, 0.847453, 1.020333, 0.722544, 1.807731,
    0.903354, 1.0804610000000001, 0.680779, 0.678772, 0.847386,
    1.7705309999999999, 1.839715, 0.41181599999999996, 0.849222,
    1.3112519999999999, 0.859487, 1.706458, 1.846165, 0.736987, 2.418633,
    1.080541
  ],
  [
    1.651292, 1.929661, 1.53797, 0.0, 1.356195, 2.508028, 2.219679, 1.928979,
    1.36539, 1.864672, 1.8950930000000001, 2.775373, 2.180335, 2.046453,
    1.904001, 1.693012, 2.560314, 2.550426, 1.926512, 2.255208, 1.952306,
    1.398384, 1.727471, 1.860328, 2.087621, 2.294636, 2.403619, 2.314179,
    2.340442, 2.37314, 2.289581, 2.222792, 1.858972, 1.875135, 1.901855,
    1.829216, 2.430213, 2.888166, 1.6563610000000002, 1.90425,
    1.7217770000000001, 1.8444800000000001, 1.9048399999999999,
    1.3079580000000002, 1.926838, 1.128452, 1.6615039999999999, 1.984736,
    2.781337, 2.378552, 2.689851, 1.256568, 1.705827, 1.797723, 3.836122,
    1.4215920000000002, 1.846982, 2.88911, 2.442279, 1.6285820000000002,
    2.155831, 1.607307, 1.8802370000000002, 1.562125, 1.6508710000000002,
    3.3129969999999997, 1.5757670000000001, 1.38509, 1.170568, 1.16853,
    2.200967, 3.413167, 1.809118, 1.945214, 2.202804, 2.5022539999999998,
    2.213069, 2.65301, 2.119, 2.185993, 3.392516, 0.782633
  ],
  [
    0.566664, 0.685227, 0.318167, 1.356195, 0.0, 1.42663, 0.9267770000000001,
    0.6845460000000001, 0.066313, 0.57177, 1.098714, 1.804818, 0.887434,
    1.199779, 1.089806, 1.169751, 1.267412, 1.2575239999999999, 1.0426,
    0.962307, 0.659404, 0.86234, 0.538475, 0.651107, 0.7947190000000001,
    1.2889410000000001, 1.141973, 1.021277, 1.04754, 1.078136,
    0.9966799999999999, 0.92989, 0.6699769999999999, 0.991223, 0.657421,
    0.9453039999999999, 1.1406189999999998, 1.5952639999999998,
    1.1390879999999999, 0.7652100000000001, 0.532781, 0.6000460000000001,
    1.351035, 0.407005, 0.6824049999999999, 0.451512, 0.8666889999999999,
    0.79574, 1.67699, 1.568008, 1.3969500000000001, 0.099627,
    0.40495800000000004, 0.504822, 2.937595, 0.122515, 0.657987,
    1.9702439999999999, 1.631735, 1.1045, 0.862929, 0.418547, 0.635803,
    0.769085, 0.49317300000000003, 1.868411, 0.652107, 0.829213,
    0.48688099999999995, 0.856624, 0.908065, 1.83121, 1.588467, 0.652312,
    0.909902, 1.371932, 0.9201670000000001, 1.767137, 1.594917, 0.885124,
    2.4793119999999997, 0.9759909999999999
  ],
  [
    1.2677129999999999, 0.573628, 1.36595, 2.508028, 1.42663, 0.0, 0.6167,
    0.695043, 1.4887000000000001, 1.092576, 0.7184790000000001, 0.398192,
    0.5886180000000001, 0.524158, 0.7095710000000001, 1.291593, 0.916786,
    0.9068970000000001, 0.660273, 0.47061200000000003, 1.033312, 1.260097,
    1.2286759999999999, 1.007716, 0.942006, 0.49306, 0.30601, 0.411642,
    0.400442, 0.5830700000000001, 0.686603, 0.503027, 1.1173879999999998,
    0.711598, 0.667918, 0.7575689999999999, 0.33260500000000004, 1.125582,
    1.012702, 0.744878, 1.200917, 0.83425, 0.623541, 1.559369, 0.668531,
    1.897492, 0.9177329999999999, 1.321942, 0.270365, 0.199678,
    1.0463230000000001, 1.545607, 1.340449, 1.021095, 1.530969,
    1.4134749999999998, 1.044886, 0.5636180000000001, 0.263405, 1.190957,
    1.236837, 1.316397, 0.8054690000000001, 1.157495, 1.285777, 0.886754,
    1.2803699999999998, 1.230483, 1.737141, 2.0912710000000003, 0.597989,
    0.9869249999999999, 1.897254, 1.1731179999999999, 1.28381, 0.168692,
    0.627221, 0.360512, 1.037682, 1.406924, 1.072687, 1.766225
  ],
  [
    1.0954190000000001, 0.079404, 0.8660979999999999, 2.219679,
    0.9267770000000001, 0.6167, 0.0, 0.287902, 0.813447, 0.417322, 0.916314,
    0.988599, 0.123229, 0.7219930000000001, 0.9074059999999999, 1.518109,
    0.705754, 0.695866, 0.858109, 0.146088, 0.358058, 1.486614, 1.082946,
    0.332462, 0.352451, 0.472722, 0.32575400000000004, 0.205058, 0.231321,
    0.32768, 0.069903, 0.11367100000000001, 1.2144480000000002, 0.909433,
    0.260777, 0.955404, 0.32439999999999997, 1.033606, 1.2392180000000002,
    0.986254, 1.0772519999999999, 0.8069769999999999, 0.849005, 1.167948,
    0.9481839999999999, 1.2222380000000002, 1.115568, 1.340212, 0.860771,
    0.749617, 0.835292, 0.8703529999999999, 0.6651950000000001, 0.345841,
    2.121376, 0.80474, 1.202458, 1.154025, 0.8133440000000001, 1.417473,
    0.5615829999999999, 0.963018, 0.968773, 1.313556, 1.140047, 1.298653,
    1.196578, 1.456999, 1.252373, 1.416017, 0.018712, 1.261452, 2.12377,
    0.497864, 0.608557, 0.555713, 0.34571199999999996, 0.950918, 1.303993,
    0.9771259999999999, 1.663094, 1.741482
  ],
  [
    0.9207190000000001, 0.100024, 0.65236, 1.928979, 0.6845460000000001,
    0.695043, 0.287902, 0.0, 0.69374, 0.306176, 0.9795940000000001, 1.051879,
    0.302697, 0.785273, 0.970686, 1.696629, 0.8330449999999999, 0.823156,
    0.921389, 0.30442899999999995, 0.24691300000000002, 1.3813710000000001,
    0.88352, 0.11333499999999999, 0.382228, 0.536002, 0.389034, 0.363399,
    0.35908300000000004, 0.48602100000000004, 0.215472, 0.272012, 1.015021,
    0.9727129999999999, 0.027125, 1.018684, 0.38768, 1.160896,
    1.3024980000000002, 0.474186, 0.8778250000000001, 0.455018, 0.912285,
    0.9286019999999999, 0.27639600000000003, 1.024297, 1.2117339999999999,
    1.1407850000000002, 0.9240510000000001, 0.8128970000000001, 0.962582,
    0.672411, 0.5540499999999999, 0.234696, 2.184656, 0.6935950000000001,
    1.003031, 1.217305, 0.8766240000000001, 1.480753, 0.450438,
    0.7635919999999999, 0.34478, 1.114129, 0.9406209999999999, 1.421246,
    0.9971509999999999, 1.3482429999999999, 1.050681, 1.429408, 0.198179,
    1.384046, 2.1153449999999996, 0.386718, 0.497411, 0.618993,
    0.47300200000000003, 1.014198, 1.367273, 1.1955170000000002, 1.726374,
    1.507886
  ],
  [
    0.575859, 0.6944210000000001, 0.29973500000000003, 1.36539, 0.066313,
    1.4887000000000001, 0.813447, 0.69374, 0.0, 0.553339, 1.107909, 1.786386,
    0.8690030000000001, 1.2089729999999999, 1.099, 1.178945, 1.248981, 1.239093,
    1.0517940000000001, 0.9438759999999999, 0.6409729999999999, 0.871535,
    0.54767, 0.632676, 0.776288, 1.27051, 1.123541, 1.002846,
    1.0291089999999998, 1.059705, 0.978249, 0.9114589999999999,
    0.6791710000000001, 1.0004170000000001, 0.666615, 0.954499,
    1.1221869999999998, 1.5768330000000002, 1.148282, 0.774404, 0.541975,
    0.60924, 1.3602290000000001, 0.416199, 0.6915990000000001, 0.460707,
    0.8758830000000001, 0.804935, 1.658559, 1.547405, 1.3785180000000001,
    0.108822, 0.386527, 0.48639, 2.9191640000000003, 0.104083, 0.667181,
    1.951813, 1.611132, 1.113694, 0.8444980000000001, 0.427742,
    0.6449980000000001, 0.777967, 0.502367, 1.84998, 0.661301, 0.838407,
    0.496075, 0.865818, 0.889634, 1.812779, 1.597661, 0.6338809999999999,
    0.891471, 1.353501, 0.901736, 1.7487059999999999, 1.604112,
    0.8666929999999999, 2.4608809999999997, 0.985185
  ],
  [
    0.8931849999999999, 0.37062599999999996, 0.511091, 1.864672, 0.57177,
    1.092576, 0.417322, 0.306176, 0.553339, 0.0, 1.3256700000000001,
    1.3979549999999998, 0.480571, 1.131349, 1.316762, 1.6646690000000002,
    0.860549, 0.8506609999999999, 1.267464, 0.5554439999999999, 0.252541,
    1.357258, 0.855986, 0.244244, 0.387856, 0.882078, 0.73511, 0.614414,
    0.640677, 0.671273, 0.589817, 0.523027, 0.987487, 1.318789,
    0.29772699999999996, 1.262814, 0.733756, 1.188401, 1.634915, 0.759293,
    0.850291, 0.580016, 1.258361, 0.901923, 0.721223, 0.955305, 1.184199,
    1.113251, 1.270127, 1.158973, 0.9900869999999999, 0.60342,
    0.24787299999999998, 0.249632, 2.530241, 0.5386470000000001, 0.975497,
    1.5633810000000001, 1.2227000000000001, 1.5994169999999999,
    0.45606599999999997, 0.736058, 0.741812, 1.086595, 0.9130860000000001,
    1.461548, 0.969617, 1.3241310000000002, 0.985439, 1.16077, 0.501202,
    1.424347, 2.082477, 0.080542, 0.503039, 0.965069, 0.513304, 1.360274,
    1.713349, 0.912008, 2.072449, 1.4745489999999999
  ],
  [
    0.668943, 0.879531, 1.3499619999999999, 1.8950930000000001, 1.098714,
    0.7184790000000001, 0.916314, 0.9795940000000001, 1.107909,
    1.3256700000000001, 0.0, 0.994694, 0.758694, 0.23339500000000002, 0.008908,
    0.7035009999999999, 1.295193, 1.285304, 0.28466, 0.76255, 1.096116,
    0.672005, 0.6245170000000001, 1.07052, 1.0600530000000001,
    0.48157799999999995, 0.59056, 0.696193, 0.6849930000000001,
    0.8666849999999999, 0.815926, 0.730133, 0.513229, 0.233283, 0.773873,
    0.187365, 0.617155, 1.6230440000000002, 0.40493900000000005, 0.262398,
    0.596759, 0.508303, 0.123938, 0.951606, 0.39263, 1.41109, 0.313574,
    0.717784, 0.991788, 0.589003, 1.42473, 1.059205, 1.397769,
    1.0838979999999998, 2.039911, 1.133829, 0.440728, 1.092898, 0.65273,
    0.602865, 1.299641, 0.7122390000000001, 0.509989, 0.553336,
    0.6816180000000001, 1.516785, 0.676211, 0.62272, 1.129378, 1.816202,
    0.727311, 1.6169559999999998, 1.309162, 1.235921, 1.346614, 0.712705,
    0.911772, 0.863461, 0.5879909999999999, 1.6125909999999999, 1.596305,
    1.158463
  ],
  [
    1.5439280000000002, 0.951816, 1.744138, 2.775373, 1.804818, 0.398192,
    0.988599, 1.051879, 1.786386, 1.3979549999999998, 0.994694, 0.0, 0.966806,
    0.800373, 0.9857859999999999, 1.4250209999999999, 1.1855930000000001,
    1.1757039999999999, 0.936489, 0.8488, 1.4115, 1.3935250000000001, 1.504891,
    1.385904, 1.3201939999999999, 0.838625, 0.684198, 0.78983, 0.77863,
    0.9612580000000001, 1.064791, 0.881216, 1.3936030000000001,
    0.9878129999999999, 1.046107, 1.033784, 0.710793, 1.333254, 1.17708,
    1.021093, 1.4771320000000001, 1.1104649999999998, 0.872388,
    1.8082159999999998, 0.944747, 2.27568, 1.193948, 1.598158, 0.183076,
    0.435142, 1.3151300000000001, 1.9237950000000001, 1.718637,
    1.3992829999999998, 1.146954, 1.791663, 1.321102, 0.165426, 0.357224,
    1.324385, 1.6150250000000002, 1.592613, 1.081685, 1.43371, 1.561992,
    0.5617409999999999, 1.556585, 1.448742, 1.985988, 2.469458,
    0.9761770000000001, 0.6619120000000001, 2.028942, 1.551306, 1.661998,
    0.599596, 1.005409, 0.14973, 1.099383, 1.785112, 0.703348, 2.015073
  ],
  [
    1.10809, 0.20263399999999998, 0.826754, 2.180335, 0.887434,
    0.5886180000000001, 0.123229, 0.302697, 0.8690030000000001, 0.480571,
    0.758694, 0.966806, 0.0, 0.693911, 0.879323, 1.490027, 0.612183, 0.602294,
    0.8300259999999999, 0.15875899999999998, 0.42130700000000004, 1.458531,
    1.146196, 0.39571100000000003, 0.343989, 0.44464, 0.297671, 0.176976,
    0.203239, 0.187545, 0.193132, 0.126342, 1.2776969999999999, 0.881351,
    0.27344799999999997, 0.9273210000000001, 0.296317, 0.940035, 1.211136,
    1.0495029999999999, 1.140501, 0.8702259999999999, 0.820922,
    1.2311969999999999, 0.838284, 1.285487, 1.0874860000000002, 1.40346,
    0.832689, 0.7215349999999999, 0.74172, 0.9336019999999999, 0.728444,
    0.40908999999999995, 2.0932939999999998, 0.867989, 1.2657070000000001,
    1.125943, 0.7852619999999999, 1.389391, 0.624833, 1.026268, 1.032022,
    1.327248, 1.2032960000000001, 1.158517, 1.259827, 1.428917, 1.315622,
    1.479266, 0.104517, 1.121317, 2.095688, 0.5611130000000001, 0.671806,
    0.527631, 0.25214, 0.922836, 1.27591, 0.883554, 1.635011, 1.804731
  ],
  [
    0.770008, 0.68521, 1.4510260000000001, 2.046453, 1.199779, 0.524158,
    0.7219930000000001, 0.785273, 1.2089729999999999, 1.131349,
    0.23339500000000002, 0.800373, 0.693911, 0.0, 0.224487, 0.8351900000000001,
    1.100872, 1.090983, 0.182203, 0.560842, 0.975785, 0.8036939999999999,
    0.725582, 0.950189, 0.939722, 0.28725799999999996, 0.39624000000000004,
    0.501872, 0.49067200000000005, 0.672365, 0.6955950000000001,
    0.6098020000000001, 0.614293, 0.23352699999999998, 0.6535420000000001,
    0.27949799999999997, 0.42283499999999996, 1.4287239999999999, 0.556299,
    0.340424, 0.697823, 0.478644, 0.166085, 1.102966, 0.312925, 1.512154,
    0.41463799999999995, 0.8188479999999999, 0.797468, 0.39468200000000003,
    1.230409, 1.160269, 1.2829220000000001, 0.9635670000000001,
    1.9147070000000002, 1.234894, 0.541792, 0.9331799999999999, 0.458409,
    0.7345539999999999, 1.1793099999999999, 0.813303, 0.449863,
    0.6544009999999999, 0.782683, 1.357067, 0.7772749999999999, 0.77408,
    1.2807380000000002, 1.9172660000000001, 0.60698, 1.457238, 1.440851,
    1.1155899999999999, 1.226283, 0.5183840000000001, 0.7174510000000001,
    0.669141, 0.6210739999999999, 1.49226, 1.4711020000000001,
    1.3098230000000002
  ],
  [
    0.6600349999999999, 0.870623, 1.3410540000000002, 1.904001, 1.089806,
    0.7095710000000001, 0.9074059999999999, 0.970686, 1.099, 1.316762, 0.008908,
    0.9857859999999999, 0.879323, 0.224487, 0.0, 0.712409, 1.2862840000000002,
    1.2763959999999999, 0.275752, 0.753642, 1.0872080000000002, 0.680913,
    0.6156090000000001, 1.061612, 1.051145, 0.47267000000000003,
    0.5816520000000001, 0.6872849999999999, 0.6760839999999999, 0.857777,
    0.807018, 0.721225, 0.504321, 0.224375, 0.764965, 0.17845599999999998,
    0.608247, 1.614136, 0.41384699999999996, 0.253489, 0.58785, 0.499395,
    0.11503000000000001, 0.960514, 0.383722, 1.402182, 0.304666, 0.708876,
    0.98288, 0.580095, 1.415822, 1.050297, 1.3888610000000001,
    1.0749900000000001, 2.031003, 1.124921, 0.431819, 1.08399, 0.643821,
    0.611773, 1.290733, 0.703331, 0.501081, 0.544428, 0.67271, 1.507877,
    0.667303, 0.6316280000000001, 1.1382860000000001, 1.8072929999999998,
    0.718403, 1.608048, 1.3180699999999999, 1.227013, 1.3377059999999998,
    0.703797, 0.902864, 0.854553, 0.579083, 1.603683, 1.587397,
    1.1673710000000002
  ],
  [
    0.795322, 1.481326, 1.4209990000000001, 1.693012, 1.169751, 1.291593,
    1.518109, 1.696629, 1.178945, 1.6646690000000002, 0.7035009999999999,
    1.4250209999999999, 1.490027, 0.8351900000000001, 0.712409, 0.0, 1.898728,
    1.888839, 0.737816, 1.3586980000000002, 1.570499, 0.319204, 0.830499,
    1.63411, 1.534436, 1.0851140000000001, 1.194096, 1.299728,
    1.2885280000000001, 1.470221, 1.290309, 1.2045160000000001, 0.854485,
    0.68644, 1.2482570000000002, 0.640521, 1.220691, 2.22658, 0.30601, 0.715554,
    0.938014, 0.961459, 0.695317, 0.8086939999999999, 0.8457859999999999,
    1.518233, 0.626788, 1.05904, 1.495567, 1.169029, 2.028265, 1.16411,
    1.521196, 1.563836, 2.48577, 1.2567059999999999, 0.781983, 1.538758,
    1.2327560000000002, 0.100637, 1.7740239999999998, 1.149597, 0.963146,
    0.824387, 0.8459030000000001, 1.962645, 0.727647, 0.376161, 0.986466,
    1.927638, 1.201695, 2.0628159999999998, 0.61373, 1.760583, 1.820997,
    1.292731, 1.515307, 1.36724, 0.54653, 2.001363, 2.042165, 0.972673
  ],
  [
    1.57617, 0.7851589999999999, 1.206733, 2.560314, 1.267412, 0.916786,
    0.705754, 0.8330449999999999, 1.248981, 0.860549, 1.295193,
    1.1855930000000001, 0.612183, 1.100872, 1.2862840000000002, 1.898728, 0.0,
    0.009888999999999998, 1.2520499999999999, 0.6101, 0.79867, 1.880555,
    1.538971, 0.7884869999999999, 0.7274489999999999, 0.866664,
    0.7196950000000001, 0.599, 0.625263, 0.503255, 0.775657, 0.642515, 1.670472,
    1.303374, 0.828648, 1.349345, 0.718341, 0.327852, 1.6331600000000002,
    1.336655, 1.533276, 1.263001, 1.2429459999999999, 1.623972, 1.260308,
    1.6782629999999998, 1.509509, 1.7962360000000002, 1.165484, 1.081738,
    0.129537, 1.3263779999999998, 1.108423, 0.801866, 2.383496, 1.234289,
    1.658482, 1.351019, 1.145465, 1.811414, 1.002195, 1.4190429999999998,
    1.424797, 1.749272, 1.596072, 1.035852, 1.6526020000000001, 1.850941,
    1.708397, 1.856412, 0.687043, 0.9986520000000001, 2.517712, 0.941091,
    1.0491679999999999, 0.8878339999999999, 0.405779, 1.2556310000000002,
    1.697934, 1.0721610000000001, 1.925214, 2.197507
  ],
  [
    1.566282, 0.77527, 1.196844, 2.550426, 1.2575239999999999,
    0.9068970000000001, 0.695866, 0.823156, 1.239093, 0.8506609999999999,
    1.285304, 1.1757039999999999, 0.602294, 1.090983, 1.2763959999999999,
    1.888839, 0.009888999999999998, 0.0, 1.242161, 0.600211, 0.788781, 1.870666,
    1.529082, 0.7785979999999999, 0.71756, 0.856775, 0.709806,
    0.5891109999999999, 0.615374, 0.49336599999999997, 0.765768, 0.632626,
    1.6605830000000001, 1.2934860000000001, 0.81876, 1.3394570000000001,
    0.708452, 0.33774, 1.623271, 1.3267660000000001, 1.523388, 1.253112,
    1.233057, 1.614084, 1.2504190000000002, 1.668374, 1.499621, 1.786347,
    1.155596, 1.0718489999999998, 0.139426, 1.316489, 1.0985340000000001,
    0.7919769999999999, 2.3933850000000003, 1.2244000000000002,
    1.6485940000000001, 1.3411300000000002, 1.135576, 1.801526, 0.992306,
    1.409154, 1.4149079999999998, 1.7393830000000001, 1.586183, 1.045741,
    1.642714, 1.841052, 1.698509, 1.8465239999999998, 0.677154, 1.00854,
    2.5078229999999997, 0.931203, 1.039279, 0.8779450000000001,
    0.39588999999999996, 1.245743, 1.6880460000000002, 1.0622719999999999,
    1.935102, 2.187618
  ],
  [
    0.612829, 0.821326, 1.293847, 1.926512, 1.0426, 0.660273, 0.858109,
    0.921389, 1.0517940000000001, 1.267464, 0.28466, 0.936489,
    0.8300259999999999, 0.182203, 0.275752, 0.737816, 1.2520499999999999,
    1.242161, 0.0, 0.49911700000000003, 0.832683, 0.7063200000000001, 0.568403,
    0.807087, 0.79662, 0.293572, 0.541282, 0.5185960000000001, 0.492333,
    0.6807089999999999, 0.552493, 0.4667, 0.45711399999999996,
    0.051323999999999995, 0.51044, 0.097295, 0.520929, 1.405638,
    0.44601100000000005, 0.158221, 0.540644, 0.33554199999999995,
    0.34392399999999995, 0.9830249999999999, 0.169823, 1.3549749999999998,
    0.257459, 0.661669, 0.94251, 0.539725, 1.207324, 1.00309, 1.139819,
    0.820465, 2.05975, 1.077715, 0.384613, 1.078223, 0.603452, 0.63718,
    1.036208, 0.656124, 0.306761, 0.497221, 0.6255040000000001,
    1.5021099999999998, 0.620096, 0.654139, 1.109409, 1.760087, 0.463878,
    1.6022809999999998, 1.343477, 0.972488, 1.083181, 0.663427, 0.725796,
    0.814183, 0.7989120000000001, 1.3491579999999999, 1.616144,
    1.1898810000000002
  ],
  [
    1.1119459999999999, 0.20436600000000002, 0.901627, 2.255208, 0.962307,
    0.47061200000000003, 0.146088, 0.30442899999999995, 0.9438759999999999,
    0.5554439999999999, 0.76255, 0.8488, 0.15875899999999998, 0.560842,
    0.753642, 1.3586980000000002, 0.6101, 0.600211, 0.49911700000000003, 0.0,
    0.49618, 1.340526, 1.221068, 0.470584, 0.460117, 0.32663400000000004,
    0.179666, 0.05897, 0.085233, 0.181592, 0.21599100000000002, 0.032415,
    1.169135, 0.763345, 0.277304, 0.809316, 0.178312, 0.937951,
    1.0931300000000002, 0.796625, 1.215374, 0.945099, 0.702917,
    1.3060699999999998, 0.720279, 1.3603599999999998, 0.96948, 1.37369,
    0.714683, 0.603529, 0.739637, 1.008475, 0.8033170000000001,
    0.48396300000000003, 1.975288, 0.942862, 1.096633, 1.007937, 0.667256,
    1.271385, 0.699706, 1.1011410000000001, 0.857216, 1.209242, 1.278169,
    1.152565, 1.3347, 1.3109110000000002, 1.3904949999999998, 1.554139,
    0.12737600000000002, 1.115364, 1.977682, 0.6359859999999999, 0.746679,
    0.409625, 0.226679, 0.80483, 1.157905, 1.0063819999999999,
    1.5170050000000002, 1.879604
  ],
  [
    0.980818, 0.311362, 0.598724, 1.952306, 0.659404, 1.033312, 0.358058,
    0.24691300000000002, 0.6409729999999999, 0.252541, 1.096116, 1.4115,
    0.42130700000000004, 0.975785, 1.0872080000000002, 1.570499, 0.79867,
    0.788781, 0.832683, 0.49618, 0.0, 1.444892, 0.9487859999999999, 0.198302,
    0.135316, 0.8228139999999999, 0.6758460000000001, 0.555151, 0.581414,
    0.6120099999999999, 0.530553, 0.463764, 1.080287, 1.259525,
    0.23846299999999998, 1.305496, 0.674492, 1.055321, 1.589311, 0.852094,
    0.9430919999999999, 0.6728160000000001, 1.199097, 0.989556, 0.814023,
    1.042939, 1.277, 1.206051, 1.210864, 1.09971, 0.879716, 0.691053, 0.500414,
    0.211681, 2.471469, 0.62628, 1.068297, 1.504117, 1.163436,
    1.6870509999999999, 0.203525, 0.828858, 0.834612, 1.1793959999999999,
    1.005887, 1.402284, 1.062417, 1.4117639999999998, 1.0730730000000002,
    1.248404, 0.441939, 1.365084, 2.170111, 0.333083, 0.250498, 0.905805,
    0.45404, 1.301011, 1.654085, 0.782052, 2.013186, 1.562183
  ],
  [
    0.5006809999999999, 1.3820519999999998, 1.113588, 1.398384, 0.86234,
    1.260097, 1.486614, 1.3813710000000001, 0.871535, 1.357258, 0.672005,
    1.3935250000000001, 1.458531, 0.8036939999999999, 0.680913, 0.319204,
    1.880555, 1.870666, 0.7063200000000001, 1.340526, 1.444892, 0.0,
    0.5358590000000001, 1.319251, 1.588132, 1.053618, 1.1625999999999999,
    1.268232, 1.257032, 1.4387249999999998, 1.2588130000000002,
    1.1730209999999999, 0.8229890000000001, 0.654944, 1.3607770000000001,
    0.6090249999999999, 1.189195, 2.195084, 0.27451400000000004,
    0.6840579999999999, 0.5636169999999999, 0.731754, 0.663821,
    0.49383499999999997, 0.81429, 1.201136, 0.484196, 0.857402, 1.464071,
    1.137533, 1.996769, 0.849251, 1.206337, 1.248977, 2.454274, 0.941847,
    0.750487, 1.5072619999999999, 1.20126, 0.23227199999999998,
    1.6563409999999998, 0.8347380000000001, 0.93165, 0.384817,
    0.5512619999999999, 1.9311489999999998, 0.43300599999999995, 0.08152,
    0.671607, 1.6062480000000001, 1.170199, 2.03132, 0.846678, 1.445724,
    1.703314, 1.2612349999999999, 1.483812, 1.3357439999999998,
    0.7005979999999999, 1.686504, 2.010669, 0.6803920000000001
  ],
  [
    0.044426, 0.884201, 0.789723, 1.727471, 0.538475, 1.2286759999999999,
    1.082946, 0.88352, 0.54767, 0.855986, 0.6245170000000001, 1.504891,
    1.146196, 0.725582, 0.6156090000000001, 0.830499, 1.538971, 1.529082,
    0.568403, 1.221068, 0.9487859999999999, 0.5358590000000001, 0.0,
    0.8076420000000001, 1.071708, 0.861975, 1.0953689999999998, 1.086999,
    1.0607360000000001, 1.249112, 1.120896, 1.035103, 0.19578, 0.517026,
    0.849168, 0.47110700000000005, 1.0893320000000002, 1.859596,
    0.6558440000000001, 0.291186, 0.027759, 0.195896, 0.718964, 0.495366,
    0.337103, 0.858368, 0.392492, 0.321544, 1.496597, 1.0938109999999999,
    1.661281, 0.506483, 0.845047, 0.737368, 2.613837, 0.5811069999999999,
    0.18378999999999998, 1.632309, 1.157538, 0.740811, 1.1399169999999998,
    0.152, 0.357692, 0.230297, 0.057101, 2.056196, 0.113631, 0.451582, 0.605285,
    1.26348, 1.032281, 2.1563670000000004, 1.332828, 0.929301,
    1.1868910000000001, 1.2175129999999998, 1.171702, 1.3682699999999999,
    1.185548, 1.325214, 2.1702310000000002, 0.955121
  ],
  [
    0.8520679999999999, 0.177784, 0.590428, 1.860328, 0.651107, 1.007716,
    0.332462, 0.11333499999999999, 0.632676, 0.244244, 1.07052, 1.385904,
    0.39571100000000003, 0.950189, 1.061612, 1.63411, 0.7884869999999999,
    0.7785979999999999, 0.807087, 0.470584, 0.198302, 1.319251,
    0.8076420000000001, 0.0, 0.33361799999999997, 0.793166, 0.646197,
    0.5255019999999999, 0.551765, 0.582361, 0.500904, 0.43411500000000003,
    1.039268, 1.229876, 0.104885, 1.275847, 0.6448429999999999, 1.112286,
    1.559661, 0.811075, 0.902072, 0.631797, 1.169448, 0.992768, 0.773004,
    1.047059, 1.23598, 1.1650319999999998, 1.181215, 1.070061, 0.913971,
    0.695173, 0.492117, 0.170661, 2.4418200000000003, 0.6295599999999999,
    1.027278, 1.4744680000000001, 1.133788, 1.6902629999999998, 0.401827,
    0.7878390000000001, 0.793593, 1.138376, 0.9648680000000001, 1.372635,
    1.021398, 1.414976, 1.077193, 1.240107, 0.41229000000000005, 1.335435,
    2.17423, 0.324786, 0.44880000000000003, 0.8761570000000001, 0.424392,
    1.271362, 1.624436, 1.133585, 1.983537, 1.566303
  ],
  [
    1.116134, 0.397957, 0.7340399999999999, 2.087621, 0.7947190000000001,
    0.942006, 0.352451, 0.382228, 0.776288, 0.387856, 1.0600530000000001,
    1.3201939999999999, 0.343989, 0.939722, 1.051145, 1.534436,
    0.7274489999999999, 0.71756, 0.79662, 0.460117, 0.135316, 1.588132,
    1.071708, 0.33361799999999997, 0.0, 0.7980280000000001, 0.6510589999999999,
    0.5303640000000001, 0.556627, 0.520704, 0.49449, 0.427701, 1.215603,
    1.2347380000000001, 0.373779, 1.280709, 0.6497050000000001, 0.929507,
    1.5645239999999998, 0.987409, 1.078407, 0.808132, 1.17431, 1.124872,
    0.949339, 1.178254, 1.440874, 1.341367, 1.186077, 1.074923, 0.753903,
    0.826369, 0.63573, 0.34699599999999997, 2.4466819999999996, 0.761596,
    1.203613, 1.47933, 1.1386500000000002, 1.742778, 0.30306700000000003,
    0.964174, 0.969928, 1.314711, 1.141203, 1.310978, 1.197733, 1.54708,
    1.208388, 1.3837190000000001, 0.40587599999999996, 1.273778,
    2.3054259999999998, 0.46839800000000004, 0.35004, 0.881019, 0.362734,
    1.276224, 1.629298, 0.656239, 1.9883989999999998, 1.697498
  ],
  [
    0.9064009999999999, 0.435939, 1.228261, 2.294636, 1.2889410000000001,
    0.49306, 0.472722, 0.536002, 1.27051, 0.882078, 0.48157799999999995,
    0.838625, 0.44464, 0.28725799999999996, 0.47267000000000003,
    1.0851140000000001, 0.866664, 0.856775, 0.293572, 0.32663400000000004,
    0.8228139999999999, 1.053618, 0.861975, 0.793166, 0.7980280000000001, 0.0,
    0.178917, 0.25953, 0.233267, 0.430022, 0.437137, 0.35091500000000003,
    0.750687, 0.344897, 0.39508499999999996, 0.390868, 0.15753299999999998,
    1.1863810000000001, 0.8044819999999999, 0.37817700000000004, 0.834216,
    0.467549, 0.41532100000000005, 1.35115, 0.242621, 1.581507,
    0.5510320000000001, 0.9552419999999999, 0.713934, 0.432933, 0.988067,
    1.229622, 1.024464, 0.70511, 1.9529590000000001, 1.164009,
    0.6781849999999999, 0.971431, 0.49666000000000005, 0.982737, 0.920852,
    0.949697, 0.40740699999999996, 0.790794, 0.919076, 1.395318, 0.913669,
    1.022264, 1.402981, 1.775285, 0.348523, 1.495489, 1.6890340000000001,
    0.857133, 0.967825, 0.40887599999999996, 0.475109, 0.707392, 0.869257,
    1.2548119999999998, 1.5093530000000002, 1.558006
  ],
  [
    1.1397950000000001, 0.288971, 1.0812929999999998, 2.403619, 1.141973,
    0.30601, 0.32575400000000004, 0.389034, 1.123541, 0.73511, 0.59056,
    0.684198, 0.297671, 0.39624000000000004, 0.5816520000000001, 1.194096,
    0.7196950000000001, 0.709806, 0.541282, 0.179666, 0.6758460000000001,
    1.1625999999999999, 1.0953689999999998, 0.646197, 0.6510589999999999,
    0.178917, 0.0, 0.10909, 0.094432, 0.279582, 0.38405, 0.200475, 0.989469,
    0.583679, 0.361909, 0.6296499999999999, 0.026595, 1.035941, 0.913464,
    0.6169600000000001, 1.072999, 0.706332, 0.523251, 1.460132, 0.540613,
    1.594939, 0.789814, 1.194024, 0.535018, 0.42386399999999996, 0.837626,
    1.176535, 1.037896, 0.718542, 1.795622, 1.177441, 0.916968, 0.828271,
    0.48758999999999997, 1.091719, 0.9342849999999999, 1.33572, 0.677551,
    1.029576, 1.157859, 1.1514069999999998, 1.1524510000000001,
    1.1312460000000002, 1.6250740000000001, 1.788718, 0.295436, 1.072639,
    1.798017, 0.870565, 0.9812580000000001, 0.229959, 0.330289, 0.625165,
    0.9782390000000001, 1.104371, 1.33734, 1.6669880000000001
  ],
  [
    1.131425, 0.263336, 0.960597, 2.314179, 1.021277, 0.411642, 0.205058,
    0.363399, 1.002846, 0.614414, 0.696193, 0.78983, 0.176976, 0.501872,
    0.6872849999999999, 1.299728, 0.599, 0.5891109999999999, 0.5185960000000001,
    0.05897, 0.555151, 1.268232, 1.086999, 0.5255019999999999,
    0.5303640000000001, 0.25953, 0.10909, 0.0, 0.026263, 0.17049199999999998,
    0.274961, 0.09138500000000001, 1.110165, 0.704375, 0.336274, 0.750346,
    0.11934099999999999, 0.926851, 1.0341600000000002, 0.737655, 1.193694,
    0.8270270000000001, 0.643947, 1.431559, 0.661308, 1.48585, 0.91051,
    1.314719, 0.655713, 0.544559, 0.728537, 1.067445, 0.928807, 0.609452,
    1.916318, 1.001832, 1.037663, 0.948967, 0.608286, 1.212415, 0.825195,
    1.22663, 0.798246, 1.150272, 1.2785540000000002, 1.141464, 1.273147,
    1.251941, 1.515984, 1.679628, 0.186346, 1.104264, 1.918712, 0.761475,
    0.872168, 0.350655, 0.21557900000000002, 0.74586, 1.098935, 0.995282,
    1.4580350000000002, 1.787684
  ],
  [
    1.105161, 0.25902, 0.986861, 2.340442, 1.04754, 0.400442, 0.231321,
    0.35908300000000004, 1.0291089999999998, 0.640677, 0.6849930000000001,
    0.77863, 0.203239, 0.49067200000000005, 0.6760839999999999,
    1.2885280000000001, 0.625263, 0.615374, 0.492333, 0.085233, 0.581414,
    1.257032, 1.0607360000000001, 0.551765, 0.556627, 0.233267, 0.094432,
    0.026263, 0.0, 0.19675499999999999, 0.301224, 0.117648, 1.083901, 0.678111,
    0.33195800000000003, 0.724082, 0.09307800000000001, 0.953115, 1.007897,
    0.711392, 1.167431, 0.800764, 0.618736, 1.457823, 0.635045, 1.445594,
    0.884247, 1.2884559999999998, 0.6294500000000001, 0.5182960000000001,
    0.7547999999999999, 1.093709, 0.9550700000000001, 0.6357160000000001,
    1.890055, 1.028096, 1.0114, 0.9227029999999999, 0.5820230000000001,
    1.1861510000000002, 0.8514579999999999, 1.252893, 0.771983, 1.124009,
    1.252291, 1.167728, 1.246884, 1.225678, 1.5422470000000001, 1.705891,
    0.21261000000000002, 1.130527, 1.892449, 0.7877390000000001,
    0.8984310000000001, 0.324392, 0.241842, 0.7195969999999999,
    1.0726710000000002, 1.021545, 1.431772, 1.76142
  ],
  [
    1.293538, 0.385958, 1.017457, 2.37314, 1.078136, 0.5830700000000001,
    0.32768, 0.48602100000000004, 1.059705, 0.671273, 0.8666849999999999,
    0.9612580000000001, 0.187545, 0.672365, 0.857777, 1.470221, 0.503255,
    0.49336599999999997, 0.6807089999999999, 0.181592, 0.6120099999999999,
    1.4387249999999998, 1.249112, 0.582361, 0.520704, 0.430022, 0.279582,
    0.17049199999999998, 0.19675499999999999, 0.0, 0.397583, 0.214007, 1.280657,
    0.874867, 0.458896, 0.9208379999999999, 0.289834, 0.831106, 1.204652,
    0.908147, 1.331203, 1.060928, 0.8144389999999999, 1.4218989999999998,
    0.831801, 1.4761900000000001, 1.081002, 1.485212, 0.8317680000000001,
    0.7480220000000001, 0.632792, 1.124305, 0.919147, 0.599792, 2.091882,
    1.058692, 1.208156, 1.125022, 0.811749, 1.3829069999999999, 0.815535,
    1.21697, 0.968739, 1.3207639999999998, 1.393999, 1.011513, 1.450529,
    1.422433, 1.506324, 1.6699680000000001, 0.308968, 0.9743120000000001,
    2.089204, 0.751815, 0.862508, 0.554118, 0.20591900000000002,
    0.9219149999999999, 1.2694269999999999, 0.985622, 1.6340899999999998,
    1.995434
  ],
  [
    1.1653209999999998, 0.11540900000000001, 0.936, 2.289581,
    0.9966799999999999, 0.686603, 0.069903, 0.215472, 0.978249, 0.589817,
    0.815926, 1.064791, 0.193132, 0.6955950000000001, 0.807018, 1.290309,
    0.775657, 0.765768, 0.552493, 0.21599100000000002, 0.530553,
    1.2588130000000002, 1.120896, 0.500904, 0.49449, 0.437137, 0.38405,
    0.274961, 0.301224, 0.397583, 0.0, 0.366359, 1.1445450000000001,
    1.1621210000000002, 0.302721, 1.2080920000000002, 0.5770879999999999,
    1.04453, 1.491906, 0.9163519999999999, 1.007349, 0.737074, 1.101693,
    1.0980450000000002, 0.878281, 1.152336, 1.3682560000000001, 1.270309,
    1.113459, 1.002305, 0.846216, 0.800451, 0.595293, 0.27593799999999996,
    2.3740639999999997, 0.734838, 1.132555, 1.4067129999999999,
    1.0660319999999999, 1.670161, 0.491681, 0.893116, 0.8988700000000001,
    1.2436530000000001, 1.070145, 1.30488, 1.1266749999999999,
    1.5202529999999999, 1.1824700000000001, 1.346114, 0.344534, 1.267679,
    2.279508, 0.42796100000000004, 0.538654, 0.8084009999999999, 0.356636,
    1.203606, 1.556681, 0.9292849999999999, 1.915781, 1.6715799999999998
  ],
  [
    1.079529, 0.17194900000000002, 0.8692110000000001, 2.222792, 0.92989,
    0.503027, 0.11367100000000001, 0.272012, 0.9114589999999999, 0.523027,
    0.730133, 0.881216, 0.126342, 0.6098020000000001, 0.721225,
    1.2045160000000001, 0.642515, 0.632626, 0.4667, 0.032415, 0.463764,
    1.1730209999999999, 1.035103, 0.43411500000000003, 0.427701,
    0.35091500000000003, 0.200475, 0.09138500000000001, 0.117648, 0.214007,
    0.366359, 0.0, 1.20155, 0.79576, 0.244887, 0.841731, 0.210727, 0.970366,
    1.125545, 0.82904, 1.182957, 0.912682, 0.736384, 1.273653, 0.752694,
    1.327944, 1.001895, 1.445917, 0.7470979999999999, 0.635944,
    0.7720520000000001, 0.976058, 0.7709, 0.451546, 2.007703,
    0.9104450000000001, 1.129048, 1.0403520000000002, 0.699671,
    1.3037999999999998, 0.667289, 1.068724, 0.889631, 1.241657,
    1.2457529999999999, 1.18498, 1.3022829999999999, 1.343326, 1.358078,
    1.521722, 0.094959, 1.147779, 2.010097, 0.6035689999999999, 0.714262,
    0.44204000000000004, 0.259094, 0.837245, 1.19032, 0.9802390000000001,
    1.5494210000000002, 1.847188
  ],
  [
    0.240205, 1.015702, 0.921224, 1.858972, 0.6699769999999999,
    1.1173879999999998, 1.2144480000000002, 1.015021, 0.6791710000000001,
    0.987487, 0.513229, 1.3936030000000001, 1.2776969999999999, 0.614293,
    0.504321, 0.854485, 1.670472, 1.6605830000000001, 0.45711399999999996,
    1.169135, 1.080287, 0.8229890000000001, 0.19578, 1.039268, 1.215603,
    0.750687, 0.989469, 1.110165, 1.083901, 1.280657, 1.1445450000000001,
    1.20155, 0.0, 0.405738, 0.973152, 0.359819, 0.978044, 1.8627529999999999,
    0.544556, 0.179898, 0.16802099999999998, 0.155379, 0.607676, 0.626867,
    0.167961, 0.982352, 0.281204, 0.28904599999999997, 1.385309, 0.982523,
    1.664438, 0.630467, 0.969031, 0.861352, 2.502548, 0.705091,
    0.07250100000000001, 1.521021, 1.04625, 0.7357250000000001,
    1.2639010000000002, 0.283501, 0.18855000000000002, 0.426389, 0.25288,
    1.9449079999999999, 0.309411, 0.677883, 0.7367859999999999, 1.387464,
    0.9209930000000001, 2.045079, 1.442022, 1.053285, 1.310875, 1.106225,
    1.182911, 1.256982, 1.07426, 1.449198, 2.058943, 1.1509010000000002
  ],
  [
    0.561452, 0.8726499999999999, 1.242471, 1.875135, 0.991223, 0.711598,
    0.909433, 0.9727129999999999, 1.0004170000000001, 1.318789, 0.233283,
    0.9878129999999999, 0.881351, 0.23352699999999998, 0.224375, 0.68644,
    1.303374, 1.2934860000000001, 0.051323999999999995, 0.763345, 1.259525,
    0.654944, 0.517026, 1.229876, 1.2347380000000001, 0.344897, 0.583679,
    0.704375, 0.678111, 0.874867, 1.1621210000000002, 0.79576, 0.405738, 0.0,
    0.561765, 0.045918999999999995, 0.572254, 1.456963, 0.39463400000000004,
    0.106844, 0.489267, 0.35275, 0.32773, 0.931648, 0.237077, 1.303599,
    0.206083, 0.6102920000000001, 0.993835, 0.5910489999999999, 1.258648,
    0.9517129999999999, 1.290278, 0.87179, 2.111074, 1.026338, 0.333236,
    1.129547, 0.6547759999999999, 0.585803, 1.087532, 0.6047480000000001,
    0.354436, 0.44584500000000005, 0.5741269999999999, 1.553434, 0.56872,
    0.6027619999999999, 1.0580319999999999, 1.70871, 0.515203, 1.653605,
    1.2920999999999998, 1.023812, 1.134505, 0.714751, 0.777121, 0.865508,
    0.805021, 1.400482, 1.667469, 1.138505
  ],
  [
    0.893594, 0.072899, 0.64391, 1.901855, 0.657421, 0.667918, 0.260777,
    0.027125, 0.666615, 0.29772699999999996, 0.773873, 1.046107,
    0.27344799999999997, 0.6535420000000001, 0.764965, 1.2482570000000002,
    0.828648, 0.81876, 0.51044, 0.277304, 0.23846299999999998,
    1.3607770000000001, 0.849168, 0.104885, 0.373779, 0.39508499999999996,
    0.361909, 0.336274, 0.33195800000000003, 0.458896, 0.302721, 0.244887,
    0.973152, 0.561765, 0.0, 0.991559, 0.360555, 1.152447, 1.275373, 0.447061,
    0.8507, 0.42789299999999997, 0.88516, 0.901477, 0.249271,
    0.9971720000000001, 1.184609, 1.11366, 0.896927, 0.785773, 0.954133,
    0.6452859999999999, 0.5456, 0.226246, 2.157531, 0.685145,
    0.9759059999999999, 1.19018, 0.849499, 1.453628, 0.441988, 0.736467,
    0.31765499999999997, 1.087005, 0.913496, 1.412797, 0.9700259999999999,
    1.321119, 1.0235560000000001, 1.402283, 0.171055, 1.375596, 2.088221,
    0.378269, 0.488962, 0.5918680000000001, 0.464553, 0.987074, 1.340148,
    1.187068, 1.699249, 1.480761
  ],
  [
    0.515533, 0.918621, 1.1965519999999998, 1.829216, 0.9453039999999999,
    0.7575689999999999, 0.955404, 1.018684, 0.954499, 1.262814, 0.187365,
    1.033784, 0.9273210000000001, 0.27949799999999997, 0.17845599999999998,
    0.640521, 1.349345, 1.3394570000000001, 0.097295, 0.809316, 1.305496,
    0.6090249999999999, 0.47110700000000005, 1.275847, 1.280709, 0.390868,
    0.6296499999999999, 0.750346, 0.724082, 0.9208379999999999,
    1.2080920000000002, 0.841731, 0.359819, 0.045918999999999995, 0.991559, 0.0,
    0.618225, 1.502933, 0.348716, 0.075033, 0.443349, 0.32093900000000003,
    0.281811, 0.88573, 0.20526499999999998, 1.2576800000000001, 0.160164,
    0.564374, 1.039806, 0.63702, 1.304619, 0.9057949999999999, 1.244359,
    0.9177609999999999, 2.157046, 0.9804189999999999, 0.28731799999999996,
    1.175518, 0.700747, 0.539884, 1.133503, 0.5588289999999999, 0.322625,
    0.399926, 0.528208, 1.599405, 0.5228010000000001, 0.556844, 1.012113,
    1.6627919999999998, 0.561174, 1.699576, 1.2461820000000001, 1.069783,
    1.180476, 0.760722, 0.8230919999999999, 0.911479, 0.759103, 1.724526,
    1.71344, 1.092586
  ],
  [
    1.133758, 0.287617, 1.079939, 2.430213, 1.1406189999999998,
    0.33260500000000004, 0.32439999999999997, 0.38768, 1.1221869999999998,
    0.733756, 0.617155, 0.710793, 0.296317, 0.42283499999999996, 0.608247,
