[
    [
        0.0,
        1.248286,
        0.721686,
        0.704238,
        0.812286,
        0.23319700000000002,
        1.461425,
        0.730107,
        0.111321,
        0.933589,
        1.2761259999999999,
        0.524221,
        2.676729,
        0.28974,
        0.982572,
        0.772516,
        0.666088,
        2.0584189999999998,
        0.547042,
        0.9427279999999999
    ],
    [
        1.248286,
        0.0,
        1.073094,
        1.874734,
        1.061105,
        1.0422829999999998,
        1.9267059999999998,
        1.1243130000000001,
        1.170573,
        0.45826999999999996,
        0.46704,
        1.726784,
        3.445798,
        1.147491,
        1.96729,
        0.522655,
        0.977874,
        2.548292,
        1.129221,
        0.326679
    ],
    [
        0.721686,
        1.073094,
        0.0,
        1.425924,
        1.1002180000000001,
        0.564909,
        0.781066,
        0.085919,
        0.644798,
        1.186161,
        0.5963890000000001,
        1.2459069999999999,
        2.29648,
        0.455655,
        0.863262,
        0.595776,
        0.19078,
        1.402651,
        0.247305,
        0.929787
    ],
    [
        0.704238,
        1.874734,
        1.425924,
        0.0,
        1.362155,
        0.93187,
        1.687683,
        1.42878,
        0.809994,
        1.561588,
        1.904126,
        0.179081,
        2.3603739999999998,
        0.988413,
        1.010298,
        1.471189,
        1.364761,
        2.0861460000000003,
        1.245715,
        1.5707280000000001
    ],
    [
        0.812286,
        1.061105,
        1.1002180000000001,
        1.362155,
        0.0,
        0.607785,
        1.83944,
        1.108122,
        0.707379,
        0.863993,
        1.2065299999999999,
        1.214205,
        3.2190320000000003,
        0.7155170000000001,
        1.533122,
        0.8504729999999999,
        1.029058,
        2.4610250000000002,
        0.910011,
        0.8731319999999999
    ],
    [
        0.23319700000000002,
        1.0422829999999998,
        0.564909,
        0.93187,
        0.607785,
        0.0,
        1.3046479999999998,
        0.573331,
        0.12829,
        0.700392,
        1.042929,
        0.757418,
        2.668346,
        0.16483099999999998,
        0.9824360000000001,
        0.539292,
        0.509311,
        1.9262329999999999,
        0.390265,
        0.709532
    ],
    [
        1.461425,
        1.9267059999999998,
        0.781066,
        1.687683,
        1.83944,
        1.3046479999999998,
        0.0,
        0.843776,
        1.3845370000000001,
        1.9259000000000002,
        1.356984,
        1.5822070000000001,
        1.665586,
        1.195395,
        0.715272,
        1.3616780000000002,
        0.956682,
        0.646927,
        0.9990760000000001,
        1.690382
    ],
    [
        0.730107,
        1.1243130000000001,
        0.085919,
        1.42878,
        1.108122,
        0.573331,
        0.843776,
        0.0,
        0.6532190000000001,
        1.1945830000000002,
        0.647608,
        1.254329,
        2.356246,
        0.464077,
        0.823047,
        0.589,
        0.147367,
        1.466078,
        0.169459,
        0.9810059999999999
    ],
    [
        0.111321,
        1.170573,
        0.644798,
        0.809994,
        0.707379,
        0.12829,
        1.3845370000000001,
        0.6532190000000001,
        0.0,
        0.828682,
        1.171219,
        0.635542,
        2.645858,
        0.212852,
        0.959948,
        0.667609,
        0.5892000000000001,
        2.006122,
        0.47015300000000004,
        0.837821
    ],
    [
        0.933589,
        0.45826999999999996,
        1.186161,
        1.561588,
        0.863993,
        0.700392,
        1.9259000000000002,
        1.1945830000000002,
        0.828682,
        0.0,
        0.464989,
        1.390966,
        3.3173820000000003,
        0.811673,
        1.631472,
        0.107335,
        0.602183,
        2.5469679999999997,
        0.753529,
        0.131591
    ],
    [
        1.2761259999999999,
        0.46704,
        0.5963890000000001,
        1.904126,
        1.2065299999999999,
        1.042929,
        1.356984,
        0.647608,
        1.171219,
        0.464989,
        0.0,
        1.733503,
        2.880331,
        1.0318409999999998,
        1.439448,
        0.267825,
        0.510834,
        1.9882339999999998,
        0.66218,
        0.333398
    ],
    [
        0.524221,
        1.726784,
        1.2459069999999999,
        0.179081,
        1.214205,
        0.757418,
        1.5822070000000001,
        1.254329,
        0.635542,
        1.390966,
        1.733503,
        0.0,
        2.488309,
        0.8215439999999999,
        0.904822,
        1.30432,
        1.197893,
        1.980669,
        1.078846,
        1.403859
    ],
    [
        2.676729,
        3.445798,
        2.29648,
        2.3603739999999998,
        3.2190320000000003,
        2.668346,
        1.665586,
        2.356246,
        2.645858,
        3.3173820000000003,
        2.880331,
        2.488309,
        0.0,
        2.572586,
        1.730612,
        2.865471,
        2.460474,
        1.016788,
        2.51822,
        3.333834
    ],
    [
        0.28974,
        1.147491,
        0.455655,
        0.988413,
        0.7155170000000001,
        0.16483099999999998,
        1.195395,
        0.464077,
        0.212852,
        0.811673,
        1.0318409999999998,
        0.8215439999999999,
        2.572586,
        0.0,
        0.873183,
        0.5989030000000001,
        0.40005799999999997,
        1.81698,
        0.281011,
        0.817264
    ],
    [
        0.982572,
        1.96729,
        0.863262,
        1.010298,
        1.533122,
        0.9824360000000001,
        0.715272,
        0.823047,
        0.959948,
        1.631472,
        1.439448,
        0.904822,
        1.730612,
        0.873183,
        0.0,
        1.327989,
        0.8107920000000001,
        1.112302,
        0.832883,
        1.6484960000000002
    ],
    [
        0.772516,
        0.522655,
        0.595776,
        1.471189,
        0.8504729999999999,
        0.539292,
        1.3616780000000002,
        0.589,
        0.667609,
        0.107335,
        0.267825,
        1.30432,
        2.865471,
        0.5989030000000001,
        1.327989,
        0.0,
        0.500717,
        1.9779570000000002,
        0.652063,
        0.238899
    ],
    [
        0.666088,
        0.977874,
        0.19078,
        1.364761,
        1.029058,
        0.509311,
        0.956682,
        0.147367,
        0.5892000000000001,
        0.602183,
        0.510834,
        1.197893,
        2.460474,
        0.40005799999999997,
        0.8107920000000001,
        0.500717,
        0.0,
        1.5729600000000001,
        0.08053400000000001,
        0.733774
    ],
    [
        2.0584189999999998,
        2.548292,
        1.402651,
        2.0861460000000003,
        2.4610250000000002,
        1.9262329999999999,
        0.646927,
        1.466078,
        2.006122,
        2.5469679999999997,
        1.9882339999999998,
        1.980669,
        1.016788,
        1.81698,
        1.112302,
        1.9779570000000002,
        1.5729600000000001,
        0.0,
        1.6206610000000001,
        2.311967
    ],
    [
        0.547042,
        1.129221,
        0.247305,
        1.245715,
        0.910011,
        0.390265,
        0.9990760000000001,
        0.169459,
        0.47015300000000004,
        0.753529,
        0.66218,
        1.078846,
        2.51822,
        0.281011,
        0.832883,
        0.652063,
        0.08053400000000001,
        1.6206610000000001,
        0.0,
        0.766728
    ],
    [
        0.9427279999999999,
        0.326679,
        0.929787,
        1.5707280000000001,
        0.8731319999999999,
        0.709532,
        1.690382,
        0.9810059999999999,
        0.837821,
        0.131591,
        0.333398,
        1.403859,
        3.333834,
        0.817264,
        1.6484960000000002,
        0.238899,
        0.733774,
        2.311967,
        0.766728,
        0.0
    ]
]