[
    [
        0.0,
        1.599823,
        1.942559,
        0.483259,
        0.8788469999999999,
        3.1692489999999998,
        0.511845,
        0.658799,
        0.540267,
        3.57904,
        2.2377260000000003,
        0.5749500000000001,
        1.3576489999999999,
        1.486065,
        1.1819369999999998,
        1.44068,
        1.094125,
        0.46295299999999995,
        2.63081,
        1.137605
    ],
    [
        1.599823,
        0.0,
        1.391529,
        1.7639880000000001,
        0.718891,
        4.6820010000000005,
        1.443868,
        1.2235630000000002,
        1.2295989999999999,
        4.828492,
        1.607916,
        1.3807639999999999,
        2.007653,
        2.136069,
        1.638375,
        0.462346,
        0.560018,
        1.826991,
        2.345812,
        0.609801
    ],
    [
        1.942559,
        1.391529,
        0.0,
        1.85612,
        1.176066,
        3.73373,
        1.532262,
        1.329052,
        2.065233,
        3.953969,
        0.29516699999999996,
        1.4691569999999998,
        1.157325,
        1.282433,
        0.807395,
        1.593039,
        1.5033109999999998,
        2.340891,
        1.033062,
        1.5699480000000001
    ],
    [
        0.483259,
        1.7639880000000001,
        1.85612,
        0.0,
        1.0661679999999998,
        2.973395,
        0.32327,
        0.605008,
        1.023526,
        3.03742,
        2.175507,
        0.38637400000000005,
        1.158101,
        1.2865170000000001,
        1.043508,
        1.923939,
        1.5773840000000001,
        0.8146950000000001,
        2.568591,
        1.620864
    ],
    [
        0.8788469999999999,
        0.718891,
        1.176066,
        1.0661679999999998,
        0.0,
        3.9085210000000004,
        0.738774,
        0.502556,
        0.942864,
        4.123397,
        1.438637,
        0.675669,
        1.325184,
        1.4536,
        0.9559059999999999,
        0.7599940000000001,
        0.427404,
        1.2453910000000001,
        1.837056,
        0.494041
    ],
    [
        3.1692489999999998,
        4.6820010000000005,
        3.73373,
        2.973395,
        3.9085210000000004,
        0.0,
        3.068122,
        3.316874,
        3.691623,
        0.426832,
        3.978097,
        3.131227,
        2.752392,
        2.7189940000000004,
        2.993531,
        4.592037,
        4.245482,
        3.206353,
        3.471966,
        4.2889610000000005
    ],
    [
        0.511845,
        1.443868,
        1.532262,
        0.32327,
        0.738774,
        3.068122,
        0.0,
        0.269903,
        0.9028099999999999,
        3.300182,
        1.856211,
        0.063105,
        0.974168,
        1.102584,
        0.816767,
        1.542224,
        1.19567,
        0.8563390000000001,
        2.2492959999999997,
        1.2391489999999998
    ],
    [
        0.658799,
        1.2235630000000002,
        1.329052,
        0.605008,
        0.502556,
        3.316874,
        0.269903,
        0.0,
        0.816667,
        3.6934780000000003,
        1.6422139999999998,
        0.206361,
        0.981885,
        1.110302,
        0.67112,
        1.242985,
        0.910395,
        1.049393,
        2.035298,
        1.053873
    ],
    [
        0.540267,
        1.2295989999999999,
        2.065233,
        1.023526,
        0.942864,
        3.691623,
        0.9028099999999999,
        0.816667,
        0.0,
        4.1010029999999995,
        2.3422579999999997,
        0.787732,
        1.5792490000000001,
        1.707665,
        1.403537,
        0.976481,
        0.778807,
        0.8035460000000001,
        2.7406770000000003,
        0.682015
    ],
    [
        3.57904,
        4.828492,
        3.953969,
        3.03742,
        4.123397,
        0.426832,
        3.300182,
        3.6934780000000003,
        4.1010029999999995,
        0.0,
        4.215914,
        3.358446,
        2.990208,
        2.956811,
        3.2313470000000004,
        5.012430999999999,
        4.662214,
        3.626748,
        3.7411309999999998,
        4.705694
    ],
    [
        2.2377260000000003,
        1.607916,
        0.29516699999999996,
        2.175507,
        1.438637,
        3.978097,
        1.856211,
        1.6422139999999998,
        2.3422579999999997,
        4.215914,
        0.0,
        1.764323,
        1.414569,
        1.539678,
        1.064639,
        1.8364310000000001,
        1.798477,
        2.6360569999999997,
        0.807952,
        1.865115
    ],
    [
        0.5749500000000001,
        1.3807639999999999,
        1.4691569999999998,
        0.38637400000000005,
        0.675669,
        3.131227,
        0.063105,
        0.206361,
        0.787732,
        3.358446,
        1.764323,
        0.0,
        0.911063,
        1.039479,
        0.735352,
        1.47912,
        1.132565,
        0.888938,
        2.186191,
        1.176044
    ],
    [
        1.3576489999999999,
        2.007653,
        1.157325,
        1.158101,
        1.325184,
        2.752392,
        0.974168,
        0.981885,
        1.5792490000000001,
        2.990208,
        1.414569,
        0.911063,
        0.0,
        0.221828,
        0.38715499999999997,
        2.0453989999999997,
        1.7128079999999999,
        1.687234,
        1.64926,
        1.8998119999999998
    ],
    [
        1.486065,
        2.136069,
        1.282433,
        1.2865170000000001,
        1.4536,
        2.7189940000000004,
        1.102584,
        1.110302,
        1.707665,
        2.956811,
        1.539678,
        1.039479,
        0.221828,
        0.0,
        0.573781,
        2.232025,
        1.899435,
        1.7672249999999998,
        1.5227629999999999,
        2.0864380000000002
    ],
    [
        1.1819369999999998,
        1.638375,
        0.807395,
        1.043508,
        0.9559059999999999,
        2.993531,
        0.816767,
        0.67112,
        1.403537,
        3.2313470000000004,
        1.064639,
        0.735352,
        0.38715499999999997,
        0.573781,
        0.0,
        1.741038,
        1.408507,
        1.596878,
        1.3842349999999999,
        1.475144
    ],
    [
        1.44068,
        0.462346,
        1.593039,
        1.923939,
        0.7599940000000001,
        4.592037,
        1.542224,
        1.242985,
        0.976481,
        5.012430999999999,
        1.8364310000000001,
        1.47912,
        2.0453989999999997,
        2.232025,
        1.741038,
        0.0,
        0.348686,
        1.780982,
        2.404742,
        0.39250599999999997
    ],
    [
        1.094125,
        0.560018,
        1.5033109999999998,
        1.5773840000000001,
        0.427404,
        4.245482,
        1.19567,
        0.910395,
        0.778807,
        4.662214,
        1.798477,
        1.132565,
        1.7128079999999999,
        1.899435,
        1.408507,
        0.348686,
        0.0,
        1.420236,
        2.142284,
        0.10107200000000001
    ],
    [
        0.46295299999999995,
        1.826991,
        2.340891,
        0.8146950000000001,
        1.2453910000000001,
        3.206353,
        0.8563390000000001,
        1.049393,
        0.8035460000000001,
        3.626748,
        2.6360569999999997,
        0.888938,
        1.687234,
        1.7672249999999998,
        1.596878,
        1.780982,
        1.420236,
        0.0,
        3.040307,
        1.4148720000000001
    ],
    [
        2.63081,
        2.345812,
        1.033062,
        2.568591,
        1.837056,
        3.471966,
        2.2492959999999997,
        2.035298,
        2.7406770000000003,
        3.7411309999999998,
        0.807952,
        2.186191,
        1.64926,
        1.5227629999999999,
        1.3842349999999999,
        2.404742,
        2.142284,
        3.040307,
        0.0,
        2.258318
    ],
    [
        1.137605,
        0.609801,
        1.5699480000000001,
        1.620864,
        0.494041,
        4.2889610000000005,
        1.2391489999999998,
        1.053873,
        0.682015,
        4.705694,
        1.865115,
        1.176044,
        1.8998119999999998,
        2.0864380000000002,
        1.475144,
        0.39250599999999997,
        0.10107200000000001,
        1.4148720000000001,
        2.258318,
        0.0
    ]
]