[
    [
        0.0,
        1.0673240000000002,
        1.208093,
        1.9052529999999999,
        1.439349,
        0.489389,
        0.72735,
        1.0323740000000001,
        0.461129,
        0.390455,
        0.6013740000000001,
        1.9227319999999999,
        1.968219,
        2.131535,
        3.027272,
        0.869836,
        1.2926769999999999,
        0.7813869999999999,
        0.5216040000000001,
        1.0626179999999998
    ],
    [
        1.0673240000000002,
        0.0,
        0.304907,
        2.652517,
        1.1391,
        0.6753170000000001,
        0.521882,
        0.11687099999999999,
        1.040508,
        0.934649,
        1.3486369999999999,
        1.463554,
        1.479436,
        1.642752,
        2.058107,
        0.9810639999999999,
        0.389491,
        0.892615,
        0.611463,
        1.412191
    ],
    [
        1.208093,
        0.304907,
        0.0,
        2.520751,
        0.834193,
        0.7444550000000001,
        0.651766,
        0.198326,
        1.109646,
        1.0037859999999998,
        1.472186,
        1.158646,
        1.174528,
        1.337844,
        1.134479,
        1.050202,
        0.084584,
        0.820984,
        0.6806,
        1.1072840000000002
    ],
    [
        1.9052529999999999,
        2.652517,
        2.520751,
        0.0,
        1.738386,
        2.079121,
        2.317082,
        2.622106,
        1.4743620000000002,
        1.73523,
        1.4224210000000002,
        1.967845,
        2.162066,
        2.3253820000000003,
        2.969761,
        2.459569,
        2.518038,
        2.2502579999999996,
        2.1113359999999997,
        1.684232
    ],
    [
        1.439349,
        1.1391,
        0.834193,
        1.738386,
        0.0,
        0.951572,
        1.409982,
        1.032519,
        1.112503,
        0.8330839999999999,
        1.066006,
        0.463471,
        0.52887,
        0.6921860000000001,
        1.2832029999999999,
        0.8426939999999999,
        0.83148,
        0.659574,
        1.087465,
        0.785156
    ],
    [
        0.489389,
        0.6753170000000001,
        0.7444550000000001,
        2.079121,
        0.951572,
        0.0,
        0.530929,
        0.568736,
        0.410138,
        0.304278,
        0.758401,
        1.413431,
        1.4788299999999999,
        1.6421459999999999,
        1.770133,
        0.38044799999999995,
        0.829039,
        0.291998,
        0.193547,
        0.380301
    ],
    [
        0.72735,
        0.521882,
        0.651766,
        2.317082,
        1.409982,
        0.530929,
        0.0,
        0.402145,
        0.622217,
        0.516358,
        0.930821,
        1.5957560000000002,
        1.6611559999999999,
        1.824471,
        2.53765,
        0.5627730000000001,
        0.6624479999999999,
        0.474324,
        0.154058,
        0.586054
    ],
    [
        1.0323740000000001,
        0.11687099999999999,
        0.198326,
        2.622106,
        1.032519,
        0.568736,
        0.402145,
        0.0,
        0.9339270000000001,
        0.828067,
        1.296467,
        1.356972,
        1.372854,
        1.53617,
        2.135505,
        0.8744829999999999,
        0.28291000000000005,
        0.786033,
        0.504881,
        1.30561
    ],
    [
        0.461129,
        1.040508,
        1.109646,
        1.4743620000000002,
        1.112503,
        0.410138,
        0.622217,
        0.9339270000000001,
        0.0,
        0.260867,
        0.151522,
        1.4728800000000002,
        1.627208,
        1.7905239999999998,
        2.002376,
        0.6366799999999999,
        1.1942300000000001,
        0.65719,
        0.5587380000000001,
        0.504779
    ],
    [
        0.390455,
        0.934649,
        1.0037859999999998,
        1.73523,
        0.8330839999999999,
        0.304278,
        0.516358,
        0.828067,
        0.260867,
        0.0,
        0.412389,
        1.296554,
        1.3619539999999999,
        1.52527,
        1.7313399999999999,
        0.365643,
        1.093856,
        0.55133,
        0.45287900000000003,
        0.303722
    ],
    [
        0.6013740000000001,
        1.3486369999999999,
        1.472186,
        1.4224210000000002,
        1.066006,
        0.758401,
        0.930821,
        1.296467,
        0.151522,
        0.412389,
        0.0,
        1.364282,
        1.5305799999999998,
        1.693896,
        2.292823,
        1.1518789999999999,
        1.574719,
        1.0634290000000002,
        0.803222,
        0.6223780000000001
    ],
    [
        1.9227319999999999,
        1.463554,
        1.158646,
        1.967845,
        0.463471,
        1.413431,
        1.5957560000000002,
        1.356972,
        1.4728800000000002,
        1.296554,
        1.364282,
        0.0,
        0.605634,
        0.772177,
        1.592375,
        1.288263,
        1.195189,
        1.105142,
        1.5330329999999999,
        1.14304
    ],
    [
        1.968219,
        1.479436,
        1.174528,
        2.162066,
        0.52887,
        1.4788299999999999,
        1.6611559999999999,
        1.372854,
        1.627208,
        1.3619539999999999,
        1.5305799999999998,
        0.605634,
        0.0,
        0.238868,
        1.173133,
        1.367977,
        1.158238,
        1.184856,
        1.612748,
        1.2917809999999998
    ],
    [
        2.131535,
        1.642752,
        1.337844,
        2.3253820000000003,
        0.6921860000000001,
        1.6421459999999999,
        1.824471,
        1.53617,
        1.7905239999999998,
        1.52527,
        1.693896,
        0.772177,
        0.238868,
        0.0,
        1.271482,
        1.5293109999999999,
        1.316933,
        1.34619,
        1.7740820000000002,
        1.464432
    ],
    [
        3.027272,
        2.058107,
        1.134479,
        2.969761,
        1.2832029999999999,
        1.770133,
        2.53765,
        2.135505,
        2.002376,
        1.7313399999999999,
        2.292823,
        1.592375,
        1.173133,
        1.271482,
        0.0,
        1.646116,
        1.067115,
        1.4629960000000002,
        2.620152,
        1.746458
    ],
    [
        0.869836,
        0.9810639999999999,
        1.050202,
        2.459569,
        0.8426939999999999,
        0.38044799999999995,
        0.5627730000000001,
        0.8744829999999999,
        0.6366799999999999,
        0.365643,
        1.1518789999999999,
        1.288263,
        1.367977,
        1.5293109999999999,
        1.646116,
        0.0,
        1.007021,
        0.183121,
        0.516341,
        0.158002
    ],
    [
        1.2926769999999999,
        0.389491,
        0.084584,
        2.518038,
        0.83148,
        0.829039,
        0.6624479999999999,
        0.28291000000000005,
        1.1942300000000001,
        1.093856,
        1.574719,
        1.195189,
        1.158238,
        1.316933,
        1.067115,
        1.007021,
        0.0,
        0.8255119999999999,
        0.765184,
        1.1118119999999998
    ],
    [
        0.7813869999999999,
        0.892615,
        0.820984,
        2.2502579999999996,
        0.659574,
        0.291998,
        0.474324,
        0.786033,
        0.65719,
        0.55133,
        1.0634290000000002,
        1.105142,
        1.184856,
        1.34619,
        1.4629960000000002,
        0.183121,
        0.8255119999999999,
        0.0,
        0.427891,
        0.808357
    ],
    [
        0.5216040000000001,
        0.611463,
        0.6806,
        2.1113359999999997,
        1.087465,
        0.193547,
        0.154058,
        0.504881,
        0.5587380000000001,
        0.45287900000000003,
        0.803222,
        1.5330329999999999,
        1.612748,
        1.7740820000000002,
        2.620152,
        0.516341,
        0.765184,
        0.427891,
        0.0,
        1.2528299999999999
    ],
    [
        1.0626179999999998,
        1.412191,
        1.1072840000000002,
        1.684232,
        0.785156,
        0.380301,
        0.586054,
        1.30561,
        0.504779,
        0.303722,
        0.6223780000000001,
        1.14304,
        1.2917809999999998,
        1.464432,
        1.746458,
        0.158002,
        1.1118119999999998,
        0.808357,
        1.2528299999999999,
        0.0
    ]
]