[
  [
    0.0, 0.47668400000000005, 0.147431, 0.153649, 0.24157, 0.786048, 0.259428,
    0.564078, 0.01918, 0.518018, 0.926493, 0.038112, 0.7929360000000001,
    0.16802799999999998, 0.48787, 0.273901, 0.236927, 0.487744, 1.385322,
    0.9567749999999999, 0.049095, 0.480313, 0.483214, 0.12128900000000001,
    0.564772, 0.215423, 0.235861, 0.374849, 0.439699, 0.432522, 0.179976,
    0.613789, 2.023838, 0.230079, 0.43763799999999997, 0.182504, 0.220507
  ],
  [
    0.47668400000000005, 0.0, 0.634159, 0.439432, 0.6098899999999999, 1.181904,
    0.38188799999999995, 0.48626400000000003, 0.457505, 0.6703600000000001,
    1.048953, 0.5650879999999999, 0.801134, 0.571317, 0.735364,
    0.30605200000000005, 0.52896, 0.438896, 1.781177, 0.6215839999999999,
    0.453788, 0.84547, 0.647982, 0.391659, 0.687231, 0.670774, 0.273783,
    0.12136, 0.604468, 0.554981, 0.5937859999999999, 1.009645, 2.419693,
    0.46530900000000003, 0.8155309999999999, 0.5912580000000001, 0.474899
  ],
  [
    0.147431, 0.634159, 0.0, 0.311124, 0.094136, 0.658339, 0.416903, 0.721553,
    0.16661099999999998, 0.44323599999999996, 0.850362, 0.10931999999999999,
    0.9504109999999999, 0.210895, 0.543684, 0.431376, 0.292741, 0.543558,
    1.2576120000000002, 1.11425, 0.19652699999999998, 0.432269, 0.408432,
    0.278764, 0.48863999999999996, 0.087714, 0.393336, 0.5323239999999999,
    0.364918, 0.356862, 0.23579, 0.48607999999999996, 1.896128,
    0.28589299999999995, 0.30992899999999995, 0.238318, 0.27632100000000004
  ],
  [
    0.153649, 0.439432, 0.311124, 0.0, 0.286854, 0.858869, 0.10578, 0.41043,
    0.134469, 0.38148000000000004, 0.772845, 0.19175999999999999, 0.639288,
    0.32167599999999996, 0.6477580000000001, 0.120252, 0.251442, 0.477603,
    1.458142, 0.805442, 0.130752, 0.6707430000000001, 0.346676, 0.123893,
    0.411123, 0.39884, 0.16878100000000001, 0.337597, 0.303162, 0.278873,
    0.339863, 0.686609, 2.0966579999999997, 0.38996600000000003, 0.492495,
    0.342391, 0.380394
  ],
  [
    0.24157, 0.6098899999999999, 0.094136, 0.286854, 0.0, 0.5720149999999999,
    0.39263400000000004, 0.697284, 0.26507, 0.418966, 0.826112, 0.203458,
    0.926142, 0.317787, 0.683607, 0.40710599999999997, 0.38687900000000003,
    0.64806, 1.171288, 1.089981, 0.261353, 0.5391609999999999, 0.384162,
    0.254494, 0.464371, 0.155681, 0.36906599999999995, 0.508055, 0.340648,
    0.332592, 0.329928, 0.39975499999999997, 1.8098040000000002, 0.380031,
    0.205641, 0.33245600000000003, 0.370459
  ],
  [
    0.786048, 1.181904, 0.658339, 0.858869, 0.5720149999999999, 0.0,
    0.9646480000000001, 1.295833, 0.8052279999999999, 0.970955,
    1.1434849999999999, 0.747937, 1.3822560000000002, 0.807585, 1.173404,
    0.979121, 0.957017, 1.207834, 0.7505080000000001, 1.661995, 0.835144,
    1.028959, 0.956177, 0.826509, 0.925523, 0.645478, 0.9410810000000001,
    1.080069, 0.912663, 0.9046069999999999, 0.885629, 0.377017,
    1.4697170000000002, 0.9501689999999999, 0.531556, 0.8881570000000001,
    0.940596
  ],
  [
    0.259428, 0.38188799999999995, 0.416903, 0.10578, 0.39263400000000004,
    0.9646480000000001, 0.0, 0.368465, 0.240249, 0.288472, 0.667065, 0.29754,
    0.531398, 0.44961900000000005, 0.7574299999999999, 0.075835, 0.361114,
    0.5418540000000001, 1.5639210000000001, 0.761025, 0.23653200000000002,
    0.7765230000000001, 0.266095, 0.229673, 0.30534300000000003, 0.504619,
    0.140897, 0.247568, 0.22258, 0.173093, 0.449536, 0.792389, 2.202438,
    0.499639, 0.5087320000000001, 0.452064, 0.49006700000000003
  ],
  [
    0.564078, 0.48626400000000003, 0.721553, 0.41043, 0.697284, 1.295833,
    0.368465, 0.0, 0.544899, 0.45623, 0.711153, 0.60219, 0.364544, 0.754269,
    1.06208, 0.30185700000000004, 0.665764, 0.846504, 1.676795,
    0.48569999999999997, 0.541182, 1.081173, 0.49103399999999997, 0.534323,
    0.47310199999999997, 0.8092699999999999, 0.445547, 0.258504, 0.513745,
    0.464258, 0.754186, 1.097039, 2.396004, 0.804289, 0.829585,
    0.7567140000000001, 0.794717
  ],
  [
    0.01918, 0.457505, 0.16661099999999998, 0.134469, 0.26507,
    0.8052279999999999, 0.240249, 0.544899, 0.0, 0.515949, 0.907314,
    0.057290999999999995, 0.7737569999999999, 0.18720699999999998, 0.50705,
    0.25472100000000003, 0.25610700000000003, 0.5069239999999999, 1.404501,
    0.9375950000000001, 0.029916, 0.499492, 0.481145, 0.10210899999999999,
    0.545592, 0.234603, 0.216681, 0.35567000000000004, 0.437631, 0.413342,
    0.199155, 0.632969, 2.043017, 0.249258, 0.45681700000000003, 0.201684,
    0.239686
  ],
  [
    0.518018, 0.6703600000000001, 0.44323599999999996, 0.38148000000000004,
    0.418966, 0.970955, 0.288472, 0.45623, 0.515949, 0.0, 0.407126, 0.479906,
    0.619163, 0.581481, 0.91427, 0.353786, 0.663327, 0.817554,
    1.3519169999999998, 0.9516319999999999, 0.512232, 0.802855, 0.034804,
    0.505373, 0.04540400000000001, 0.530952, 0.429369, 0.438585, 0.078318,
    0.127805, 0.606376, 0.818721, 2.071127, 0.656479, 0.412345, 0.608904,
    0.646907
  ],
  [
    0.926493, 1.048953, 0.850362, 0.772845, 0.826112, 1.1434849999999999,
    0.667065, 0.711153, 0.907314, 0.407126, 0.0, 0.887032, 0.656043, 0.988607,
    1.321396, 0.7323780000000001, 1.0704529999999999, 1.208919,
    1.5355450000000002, 1.051062, 0.903596, 1.209981, 0.44193, 0.896738,
    0.361695, 0.911875, 0.807962, 0.8549500000000001, 0.48544400000000004,
    0.534931, 1.013502, 1.1449449999999999, 2.2547550000000003, 1.063605,
    0.716561, 1.01603, 1.054033
  ],
  [
    0.038112, 0.5650879999999999, 0.10931999999999999, 0.19175999999999999,
    0.203458, 0.747937, 0.29754, 0.60219, 0.057290999999999995, 0.479906,
    0.887032, 0.0, 0.831048, 0.148, 0.467842, 0.312012, 0.216899, 0.467717,
    1.34721, 1.045179, 0.08720699999999999, 0.44971, 0.445102,
    0.15940000000000001, 0.5253099999999999, 0.177311, 0.32426499999999997,
    0.46325299999999997, 0.401588, 0.393532, 0.159948, 0.575677, 1.985726,
    0.210051, 0.399526, 0.162476, 0.20047900000000002
  ],
  [
    0.7929360000000001, 0.801134, 0.9504109999999999, 0.639288, 0.926142,
    1.3822560000000002, 0.531398, 0.364544, 0.7737569999999999, 0.619163,
    0.656043, 0.831048, 0.0, 0.9696359999999999, 1.2774480000000001, 0.553438,
    0.8811319999999999, 1.0618720000000001, 1.7632180000000002, 0.447304,
    0.756549, 1.296541, 0.6558010000000001, 0.749691, 0.561142, 1.024637,
    0.660914, 0.5763250000000001, 0.6785119999999999, 0.629025, 0.969553,
    1.312406, 2.482428, 1.019656, 0.916008, 0.972082, 1.010084
  ],
  [
    0.16802799999999998, 0.571317, 0.210895, 0.32167599999999996, 0.317787,
    0.807585, 0.44961900000000005, 0.754269, 0.18720699999999998, 0.581481,
    0.988607, 0.148, 0.9696359999999999, 0.0, 0.463023, 0.448543,
    0.21208000000000002, 0.462897, 1.43753, 1.051408, 0.21712299999999998,
    0.430976, 0.544894, 0.216053, 0.625103, 0.162105, 0.330494, 0.469482,
    0.50138, 0.493324, 0.140692, 0.635325, 2.076046, 0.205232,
    0.45917399999999997, 0.14322100000000001, 0.19566
  ],
  [
    0.48787, 0.735364, 0.543684, 0.6477580000000001, 0.683607, 1.173404,
    0.7574299999999999, 1.06208, 0.50705, 0.91427, 1.321396, 0.467842,
    1.2774480000000001, 0.463023, 0.0, 0.756355, 0.361794, 0.5187309999999999,
    1.555991, 1.311697, 0.536965, 0.369728, 0.879466, 0.523864, 0.959675,
    0.5100779999999999, 0.6383049999999999, 0.7772939999999999, 0.835952,
    0.827896, 0.33127100000000004, 0.962688, 2.194507, 0.35494600000000004,
    0.807148, 0.328743, 0.345374
  ],
  [
    0.273901, 0.30605200000000005, 0.431376, 0.120252, 0.40710599999999997,
    0.979121, 0.075835, 0.30185700000000004, 0.25472100000000003, 0.353786,
    0.7323780000000001, 0.312012, 0.553438, 0.448543, 0.756355, 0.0, 0.375587,
    0.556326, 1.578394, 0.6968690000000001, 0.251004, 0.790995, 0.34193,
    0.244145, 0.381179, 0.519092, 0.155369, 0.183411, 0.298416, 0.248929,
    0.464008, 0.8068609999999999, 2.21691, 0.514111, 0.502188, 0.466536,
    0.504539
  ],
  [
    0.236927, 0.52896, 0.292741, 0.251442, 0.38687900000000003, 0.957017,
    0.361114, 0.665764, 0.25610700000000003, 0.663327, 1.0704529999999999,
    0.216899, 0.8811319999999999, 0.21208000000000002, 0.361794, 0.375587, 0.0,
    0.321299, 1.591323, 1.114265, 0.286022, 0.45700799999999997, 0.628523,
    0.127548, 0.7087319999999999, 0.31153699999999995, 0.241989, 0.380978,
    0.585009, 0.5769529999999999, 0.13530699999999998, 0.7847569999999999,
    2.229839, 0.063634, 0.608606, 0.132779, 0.054062
  ],
  [
    0.487744, 0.438896, 0.543558, 0.477603, 0.64806, 1.207834,
    0.5418540000000001, 0.846504, 0.5069239999999999, 0.817554, 1.208919,
    0.467717, 1.0618720000000001, 0.462897, 0.5187309999999999, 0.556326,
    0.321299, 0.0, 1.815981, 1.036282, 0.491435, 0.637809, 0.782227, 0.429307,
    0.846675, 0.562354, 0.422207, 0.561195, 0.738713, 0.69513, 0.386124,
    1.035574, 2.454497, 0.25764800000000004, 0.859423, 0.383596, 0.267237
  ],
  [
    1.385322, 1.781177, 1.2576120000000002, 1.458142, 1.171288,
    0.7505080000000001, 1.5639210000000001, 1.676795, 1.404501,
    1.3519169999999998, 1.5355450000000002, 1.34721, 1.7632180000000002,
    1.43753, 1.555991, 1.578394, 1.591323, 1.815981, 0.0, 2.1001019999999997,
    1.377425, 1.3017550000000002, 1.386721, 1.36879, 1.306485, 1.187759,
    1.483362, 1.62235, 1.430235, 1.479722, 1.42791, 0.728303, 0.769639,
    1.4924490000000001, 1.2820740000000002, 1.430438, 1.482877
  ],
  [
    0.9567749999999999, 0.6215839999999999, 1.11425, 0.805442, 1.089981,
    1.661995, 0.761025, 0.48569999999999997, 0.9375950000000001,
    0.9516319999999999, 1.051062, 1.045179, 0.447304, 1.051408, 1.311697,
    0.6968690000000001, 1.114265, 1.036282, 2.1001019999999997, 0.0, 0.934139,
    1.4307750000000001, 0.9864360000000001, 0.87201, 0.898026,
    1.1511259999999999, 0.754135, 0.601712, 0.8864120000000001,
    0.8369249999999999, 1.179091, 1.489997, 2.8193110000000003, 1.050614,
    1.2958830000000001, 1.176563, 1.060204
  ],
  [
    0.049095, 0.453788, 0.19652699999999998, 0.130752, 0.261353, 0.835144,
    0.23653200000000002, 0.541182, 0.029916, 0.512232, 0.903596,
    0.08720699999999999, 0.756549, 0.21712299999999998, 0.536965, 0.251004,
    0.286022, 0.491435, 1.377425, 0.934139, 0.0, 0.529408, 0.477428, 0.098392,
    0.541875, 0.264518, 0.212964, 0.351952, 0.433913, 0.409625, 0.229071,
    0.662884, 2.072933, 0.279174, 0.486733, 0.231599, 0.26960199999999995
  ],
  [
    0.480313, 0.84547, 0.432269, 0.6707430000000001, 0.5391609999999999,
    1.028959, 0.7765230000000001, 1.081173, 0.499492, 0.802855, 1.209981,
    0.44971, 1.296541, 0.430976, 0.369728, 0.790995, 0.45700799999999997,
    0.637809, 1.3017550000000002, 1.4307750000000001, 0.529408, 0.0,
    0.7680520000000001, 0.599681, 0.84826, 0.38347899999999996,
    0.7141219999999999, 0.853111, 0.724537, 0.716481, 0.426485, 0.744878,
    1.976697, 0.45016, 0.680548, 0.423956, 0.44058800000000004
  ],
  [
    0.483214, 0.647982, 0.408432, 0.346676, 0.384162, 0.956177, 0.266095,
    0.49103399999999997, 0.481145, 0.034804, 0.44193, 0.445102,
    0.6558010000000001, 0.544894, 0.879466, 0.34193, 0.628523, 0.782227,
    1.386721, 0.9864360000000001, 0.477428, 0.7680520000000001, 0.0, 0.470569,
    0.080208, 0.49614800000000003, 0.406992, 0.416208, 0.043514000000000004,
    0.093001, 0.571572, 0.783917, 2.105931, 0.621675, 0.377541, 0.5741, 0.612103
  ],
  [
    0.12128900000000001, 0.391659, 0.278764, 0.123893, 0.254494, 0.826509,
    0.229673, 0.534323, 0.10210899999999999, 0.505373, 0.896738,
    0.15940000000000001, 0.749691, 0.216053, 0.523864, 0.244145, 0.127548,
    0.429307, 1.36879, 0.87201, 0.098392, 0.599681, 0.470569, 0.0,
    0.5753039999999999, 0.31551, 0.150835, 0.289824, 0.467342, 0.423759,
    0.21597, 0.654249, 2.064298, 0.266073, 0.460135, 0.218498, 0.256501
  ],
  [
    0.564772, 0.687231, 0.48863999999999996, 0.411123, 0.464371, 0.925523,
    0.30534300000000003, 0.47310199999999997, 0.545592, 0.04540400000000001,
    0.361695, 0.5253099999999999, 0.561142, 0.625103, 0.959675, 0.381179,
    0.7087319999999999, 0.846675, 1.306485, 0.898026, 0.541875, 0.84826,
    0.080208, 0.5753039999999999, 0.0, 0.576356, 0.44624, 0.455456, 0.123723,
    0.17321, 0.65178, 0.836134, 2.025695, 0.701883, 0.40775, 0.654308, 0.692311
  ],
  [
    0.215423, 0.670774, 0.087714, 0.39884, 0.155681, 0.645478, 0.504619,
    0.8092699999999999, 0.234603, 0.530952, 0.911875, 0.177311, 1.024637,
    0.162105, 0.5100779999999999, 0.519092, 0.31153699999999995, 0.562354,
    1.187759, 1.1511259999999999, 0.264518, 0.38347899999999996,
    0.49614800000000003, 0.31551, 0.576356, 0.0, 0.429951, 0.568939,
    0.45263400000000004, 0.444578, 0.240149, 0.473219, 1.883267, 0.304688,
    0.297067, 0.242677, 0.295116
  ],
  [
    0.235861, 0.273783, 0.393336, 0.16878100000000001, 0.36906599999999995,
    0.9410810000000001, 0.140897, 0.445547, 0.216681, 0.429369, 0.807962,
    0.32426499999999997, 0.660914, 0.330494, 0.6383049999999999, 0.155369,
    0.241989, 0.422207, 1.483362, 0.754135, 0.212964, 0.7141219999999999,
    0.406992, 0.150835, 0.44624, 0.429951, 0.0, 0.17194800000000002, 0.363477,
    0.31399, 0.330411, 0.768821, 2.17887, 0.380514, 0.574708,
    0.33293900000000004, 0.370942
  ],
  [
    0.374849, 0.12136, 0.5323239999999999, 0.337597, 0.508055, 1.080069,
    0.247568, 0.258504, 0.35567000000000004, 0.438585, 0.8549500000000001,
    0.46325299999999997, 0.5763250000000001, 0.469482, 0.7772939999999999,
    0.183411, 0.380978, 0.561195, 1.62235, 0.601712, 0.351952, 0.853111,
    0.416208, 0.289824, 0.455456, 0.568939, 0.17194800000000002, 0.0, 0.502633,
    0.453146, 0.469399, 0.9078099999999999, 2.317858, 0.5195019999999999,
    0.713696, 0.47192700000000004, 0.50993
  ],
  [
    0.439699, 0.604468, 0.364918, 0.303162, 0.340648, 0.912663, 0.22258,
    0.513745, 0.437631, 0.078318, 0.48544400000000004, 0.401588,
    0.6785119999999999, 0.50138, 0.835952, 0.298416, 0.585009, 0.738713,
    1.430235, 0.8864120000000001, 0.433913, 0.724537, 0.043514000000000004,
    0.467342, 0.123723, 0.45263400000000004, 0.363477, 0.502633, 0.0, 0.049487,
    0.528058, 0.740403, 2.149445, 0.5781609999999999, 0.33402699999999996,
    0.530586, 0.568589
  ],
  [
    0.432522, 0.554981, 0.356862, 0.278873, 0.332592, 0.9046069999999999,
    0.173093, 0.464258, 0.413342, 0.127805, 0.534931, 0.393532, 0.629025,
    0.493324, 0.827896, 0.248929, 0.5769529999999999, 0.69513, 1.479722,
    0.8369249999999999, 0.409625, 0.716481, 0.093001, 0.423759, 0.17321,
    0.444578, 0.31399, 0.453146, 0.049487, 0.0, 0.520002, 0.732347, 2.142396,
    0.570105, 0.325971, 0.5225299999999999, 0.5605330000000001
  ],
  [
    0.179976, 0.5937859999999999, 0.23579, 0.339863, 0.329928, 0.885629,
    0.449536, 0.754186, 0.199155, 0.606376, 1.013502, 0.159948, 0.969553,
    0.140692, 0.33127100000000004, 0.464008, 0.13530699999999998, 0.386124,
    1.42791, 1.179091, 0.229071, 0.426485, 0.571572, 0.21597, 0.65178, 0.240149,
    0.330411, 0.469399, 0.528058, 0.520002, 0.0, 0.652028, 2.094532, 0.128459,
    0.475877, 0.002528, 0.118887
  ],
  [
    0.613789, 1.009645, 0.48607999999999996, 0.686609, 0.39975499999999997,
    0.377017, 0.792389, 1.097039, 0.632969, 0.818721, 1.1449449999999999,
    0.575677, 1.312406, 0.635325, 0.962688, 0.8068609999999999,
    0.7847569999999999, 1.035574, 0.728303, 1.489997, 0.662884, 0.744878,
    0.783917, 0.654249, 0.836134, 0.473219, 0.768821, 0.9078099999999999,
    0.740403, 0.732347, 0.652028, 0.0, 1.398153, 0.777909, 0.522447, 0.715898,
    0.7683369999999999
  ],
  [
    2.023838, 2.419693, 1.896128, 2.0966579999999997, 1.8098040000000002,
    1.4697170000000002, 2.202438, 2.396004, 2.043017, 2.071127,
    2.2547550000000003, 1.985726, 2.482428, 2.076046, 2.194507, 2.21691,
    2.229839, 2.454497, 0.769639, 2.8193110000000003, 2.072933, 1.976697,
    2.105931, 2.064298, 2.025695, 1.883267, 2.17887, 2.317858, 2.149445,
    2.142396, 2.094532, 1.398153, 0.0, 2.0163219999999997, 1.597709, 1.95431,
    2.006749
  ],
  [
    0.230079, 0.46530900000000003, 0.28589299999999995, 0.38996600000000003,
    0.380031, 0.9501689999999999, 0.499639, 0.804289, 0.249258, 0.656479,
    1.063605, 0.210051, 1.019656, 0.205232, 0.35494600000000004, 0.514111,
    0.063634, 0.25764800000000004, 1.4924490000000001, 1.050614, 0.279174,
    0.45016, 0.621675, 0.266073, 0.701883, 0.304688, 0.380514,
    0.5195019999999999, 0.5781609999999999, 0.570105, 0.128459, 0.777909,
    2.0163219999999997, 0.0, 0.601758, 0.125931, 0.009571999999999999
  ],
  [
    0.43763799999999997, 0.8155309999999999, 0.30992899999999995, 0.492495,
    0.205641, 0.531556, 0.5087320000000001, 0.829585, 0.45681700000000003,
    0.412345, 0.716561, 0.399526, 0.916008, 0.45917399999999997, 0.807148,
    0.502188, 0.608606, 0.859423, 1.2820740000000002, 1.2958830000000001,
    0.486733, 0.680548, 0.377541, 0.460135, 0.40775, 0.297067, 0.574708,
    0.713696, 0.33402699999999996, 0.325971, 0.475877, 0.522447, 1.597709,
    0.601758, 0.0, 0.539746, 0.592186
  ],
  [
    0.182504, 0.5912580000000001, 0.238318, 0.342391, 0.33245600000000003,
    0.8881570000000001, 0.452064, 0.7567140000000001, 0.201684, 0.608904,
    1.01603, 0.162476, 0.972082, 0.14322100000000001, 0.328743, 0.466536,
    0.132779, 0.383596, 1.430438, 1.176563, 0.231599, 0.423956, 0.5741,
    0.218498, 0.654308, 0.242677, 0.33293900000000004, 0.47192700000000004,
    0.530586, 0.5225299999999999, 0.002528, 0.715898, 1.95431, 0.125931,
    0.539746, 0.0, 0.11635899999999999
  ],
  [
    0.220507, 0.474899, 0.27632100000000004, 0.380394, 0.370459, 0.940596,
    0.49006700000000003, 0.794717, 0.239686, 0.646907, 1.054033,
    0.20047900000000002, 1.010084, 0.19566, 0.345374, 0.504539, 0.054062,
    0.267237, 1.482877, 1.060204, 0.26960199999999995, 0.44058800000000004,
    0.612103, 0.256501, 0.692311, 0.295116, 0.370942, 0.50993, 0.568589,
    0.5605330000000001, 0.118887, 0.7683369999999999, 2.006749,
    0.009571999999999999, 0.592186, 0.11635899999999999, 0.0
  ]
]
