[
    [
        0.0,
        0.632218,
        0.61012,
        1.838384,
        1.020724,
        0.822449,
        0.137405,
        0.5238160000000001,
        1.0533130000000002,
        0.714558,
        0.33246699999999996,
        0.5199729999999999,
        1.7956459999999999,
        0.104764,
        0.552936,
        0.528946,
        0.6880879999999999,
        2.108555,
        0.754999,
        0.374813,
        0.515952,
        0.551615,
        2.183661,
        0.659785,
        0.9087999999999999,
        2.7583290000000003,
        0.963896,
        2.217155,
        0.691315,
        1.739657,
        1.819105,
        0.42729300000000003,
        0.906708,
        0.752386,
        0.598195,
        0.527764,
        0.8977229999999999,
        0.6306649999999999,
        2.3303789999999998,
        0.711401,
        0.413333,
        0.6863250000000001,
        1.9001620000000001,
        0.197419,
        0.641615,
        0.50708,
        1.132844,
        0.600245,
        0.630942,
        0.987374,
        2.06127,
        0.517302,
        0.69899,
        0.709549,
        0.707546,
        0.493684,
        0.413333
    ],
    [
        0.632218,
        0.0,
        0.729275,
        1.93806,
        1.50146,
        1.429978,
        0.7251040000000001,
        0.414296,
        0.691674,
        0.9963869999999999,
        0.7404850000000001,
        0.7019890000000001,
        2.391955,
        0.6924629999999999,
        0.447961,
        0.303431,
        0.7912440000000001,
        1.623394,
        0.870958,
        0.675188,
        0.792455,
        0.305388,
        2.27808,
        0.480635,
        1.38482,
        3.0211669999999997,
        1.250607,
        2.8246840000000004,
        0.7438490000000001,
        2.347186,
        1.319579,
        0.603214,
        0.840737,
        0.670432,
        0.717349,
        0.281538,
        0.775674,
        0.669072,
        2.723109,
        0.5059750000000001,
        0.683245,
        0.748839,
        2.163,
        0.7590480000000001,
        0.658123,
        0.352346,
        1.623378,
        0.482711,
        0.0012900000000000001,
        1.2688679999999999,
        2.324107,
        0.392578,
        0.723828,
        0.504123,
        1.342853,
        1.081383,
        0.683245
    ],
    [
        0.61012,
        0.729275,
        0.0,
        1.42341,
        0.881867,
        1.163924,
        0.747111,
        0.33426,
        1.008412,
        0.37679399999999996,
        0.317326,
        0.061406,
        2.251363,
        0.714469,
        0.33840699999999996,
        0.437073,
        0.27311399999999997,
        2.323643,
        0.340026,
        0.234892,
        0.172862,
        0.423471,
        1.7634290000000001,
        0.407738,
        0.765227,
        2.401574,
        0.63078,
        2.425755,
        0.276342,
        1.998799,
        1.877427,
        0.314683,
        0.49173500000000003,
        0.337412,
        0.011510999999999999,
        0.447319,
        0.528696,
        0.215691,
        2.1035169999999996,
        0.460148,
        0.327685,
        0.271351,
        1.543406,
        0.437911,
        0.22664099999999998,
        0.376513,
        1.003785,
        0.299502,
        0.718539,
        0.6492749999999999,
        1.7045139999999999,
        0.356103,
        0.28401600000000005,
        0.458296,
        0.680015,
        1.05751,
        0.327685
    ],
    [
        1.838384,
        1.93806,
        1.42341,
        0.0,
        1.734783,
        2.11011,
        1.975789,
        1.540826,
        1.996625,
        1.48373,
        1.546005,
        1.4617580000000001,
        3.40638,
        1.9431479999999999,
        1.523059,
        1.669453,
        1.1717739999999999,
        3.575974,
        1.10158,
        1.463571,
        1.4341890000000002,
        1.6447729999999998,
        0.368137,
        1.472643,
        1.618143,
        1.668512,
        1.46135,
        3.2786709999999997,
        1.2056069999999999,
        2.851715,
        3.0827080000000002,
        1.5433610000000002,
        1.107828,
        1.279143,
        1.4118989999999998,
        1.66862,
        1.173276,
        1.2823930000000001,
        2.872954,
        1.4436,
        1.556364,
        1.200617,
        0.984318,
        1.66659,
        1.2933430000000001,
        1.597815,
        1.856701,
        1.474389,
        1.962833,
        1.37002,
        1.2302460000000002,
        1.5575830000000002,
        1.230515,
        1.445452,
        1.6649100000000001,
        2.286188,
        1.556364
    ],
    [
        1.020724,
        1.50146,
        0.881867,
        1.734783,
        0.0,
        0.46788,
        1.013567,
        1.111715,
        1.848308,
        0.521466,
        0.88106,
        0.825315,
        1.714355,
        0.9809260000000001,
        1.176325,
        1.2145270000000001,
        1.115787,
        3.025771,
        1.190416,
        0.923242,
        0.736946,
        1.200926,
        1.986624,
        1.256334,
        0.118468,
        2.411533,
        0.305776,
        1.557286,
        1.119015,
        1.1303299999999998,
        2.642336,
        1.0460619999999998,
        1.3344079999999998,
        1.180085,
        0.8982319999999999,
        1.2247739999999998,
        1.37137,
        1.058365,
        1.4770260000000002,
        1.307951,
        1.011456,
        1.114025,
        1.553365,
        1.041734,
        1.069315,
        1.153968,
        0.132897,
        1.147304,
        1.495993,
        0.429802,
        1.42197,
        1.133558,
        1.126689,
        1.306099,
        0.433424,
        1.182566,
        1.011456
    ],
    [
        0.822449,
        1.429978,
        1.163924,
        2.11011,
        0.46788,
        0.0,
        0.7836559999999999,
        1.348589,
        1.878085,
        0.890698,
        1.012723,
        1.103229,
        1.497541,
        0.751015,
        1.377709,
        1.3537190000000001,
        1.380991,
        2.719611,
        1.436061,
        1.0677159999999999,
        1.104055,
        1.376387,
        2.368121,
        1.4845570000000001,
        0.579594,
        2.7905569999999997,
        0.7553200000000001,
        1.412366,
        1.384219,
        0.949221,
        2.6168649999999998,
        1.178932,
        1.6278730000000001,
        1.445289,
        1.176145,
        1.352537,
        1.665945,
        1.323568,
        1.831539,
        1.536174,
        1.102749,
        1.3792280000000001,
        1.93239,
        0.906408,
        1.334518,
        1.3318530000000002,
        0.414432,
        1.425017,
        1.428703,
        0.879347,
        1.783843,
        1.342074,
        1.391893,
        1.5343209999999998,
        0.575117,
        0.7887670000000001,
        1.102749
    ],
    [
        0.137405,
        0.7251040000000001,
        0.747111,
        1.975789,
        1.013567,
        0.7836559999999999,
        0.0,
        0.656067,
        1.1815129999999998,
        0.8519629999999999,
        0.469873,
        0.657378,
        1.673183,
        0.032640999999999996,
        0.685188,
        0.657146,
        0.825493,
        2.0535479999999997,
        0.892404,
        0.512218,
        0.653357,
        0.6798150000000001,
        2.321067,
        0.792036,
        0.90638,
        2.895735,
        1.027809,
        2.178362,
        0.82872,
        1.700864,
        1.911991,
        0.559545,
        1.044113,
        0.889791,
        0.7356,
        0.6559640000000001,
        1.029974,
        0.76807,
        2.327959,
        0.894765,
        0.5507380000000001,
        0.8237300000000001,
        2.037567,
        0.334824,
        0.7790199999999999,
        0.639331,
        1.130423,
        0.732496,
        0.723828,
        1.096916,
        2.198675,
        0.649553,
        0.836395,
        0.892912,
        0.705125,
        0.356279,
        0.5507380000000001
    ],
    [
        0.5238160000000001,
        0.414296,
        0.33426,
        1.540826,
        1.111715,
        1.348589,
        0.656067,
        0.0,
        0.763539,
        0.601788,
        0.363022,
        0.30739,
        2.314308,
        0.623426,
        0.07596800000000001,
        0.13358799999999998,
        0.399434,
        2.00908,
        0.46220999999999995,
        0.280589,
        0.397856,
        0.108908,
        1.890659,
        0.16420099999999999,
        0.99022,
        2.6265680000000002,
        0.855774,
        2.650749,
        0.3351,
        2.223793,
        1.550318,
        0.255172,
        0.453316,
        0.28041000000000005,
        0.32275,
        0.132756,
        0.40225,
        0.261877,
        2.32851,
        0.215818,
        0.35400099999999995,
        0.34009100000000003,
        1.7684000000000002,
        0.460031,
        0.250927,
        0.061950000000000005,
        1.228779,
        0.104661,
        0.40397500000000003,
        0.874269,
        1.929508,
        0.021718,
        0.315079,
        0.21396500000000002,
        0.9050090000000001,
        1.012346,
        0.35400099999999995
    ],
    [
        1.0533130000000002,
        0.691674,
        1.008412,
        1.996625,
        1.848308,
        1.878085,
        1.1815129999999998,
        0.763539,
        0.0,
        1.325885,
        1.107522,
        1.031487,
        2.838024,
        1.147143,
        0.6836749999999999,
        0.636792,
        1.026958,
        2.308784,
        1.106672,
        1.025088,
        1.121953,
        0.63875,
        2.328306,
        0.716349,
        1.714318,
        3.350665,
        1.579871,
        3.279364,
        0.979563,
        2.801866,
        1.350051,
        0.954086,
        1.076451,
        0.906146,
        0.9969020000000001,
        0.614899,
        1.011388,
        0.904786,
        3.052607,
        0.7416889999999999,
        1.038287,
        0.984553,
        2.4924969999999997,
        1.153979,
        0.893837,
        0.685708,
        1.952876,
        0.718425,
        0.695643,
        1.598366,
        2.653605,
        0.737924,
        0.959542,
        0.739837,
        1.629106,
        1.5360619999999998,
        1.038287
    ],
    [
        0.714558,
        0.9963869999999999,
        0.37679399999999996,
        1.48373,
        0.521466,
        0.890698,
        0.8519629999999999,
        0.601788,
        1.325885,
        0.0,
        0.387013,
        0.315388,
        2.2317910000000003,
        0.780627,
        0.666398,
        0.7046,
        0.6058600000000001,
        2.5911709999999997,
        0.667847,
        0.413327,
        0.22575399999999998,
        0.69101,
        1.719027,
        0.746407,
        0.41347500000000004,
        2.180659,
        0.259335,
        2.0740030000000003,
        0.609088,
        1.647048,
        2.132409,
        0.536135,
        0.824481,
        0.670158,
        0.388305,
        0.714846,
        0.861442,
        0.5484370000000001,
        1.731838,
        0.798023,
        0.517409,
        0.604097,
        1.322492,
        0.547687,
        0.559388,
        0.6440520000000001,
        0.652034,
        0.637377,
        0.986066,
        0.27281599999999995,
        1.481455,
        0.623642,
        0.6167619999999999,
        0.7961710000000001,
        0.315581,
        1.1436099999999998,
        0.517409
    ],
    [
        0.33246699999999996,
        0.7404850000000001,
        0.317326,
        1.546005,
        0.88106,
        1.012723,
        0.469873,
        0.363022,
        1.107522,
        0.387013,
        0.0,
        0.187505,
        2.0608560000000002,
        0.437232,
        0.427632,
        0.501729,
        0.395709,
        2.353662,
        0.46262000000000003,
        0.082434,
        0.183484,
        0.452233,
        1.851194,
        0.507642,
        0.76442,
        2.412196,
        0.636351,
        2.4041230000000002,
        0.39893599999999996,
        1.926625,
        1.969092,
        0.206579,
        0.6143289999999999,
        0.460007,
        0.305816,
        0.47608100000000003,
        0.6512910000000001,
        0.338286,
        2.1068960000000003,
        0.559258,
        0.13039599999999998,
        0.393946,
        1.5503589999999998,
        0.160674,
        0.349236,
        0.405275,
        1.002978,
        0.398612,
        0.770225,
        0.659829,
        1.715136,
        0.384865,
        0.406611,
        0.557406,
        0.6730510000000001,
        0.7839149999999999,
        0.13039599999999998
    ],
    [
        0.5199729999999999,
        0.7019890000000001,
        0.061406,
        1.4617580000000001,
        0.825315,
        1.103229,
        0.657378,
        0.30739,
        1.031487,
        0.315388,
        0.187505,
        0.0,
        2.1892460000000002,
        0.624737,
        0.372,
        0.410203,
        0.311462,
        2.296773,
        0.37837400000000004,
        0.17500100000000002,
        0.111456,
        0.396601,
        1.779166,
        0.45200999999999997,
        0.703821,
        2.3401680000000002,
        0.5696079999999999,
        2.3643490000000003,
        0.31469,
        1.937393,
        1.838011,
        0.254792,
        0.530083,
        0.375761,
        0.072917,
        0.420449,
        0.5670449999999999,
        0.25404,
        2.04211,
        0.503626,
        0.267794,
        0.3097,
        1.482,
        0.34817899999999996,
        0.26499,
        0.349643,
        0.942379,
        0.342979,
        0.6916680000000001,
        0.587869,
        1.643108,
        0.329233,
        0.322365,
        0.501774,
        0.6186090000000001,
        0.97142,
        0.267794
    ],
    [
        1.7956459999999999,
        2.391955,
        2.251363,
        3.40638,
        1.714355,
        1.497541,
        1.673183,
        2.314308,
        2.838024,
        2.2317910000000003,
        2.0608560000000002,
        2.1892460000000002,
        0.0,
        1.7003320000000002,
        2.3385100000000003,
        2.308739,
        2.419884,
        2.148094,
        2.486796,
        2.1066089999999997,
        2.154674,
        2.3314079999999997,
        3.520442,
        2.445358,
        1.817728,
        3.6741610000000002,
        1.993702,
        1.4649429999999999,
        2.423111,
        0.935977,
        3.43175,
        2.212867,
        2.6385039999999997,
        2.4841819999999997,
        2.256139,
        2.3075579999999998,
        2.683297,
        2.3624609999999997,
        2.454809,
        2.496975,
        2.141642,
        2.418121,
        2.888591,
        1.9614269999999998,
        2.373411,
        2.292654,
        1.582183,
        2.385819,
        2.385762,
        2.117728,
        2.641322,
        2.302875,
        2.430786,
        2.495123,
        1.880263,
        1.3414480000000002,
        2.141642
    ],
    [
        0.104764,
        0.6924629999999999,
        0.714469,
        1.9431479999999999,
        0.9809260000000001,
        0.751015,
        0.032640999999999996,
        0.623426,
        1.147143,
        0.780627,
        0.437232,
        0.624737,
        1.7003320000000002,
        0.0,
        0.652547,
        0.624505,
        0.792852,
        2.086189,
        0.859763,
        0.479577,
        0.620716,
        0.647174,
        2.288426,
        0.7593949999999999,
        0.873739,
        2.8630929999999997,
        0.995168,
        2.145721,
        0.796079,
        1.668223,
        1.8793499999999999,
        0.526904,
        1.011472,
        0.85715,
        0.702959,
        0.623323,
        0.997333,
        0.735429,
        2.2953180000000004,
        0.8621230000000001,
        0.518097,
        0.791089,
        2.0049259999999998,
        0.302183,
        0.746379,
        0.6066900000000001,
        1.097782,
        0.699855,
        0.691187,
        1.064275,
        2.1660340000000002,
        0.616912,
        0.803754,
        0.860271,
        0.6724840000000001,
        0.38892000000000004,
        0.518097
    ],
    [
        0.552936,
        0.447961,
        0.33840699999999996,
        1.523059,
        1.176325,
        1.377709,
        0.685188,
        0.07596800000000001,
        0.6836749999999999,
        0.666398,
        0.427632,
        0.372,
        2.3385100000000003,
        0.652547,
        0.0,
        0.147504,
        0.382031,
        2.022997,
        0.444808,
        0.345198,
        0.462466,
        0.122825,
        1.8732570000000002,
        0.107959,
        1.05483,
        2.691177,
        0.9206169999999999,
        2.715358,
        0.317698,
        2.2884029999999997,
        1.5526900000000001,
        0.318937,
        0.43591399999999997,
        0.26300799999999996,
        0.326896,
        0.146672,
        0.384848,
        0.244474,
        2.3931199999999997,
        0.159575,
        0.418611,
        0.322688,
        1.83301,
        0.522495,
        0.233525,
        0.075867,
        1.293389,
        0.048419,
        0.453443,
        0.938879,
        1.9941179999999998,
        0.05425,
        0.297677,
        0.157723,
        0.969619,
        1.041466,
        0.418611
    ],
    [
        0.528946,
        0.303431,
        0.437073,
        1.669453,
        1.2145270000000001,
        1.3537190000000001,
        0.657146,
        0.13358799999999998,
        0.636792,
        0.7046,
        0.501729,
        0.410203,
        2.308739,
        0.624505,
        0.147504,
        0.0,
        0.5284249999999999,
        1.898215,
        0.591201,
        0.383401,
        0.500668,
        0.135094,
        2.019651,
        0.254353,
        1.093033,
        2.72938,
        0.95882,
        2.754997,
        0.464092,
        2.2774989999999997,
        1.4394529999999999,
        0.317262,
        0.582307,
        0.409401,
        0.425562,
        0.111244,
        0.531242,
        0.390868,
        2.431323,
        0.305969,
        0.401464,
        0.469082,
        1.871213,
        0.5208200000000001,
        0.379919,
        0.101648,
        1.331591,
        0.194813,
        0.29311000000000004,
        0.977081,
        2.032321,
        0.11187000000000001,
        0.44407100000000005,
        0.304117,
        1.007821,
        1.011695,
        0.401464
    ],
    [
        0.6880879999999999,
        0.7912440000000001,
        0.27311399999999997,
        1.1717739999999999,
        1.115787,
        1.380991,
        0.825493,
        0.399434,
        1.026958,
        0.6058600000000001,
        0.395709,
        0.311462,
        2.419884,
        0.792852,
        0.382031,
        0.5284249999999999,
        0.0,
        2.465924,
        0.12871700000000003,
        0.348752,
        0.437406,
        0.534722,
        1.552598,
        0.362593,
        1.02977,
        2.332891,
        0.895557,
        2.690298,
        0.108022,
        2.263343,
        1.952029,
        0.428543,
        0.302774,
        0.169093,
        0.29708100000000004,
        0.55857,
        0.340846,
        0.167574,
        2.36806,
        0.333549,
        0.441545,
        0.103032,
        1.474723,
        0.551771,
        0.17852500000000002,
        0.48776400000000003,
        1.268329,
        0.364338,
        0.852782,
        0.906446,
        1.6358309999999998,
        0.447533,
        0.11569700000000001,
        0.335401,
        0.9445589999999999,
        1.1713699999999998,
        0.441545
    ],
    [
        2.108555,
        1.623394,
        2.323643,
        3.575974,
        3.025771,
        2.719611,
        2.0535479999999997,
        2.00908,
        2.308784,
        2.5911709999999997,
        2.353662,
        2.296773,
        2.148094,
        2.086189,
        2.022997,
        1.898215,
        2.465924,
        0.0,
        2.4953440000000002,
        2.348684,
        2.416841,
        1.9297739999999999,
        3.9024650000000003,
        2.1050210000000003,
        2.933786,
        4.645553,
        2.874993,
        3.580859,
        2.3682339999999997,
        2.810567,
        1.6184690000000002,
        2.203245,
        2.465122,
        2.294817,
        2.3417350000000003,
        1.905923,
        2.40006,
        2.293458,
        4.329399,
        2.1303609999999997,
        2.283277,
        2.3732249999999997,
        3.787385,
        2.35908,
        2.282508,
        1.976732,
        3.114822,
        2.107096,
        1.64011,
        2.8932539999999998,
        3.948493,
        2.0169639999999998,
        2.3482130000000003,
        2.1285079999999996,
        2.718904,
        1.987104,
        2.283277
    ],
    [
        0.754999,
        0.870958,
        0.340026,
        1.10158,
        1.190416,
        1.436061,
        0.892404,
        0.46220999999999995,
        1.106672,
        0.667847,
        0.46262000000000003,
        0.37837400000000004,
        2.486796,
        0.859763,
        0.444808,
        0.591201,
        0.12871700000000003,
        2.4953440000000002,
        0.0,
        0.38018599999999997,
        0.46884,
        0.566156,
        1.4415989999999999,
        0.39402699999999996,
        1.073776,
        2.276898,
        0.9271820000000001,
        2.7343040000000003,
        0.139456,
        2.307348,
        1.983463,
        0.45997699999999997,
        0.191775,
        0.20052699999999998,
        0.328515,
        0.590004,
        0.229847,
        0.199009,
        2.399684,
        0.364983,
        0.472979,
        0.134466,
        1.418731,
        0.5832050000000001,
        0.209959,
        0.5191979999999999,
        1.3123340000000001,
        0.395772,
        0.884217,
        0.842521,
        1.579839,
        0.478967,
        0.147131,
        0.366836,
        0.9824080000000001,
        1.202804,
        0.472979
    ],
    [
        0.374813,
        0.675188,
        0.234892,
        1.463571,
        0.923242,
        1.0677159999999999,
        0.512218,
        0.280589,
        1.025088,
        0.413327,
        0.082434,
        0.17500100000000002,
        2.1066089999999997,
        0.479577,
        0.345198,
        0.383401,
        0.348752,
        2.348684,
        0.38018599999999997,
        0.0,
        0.209383,
        0.369799,
        1.80359,
        0.42520800000000003,
        0.801748,
        2.4380949999999997,
        0.667301,
        2.4617109999999998,
        0.316502,
        1.984213,
        1.81121,
        0.14543899999999998,
        0.531895,
        0.377573,
        0.223382,
        0.39364699999999997,
        0.568857,
        0.255852,
        2.140037,
        0.476824,
        0.158441,
        0.311512,
        1.5799269999999999,
        0.203019,
        0.26680200000000004,
        0.322841,
        1.040306,
        0.316178,
        0.664867,
        0.6857960000000001,
        1.741035,
        0.302431,
        0.32417700000000005,
        0.474972,
        0.716536,
        0.8226180000000001,
        0.158441
    ],
    [
        0.515952,
        0.792455,
        0.172862,
        1.4341890000000002,
        0.736946,
        1.104055,
        0.653357,
        0.397856,
        1.121953,
        0.22575399999999998,
        0.183484,
        0.111456,
        2.154674,
        0.620716,
        0.462466,
        0.500668,
        0.437406,
        2.416841,
        0.46884,
        0.209383,
        0.0,
        0.487067,
        1.66771,
        0.542475,
        0.620306,
        2.228712,
        0.47974,
        2.280834,
        0.405156,
        1.853878,
        1.928477,
        0.33220299999999997,
        0.620549,
        0.466226,
        0.18437299999999998,
        0.510914,
        0.65751,
        0.344505,
        1.952476,
        0.594092,
        0.31388099999999997,
        0.400165,
        1.366875,
        0.344158,
        0.355456,
        0.440109,
        0.8588640000000001,
        0.43344499999999997,
        0.782134,
        0.49823500000000004,
        1.531652,
        0.419699,
        0.41283,
        0.5922390000000001,
        0.528938,
        0.967399,
        0.31388099999999997
    ],
    [
        0.551615,
        0.305388,
        0.423471,
        1.6447729999999998,
        1.200926,
        1.376387,
        0.6798150000000001,
        0.108908,
        0.63875,
        0.69101,
        0.452233,
        0.396601,
        2.3314079999999997,
        0.647174,
        0.122825,
        0.135094,
        0.534722,
        1.9297739999999999,
        0.566156,
        0.369799,
        0.487067,
        0.0,
        1.994971,
        0.229673,
        1.079431,
        2.715779,
        0.944985,
        2.777665,
        0.43941199999999997,
        2.300167,
        1.44141,
        0.320038,
        0.557628,
        0.38472199999999995,
        0.411961,
        0.023847999999999998,
        0.506562,
        0.366188,
        2.417721,
        0.281289,
        0.40424,
        0.44440199999999996,
        1.8576110000000001,
        0.523597,
        0.35523899999999997,
        0.046958,
        1.31799,
        0.170133,
        0.295067,
        0.96348,
        2.018719,
        0.08719,
        0.419391,
        0.279437,
        0.99422,
        1.034364,
        0.40424
    ],
    [
        2.183661,
        2.27808,
        1.7634290000000001,
        0.368137,
        1.986624,
        2.368121,
        2.321067,
        1.890659,
        2.328306,
        1.719027,
        1.851194,
        1.779166,
        3.520442,
        2.288426,
        1.8732570000000002,
        2.019651,
        1.552598,
        3.9024650000000003,
        1.4415989999999999,
        1.80359,
        1.66771,
        1.994971,
        0.0,
        1.812663,
        1.853439,
        1.32452,
        1.6966459999999999,
        3.2434659999999997,
        1.5456269999999999,
        2.835236,
        3.422728,
        1.88338,
        1.4478469999999999,
        1.619163,
        1.751919,
        2.00864,
        1.513296,
        1.622412,
        2.529157,
        1.7836189999999998,
        1.896383,
        1.540636,
        0.642076,
        2.0118679999999998,
        1.633362,
        1.937834,
        2.0919969999999997,
        1.8144079999999998,
        2.3028519999999997,
        1.605316,
        0.894467,
        1.897602,
        1.570534,
        1.785471,
        1.9002059999999998,
        2.674473,
        1.896383
    ],
    [
        0.659785,
        0.480635,
        0.407738,
        1.472643,
        1.256334,
        1.4845570000000001,
        0.792036,
        0.16420099999999999,
        0.716349,
        0.746407,
        0.507642,
        0.45200999999999997,
        2.445358,
        0.7593949999999999,
        0.107959,
        0.254353,
        0.362593,
        2.1050210000000003,
        0.39402699999999996,
        0.42520800000000003,
        0.542475,
        0.229673,
        1.812663,
        0.0,
        1.113643,
        2.671346,
        0.9791960000000001,
        2.774171,
        0.267301,
        2.347216,
        1.585364,
        0.399471,
        0.36418900000000004,
        0.193883,
        0.396227,
        0.25352,
        0.299126,
        0.183416,
        2.451933,
        0.09146699999999999,
        0.498704,
        0.272291,
        1.8131780000000002,
        0.60433,
        0.172467,
        0.18271500000000002,
        1.352201,
        0.108779,
        0.486118,
        0.997691,
        1.974286,
        0.142483,
        0.247279,
        0.093319,
        1.028431,
        1.148315,
        0.498704
    ],
    [
        0.9087999999999999,
        1.38482,
        0.765227,
        1.618143,
        0.118468,
        0.579594,
        0.90638,
        0.99022,
        1.714318,
        0.41347500000000004,
        0.76442,
        0.703821,
        1.817728,
        0.873739,
        1.05483,
        1.093033,
        1.02977,
        2.933786,
        1.073776,
        0.801748,
        0.620306,
        1.079431,
        1.853439,
        1.113643,
        0.0,
        2.294893,
        0.189135,
        1.675775,
        1.002375,
        1.248819,
        2.525696,
        0.929422,
        1.217768,
        1.063445,
        0.781591,
        1.108133,
        1.254729,
        0.941724,
        1.445414,
        1.1913099999999999,
        0.8948160000000001,
        0.997384,
        1.4367249999999998,
        0.9250929999999999,
        0.952674,
        1.0373269999999999,
        0.25172,
        1.030664,
        1.379353,
        0.313162,
        1.385564,
        1.016917,
        1.010049,
        1.1894580000000001,
        0.321501,
        1.0839960000000002,
        0.8948160000000001
    ],
    [
        2.7583290000000003,
        3.0211669999999997,
        2.401574,
        1.668512,
        2.411533,
        2.7905569999999997,
        2.895735,
        2.6265680000000002,
        3.350665,
        2.180659,
        2.412196,
        2.3401680000000002,
        3.6741610000000002,
        2.8630929999999997,
        2.691177,
        2.72938,
        2.332891,
        4.645553,
        2.276898,
        2.4380949999999997,
        2.228712,
        2.715779,
        1.32452,
        2.671346,
        2.294893,
        0.0,
        2.139835,
        3.093505,
        2.411166,
        3.0421869999999998,
        4.157189000000001,
        2.560915,
        2.468711,
        2.4722370000000002,
        2.413084,
        2.7396260000000003,
        2.5067820000000003,
        2.4707179999999997,
        2.423407,
        2.636693,
        2.5425929999999997,
        2.406176,
        0.8887999999999999,
        2.57287,
        2.4816689999999997,
        2.668821,
        2.535186,
        2.662157,
        3.010846,
        2.032937,
        1.114092,
        2.648411,
        2.418841,
        2.638545,
        2.335491,
        3.213287,
        2.5425929999999997
    ],
    [
        0.963896,
        1.250607,
        0.63078,
        1.46135,
        0.305776,
        0.7553200000000001,
        1.027809,
        0.855774,
        1.579871,
        0.259335,
        0.636351,
        0.5696079999999999,
        1.993702,
        0.995168,
        0.9206169999999999,
        0.95882,
        0.895557,
        2.874993,
        0.9271820000000001,
        0.667301,
        0.47974,
        0.944985,
        1.6966459999999999,
        0.9791960000000001,
        0.189135,
        2.139835,
        0.0,
        1.862145,
        0.874306,
        1.435189,
        2.397628,
        0.801354,
        1.089699,
        0.9353769999999999,
        0.6535230000000001,
        0.9800650000000001,
        1.1266610000000001,
        0.8136559999999999,
        1.475619,
        1.063242,
        0.766747,
        0.869316,
        1.279932,
        0.797025,
        0.824606,
        0.909259,
        0.44017500000000004,
        0.902596,
        1.251285,
        0.144924,
        1.420061,
        0.888849,
        0.881981,
        1.06139,
        0.372711,
        1.2347080000000001,
        0.766747
    ],
    [
        2.217155,
        2.8246840000000004,
        2.425755,
        3.2786709999999997,
        1.557286,
        1.412366,
        2.178362,
        2.650749,
        3.279364,
        2.0740030000000003,
        2.4041230000000002,
        2.3643490000000003,
        1.4649429999999999,
        2.145721,
        2.715358,
        2.754997,
        2.690298,
        3.580859,
        2.7343040000000003,
        2.4617109999999998,
        2.280834,
        2.777665,
        3.2434659999999997,
        2.774171,
        1.675775,
        3.093505,
        1.862145,
        0.0,
        2.6629029999999996,
        0.76738,
        4.010332,
        2.572398,
        2.8782959999999997,
        2.723973,
        2.44212,
        2.746003,
        2.915257,
        2.602252,
        1.146487,
        2.8518380000000003,
        2.496216,
        2.6579119999999996,
        2.621954,
        2.299874,
        2.613203,
        2.725319,
        1.4253,
        2.691192,
        2.8221689999999997,
        1.97369,
        2.372772,
        2.677445,
        2.670577,
        2.849986,
        1.96846,
        2.182233,
        2.496216
    ],
    [
        0.691315,
        0.7438490000000001,
        0.276342,
        1.2056069999999999,
        1.119015,
        1.384219,
        0.82872,
        0.3351,
        0.979563,
        0.609088,
        0.39893599999999996,
        0.31469,
        2.423111,
        0.796079,
        0.317698,
        0.464092,
        0.108022,
        2.3682339999999997,
        0.139456,
        0.316502,
        0.405156,
        0.43941199999999997,
        1.5456269999999999,
        0.267301,
        1.002375,
        2.411166,
        0.874306,
        2.6629029999999996,
        0.0,
        2.231093,
        1.8563530000000001,
        0.396293,
        0.224602,
        0.073417,
        0.26483100000000004,
        0.462894,
        0.252236,
        0.135325,
        2.33581,
        0.237873,
        0.409295,
        0.0049900000000000005,
        1.5582239999999998,
        0.519521,
        0.141393,
        0.392089,
        1.236079,
        0.268663,
        0.757107,
        0.8815689999999999,
        1.719332,
        0.35185700000000003,
        0.043776,
        0.239726,
        0.9123089999999999,
        1.13912,
        0.409295
    ],
    [
        1.739657,
        2.347186,
        1.998799,
        2.851715,
        1.1303299999999998,
        0.949221,
        1.700864,
        2.223793,
        2.801866,
        1.647048,
        1.926625,
        1.937393,
        0.935977,
        1.668223,
        2.2884029999999997,
        2.2774989999999997,
        2.263343,
        2.810567,
        2.307348,
        1.984213,
        1.853878,
        2.300167,
        2.835236,
        2.347216,
        1.248819,
        3.0421869999999998,
        1.435189,
        0.76738,
        2.231093,
        0.0,
        3.5312620000000003,
        2.093328,
        2.4503150000000002,
        2.295992,
        2.014138,
        2.266933,
        2.487276,
        2.174271,
        1.5188320000000002,
        2.423857,
        2.017145,
        2.229931,
        2.212013,
        1.820804,
        2.185222,
        2.2462489999999997,
        0.997319,
        2.2632109999999996,
        2.343099,
        1.545709,
        1.9647629999999998,
        2.2564699999999998,
        2.242596,
        2.422005,
        1.511354,
        1.4999770000000001,
        2.017145
    ],
    [
        1.819105,
        1.319579,
        1.877427,
        3.0827080000000002,
        2.642336,
        2.6168649999999998,
        1.911991,
        1.550318,
        1.350051,
        2.132409,
        1.969092,
        1.838011,
        3.43175,
        1.8793499999999999,
        1.5526900000000001,
        1.4394529999999999,
        1.952029,
        1.6184690000000002,
        1.983463,
        1.81121,
        1.928477,
        1.44141,
        3.422728,
        1.585364,
        2.525696,
        4.157189000000001,
        2.397628,
        4.010332,
        1.8563530000000001,
        3.5312620000000003,
        0.0,
        1.757236,
        1.945466,
        1.77516,
        1.853371,
        1.418049,
        1.880403,
        1.773801,
        3.859621,
        1.610704,
        1.8414380000000001,
        1.8535679999999999,
        3.299511,
        1.9464249999999998,
        1.762852,
        1.488858,
        2.75989,
        1.58744,
        1.321358,
        2.40538,
        3.4606190000000003,
        1.5290899999999998,
        1.828557,
        1.6088520000000002,
        2.43612,
        2.268759,
        1.8414380000000001
    ],
    [
        0.42729300000000003,
        0.603214,
        0.314683,
        1.5433610000000002,
        1.0460619999999998,
        1.178932,
        0.559545,
        0.255172,
        0.954086,
        0.536135,
        0.206579,
        0.254792,
        2.212867,
        0.526904,
        0.318937,
        0.317262,
        0.428543,
        2.203245,
        0.45997699999999997,
        0.14543899999999998,
        0.33220299999999997,
        0.320038,
        1.88338,
        0.399471,
        0.929422,
        2.560915,
        0.801354,
        2.572398,
        0.396293,
        2.093328,
        1.757236,
        0.0,
        0.6116860000000001,
        0.457364,
        0.303173,
        0.342586,
        0.614523,
        0.33564299999999997,
        2.262857,
        0.45108800000000004,
        0.17549199999999998,
        0.391303,
        1.702747,
        0.317722,
        0.34659300000000004,
        0.27177999999999997,
        1.1631259999999999,
        0.339931,
        0.600638,
        0.808616,
        1.863855,
        0.256988,
        0.403968,
        0.44923599999999997,
        0.839356,
        0.9158229999999999,
        0.17549199999999998
    ],
    [
        0.906708,
        0.840737,
        0.49173500000000003,
        1.107828,
        1.3344079999999998,
        1.6278730000000001,
        1.044113,
        0.453316,
        1.076451,
        0.824481,
        0.6143289999999999,
        0.530083,
        2.6385039999999997,
        1.011472,
        0.43591399999999997,
        0.582307,
        0.302774,
        2.465122,
        0.191775,
        0.531895,
        0.620549,
        0.557628,
        1.4478469999999999,
        0.36418900000000004,
        1.217768,
        2.468711,
        1.089699,
        2.8782959999999997,
        0.224602,
        2.4503150000000002,
        1.945466,
        0.6116860000000001,
        0.0,
        0.183668,
        0.480493,
        0.579977,
        0.06013,
        0.29012400000000005,
        2.5514720000000004,
        0.33476100000000003,
        0.624957,
        0.22959200000000002,
        1.610812,
        0.735183,
        0.279174,
        0.5091720000000001,
        1.451741,
        0.385746,
        0.846219,
        1.034602,
        1.7719200000000002,
        0.46894,
        0.222048,
        0.33661399999999997,
        1.127971,
        1.354782,
        0.624957
    ],
    [
        0.752386,
        0.670432,
        0.337412,
        1.279143,
        1.180085,
        1.445289,
        0.889791,
        0.28041000000000005,
        0.906146,
        0.670158,
        0.460007,
        0.375761,
        2.4841819999999997,
        0.85715,
        0.26300799999999996,
        0.409401,
        0.169093,
        2.294817,
        0.20052699999999998,
        0.377573,
        0.466226,
        0.38472199999999995,
        1.619163,
        0.193883,
        1.063445,
        2.4722370000000002,
        0.9353769999999999,
        2.723973,
        0.073417,
        2.295992,
        1.77516,
        0.457364,
        0.183668,
        0.0,
        0.325901,
        0.407071,
        0.211302,
        0.11159699999999999,
        2.39688,
        0.164456,
        0.470366,
        0.078408,
        1.6192950000000002,
        0.580592,
        0.100648,
        0.336266,
        1.2971489999999999,
        0.21284,
        0.687984,
        0.942639,
        1.780403,
        0.296034,
        0.053396,
        0.16630899999999998,
        0.973379,
        1.20019,
        0.470366
    ],
    [
        0.598195,
        0.717349,
        0.011510999999999999,
        1.4118989999999998,
        0.8982319999999999,
        1.176145,
        0.7356,
        0.32275,
        0.9969020000000001,
        0.388305,
        0.305816,
        0.072917,
        2.256139,
        0.702959,
        0.326896,
        0.425562,
        0.29708100000000004,
        2.3417350000000003,
