[
    [
        0.0,
        0.22166999999999998,
        1.1527560000000001,
        2.522434,
        3.553417,
        1.9528830000000001,
        1.979972,
        2.9806529999999998,
        1.999017,
        3.7077020000000003,
        2.43426,
        2.176693,
        0.230488,
        2.49405,
        2.118933,
        1.075337,
        1.620789,
        2.622848,
        1.926152,
        0.28575799999999996,
        3.253496,
        1.29582,
        1.9017650000000001,
        2.186673,
        2.396577,
        2.039331,
        2.083573,
        2.634487,
        0.44876799999999994,
        1.9845789999999999,
        1.818353,
        0.6721739999999999,
        1.3934190000000002,
        1.441232,
        0.230374,
        2.8777150000000002,
        2.451271,
        1.152957,
        0.806483,
        1.272293,
        4.39292,
        0.336492,
        0.705989,
        2.006322,
        1.808139,
        1.4372719999999999,
        3.297317,
        2.10455,
        2.2879329999999998,
        2.249226,
        3.0225929999999996,
        0.44012799999999996,
        0.8383700000000001,
        2.643583,
        2.661413,
        2.2397739999999997,
        3.005809,
        2.786391,
        1.133923,
        1.897047
    ],
    [
        0.22166999999999998,
        0.0,
        1.048155,
        2.373386,
        3.744488,
        1.848282,
        1.830924,
        2.9644609999999996,
        1.849969,
        3.603102,
        2.355031,
        2.1627310000000004,
        0.34216599999999997,
        2.345002,
        1.9698849999999999,
        0.926289,
        1.471741,
        2.4738,
        1.777104,
        0.42085700000000004,
        3.444567,
        1.444623,
        1.872639,
        2.037626,
        2.247529,
        1.890283,
        1.916104,
        2.4854380000000003,
        0.487118,
        1.835531,
        1.856703,
        0.863246,
        1.542221,
        1.590116,
        0.008015000000000001,
        2.848589,
        2.302223,
        1.048356,
        0.657435,
        1.1232449999999998,
        4.583992,
        0.485294,
        0.854873,
        1.901722,
        1.846489,
        1.288224,
        3.4883870000000003,
        1.9555019999999999,
        2.138885,
        2.100178,
        2.917993,
        0.60587,
        0.689323,
        2.494535,
        2.512365,
        2.090726,
        2.9012089999999997,
        2.634324,
        1.0293219999999998,
        2.045931
    ],
    [
        1.1527560000000001,
        1.048155,
        0.0,
        1.51015,
        4.426897,
        1.145615,
        0.967688,
        2.917301,
        1.057002,
        2.900435,
        1.9960419999999999,
        2.197677,
        1.368782,
        1.4817660000000001,
        1.106649,
        0.428223,
        0.9493250000000001,
        1.610565,
        0.913868,
        1.447474,
        2.617427,
        2.406782,
        1.93133,
        1.17439,
        1.467178,
        1.095014,
        1.246846,
        1.622203,
        1.427823,
        1.313115,
        1.544436,
        1.062448,
        2.4723699999999997,
        2.49634,
        1.056859,
        2.907281,
        1.438987,
        0.007131,
        0.95309,
        0.769583,
        3.020995,
        1.45952,
        1.7701559999999998,
        1.199055,
        1.51908,
        0.443678,
        2.676069,
        1.0922660000000002,
        1.2756489999999998,
        1.236942,
        2.312147,
        0.769432,
        0.9849779999999999,
        1.738395,
        1.6491289999999998,
        1.2274909999999999,
        2.1985419999999998,
        1.7741069999999999,
        0.15815700000000002,
        2.844745
    ],
    [
        2.522434,
        2.373386,
        1.51015,
        0.0,
        5.842224,
        1.5726969999999998,
        0.57505,
        3.415511,
        0.80426,
        2.4208060000000002,
        2.494252,
        2.872205,
        2.67297,
        0.044502,
        0.453692,
        1.568724,
        1.232605,
        0.326293,
        0.6978390000000001,
        2.7516619999999996,
        3.665057,
        3.775427,
        2.9393580000000004,
        0.5598139999999999,
        0.360199,
        0.716544,
        0.754853,
        0.438289,
        2.6022489999999996,
        1.0250299999999999,
        2.307285,
        2.612146,
        3.873026,
        3.914826,
        2.3646599999999998,
        3.759502,
        0.101988,
        1.464051,
        2.011856,
        1.526139,
        4.070697,
        2.8160990000000004,
        3.185677,
        1.5589469999999999,
        2.5384189999999998,
        1.333058,
        3.723699,
        0.46807600000000005,
        0.669692,
        0.32339999999999997,
        1.693939,
        2.2406129999999997,
        2.019419,
        0.516484,
        0.855283,
        0.40388799999999997,
        1.785951,
        0.45718200000000003,
        1.392701,
        4.290961
    ],
    [
        3.553417,
        3.744488,
        4.426897,
        5.842224,
        0.0,
        4.901911,
        7.606253,
        3.749547,
        7.68053,
        6.255457000000001,
        4.5005,
        4.006919,
        3.7049209999999997,
        8.120332000000001,
        7.745215,
        6.756849,
        7.302302,
        8.24913,
        7.552434,
        3.755803,
        4.165795,
        2.693985,
        4.601789,
        7.812956,
        8.078091,
        7.7208429999999995,
        7.746665,
        8.260769,
        3.9232020000000003,
        7.666092,
        7.537518,
        5.765209,
        2.590777,
        2.308938,
        3.8611779999999998,
        3.498459,
        8.077553,
        6.702017,
        6.845466999999999,
        6.916613999999999,
        3.075964,
        3.4237550000000003,
        3.044179,
        4.949861,
        7.512162,
        7.064514,
        4.209614999999999,
        7.730832,
        7.914215,
        7.875508,
        5.769945,
        6.00174,
        6.877355,
        8.325096,
        5.671514,
        7.869309,
        5.559715,
        8.409653,
        6.8521220000000005,
        1.847511
    ],
    [
        1.9528830000000001,
        1.848282,
        1.145615,
        1.5726969999999998,
        4.901911,
        0.0,
        1.117806,
        1.956956,
        1.502139,
        1.787558,
        1.0356969999999999,
        1.413649,
        2.173686,
        1.544313,
        1.243074,
        1.565828,
        1.839172,
        1.4614580000000001,
        0.997043,
        2.241196,
        2.438886,
        3.037613,
        1.7131880000000002,
        1.1283130000000001,
        1.619867,
        1.51412,
        1.591528,
        1.432888,
        2.318639,
        1.787413,
        3.117015,
        1.502484,
        2.98675,
        2.860926,
        1.856986,
        2.3009459999999997,
        1.470709,
        1.1657840000000002,
        2.001297,
        1.8651110000000002,
        2.76998,
        2.208748,
        2.405695,
        0.157076,
        3.348149,
        1.359886,
        2.497528,
        1.228691,
        0.980373,
        1.249298,
        1.102449,
        1.591184,
        2.033185,
        1.8910850000000001,
        0.925994,
        1.16881,
        1.0856649999999999,
        1.786463,
        1.303113,
        3.237062
    ],
    [
        1.979972,
        1.830924,
        0.967688,
        0.57505,
        7.606253,
        1.117806,
        0.0,
        2.840462,
        0.492879,
        2.306255,
        1.919203,
        2.297155,
        2.0979200000000002,
        0.5466660000000001,
        0.182149,
        0.993675,
        0.878262,
        0.688607,
        0.12279000000000001,
        2.176612,
        3.090007,
        3.200377,
        2.364309,
        0.396648,
        0.610607,
        0.50486,
        0.618289,
        0.800603,
        2.027199,
        0.814174,
        2.143776,
        2.037097,
        3.2979760000000002,
        3.3397759999999996,
        1.789611,
        3.181654,
        0.47306099999999995,
        0.8890009999999999,
        1.531828,
        1.114336,
        3.493575,
        2.241049,
        2.610628,
        1.171246,
        2.37491,
        0.758008,
        3.150721,
        0.167766,
        0.5374249999999999,
        0.312136,
        1.604527,
        1.6655630000000001,
        1.5637159999999999,
        0.8818239999999999,
        0.910906,
        0.302685,
        1.6714,
        0.852149,
        0.8176509999999999,
        3.715911
    ],
    [
        2.9806529999999998,
        2.9644609999999996,
        2.917301,
        3.415511,
        3.749547,
        1.956956,
        2.840462,
        0.0,
        3.224557,
        2.370901,
        1.013521,
        0.984888,
        3.01608,
        3.356874,
        2.9654920000000002,
        3.1367730000000003,
        3.561591,
        3.415145,
        2.719462,
        3.066962,
        1.0946479999999998,
        4.403076,
        1.154689,
        2.95179,
        3.342286,
        3.236538,
        3.313947,
        3.3865749999999997,
        3.234361,
        3.509832,
        4.026741,
        2.314479,
        4.309729999999999,
        3.957292,
        2.988328,
        0.466627,
        3.314095,
        2.909933,
        3.379603,
        3.333729,
        0.8642430000000001,
        3.0351329999999996,
        2.976261,
        2.0821799999999997,
        4.001385,
        3.0638389999999998,
        1.056759,
        2.9511089999999998,
        2.905477,
        3.095785,
        2.2906239999999998,
        2.519396,
        3.411491,
        3.613503,
        2.879681,
        3.086334,
        2.0803949999999998,
        3.6063330000000002,
        3.068787,
        4.305697
    ],
    [
        1.999017,
        1.849969,
        1.057002,
        0.80426,
        7.68053,
        1.502139,
        0.492879,
        3.224557,
        0.0,
        2.7038939999999996,
        2.3035360000000003,
        2.681488,
        2.111841,
        0.7315900000000001,
        0.6750280000000001,
        0.9872569999999999,
        0.6107039999999999,
        1.046249,
        0.520428,
        2.190532,
        3.3119270000000003,
        3.214297,
        2.6258310000000002,
        0.8135739999999999,
        0.5317050000000001,
        0.18449700000000002,
        0.223075,
        1.158245,
        2.041119,
        0.493252,
        1.7755070000000002,
        2.097112,
        3.3118960000000004,
        3.318682,
        1.792533,
        3.5687849999999997,
        0.688603,
        1.006654,
        1.343833,
        0.858116,
        3.715497,
        2.254969,
        2.624548,
        1.555579,
        2.006641,
        0.68965,
        3.3705700000000003,
        0.6606449999999999,
        0.935064,
        0.805015,
        2.002166,
        1.783216,
        1.351397,
        0.727857,
        1.308545,
        0.7955639999999999,
        2.069039,
        1.199245,
        0.908879,
        3.920032
    ],
    [
        3.7077020000000003,
        3.603102,
        2.900435,
        2.4208060000000002,
        6.255457000000001,
        1.787558,
        2.306255,
        2.370901,
        2.7038939999999996,
        0.0,
        1.631728,
        2.034809,
        3.928505,
        2.395893,
        2.228253,
        3.060775,
        3.03921,
        2.101314,
        2.17281,
        3.996015,
        3.0542860000000003,
        4.367857,
        2.705039,
        2.066915,
        2.611116,
        2.764989,
        2.791566,
        2.072744,
        4.0734580000000005,
        2.98745,
        4.317053,
        3.257304,
        4.274512,
        4.032177,
        3.611805,
        2.742204,
        2.322289,
        2.937735,
        3.601201,
        3.286623,
        3.073209,
        3.963567,
        4.1482790000000005,
        1.712705,
        4.072604,
        2.829417,
        3.1637530000000003,
        2.242637,
        1.9189749999999999,
        2.1879,
        0.845084,
        3.346003,
        3.633089,
        2.767401,
        1.56585,
        2.1074119999999996,
        0.785414,
        2.175857,
        2.866385,
        4.435173
    ],
    [
        2.43426,
        2.355031,
        1.9960419999999999,
        2.494252,
        4.5005,
        1.0356969999999999,
        1.919203,
        1.013521,
        2.3035360000000003,
        1.631728,
        0.0,
        0.506253,
        2.6795500000000003,
        2.4358530000000003,
        2.044471,
        2.332881,
        2.640569,
        2.491749,
        1.79844,
        2.730432,
        1.516374,
        2.839301,
        1.176483,
        2.030769,
        2.4212640000000003,
        2.315517,
        2.392925,
        2.4631790000000002,
        2.897831,
        2.58881,
        3.219583,
        1.977948,
        2.745956,
        2.5285900000000003,
        2.363734,
        1.357749,
        2.393073,
        1.988911,
        2.572446,
        2.529837,
        1.823985,
        2.698603,
        2.619723,
        1.161159,
        3.194228,
        2.161283,
        1.6258409999999999,
        2.030088,
        1.984456,
        2.174764,
        1.367229,
        2.0097739999999997,
        2.6043339999999997,
        2.6924810000000003,
        1.956285,
        2.1653130000000003,
        1.157,
        2.682938,
        2.1477660000000003,
        2.896997
    ],
    [
        2.176693,
        2.1627310000000004,
        2.197677,
        2.872205,
        4.006919,
        1.413649,
        2.297155,
        0.984888,
        2.681488,
        2.034809,
        0.506253,
        0.0,
        2.208708,
        2.813805,
        2.4224229999999998,
        2.329401,
        2.874853,
        2.801568,
        2.176392,
        2.25959,
        1.164344,
        2.356216,
        0.67023,
        2.4087199999999998,
        2.799216,
        2.693469,
        2.770877,
        2.772998,
        2.426989,
        2.966762,
        3.219369,
        1.507107,
        2.262871,
        2.037946,
        2.180956,
        1.1968219999999998,
        2.771026,
        2.181781,
        2.5722310000000004,
        2.526357,
        1.557067,
        2.2277600000000004,
        2.136638,
        1.5391110000000001,
        3.194013,
        2.561842,
        1.29116,
        2.40804,
        2.362408,
        2.5527159999999998,
        1.7756969999999999,
        1.712024,
        2.6041190000000003,
        3.070434,
        2.266104,
        2.543265,
        1.5654670000000002,
        3.091406,
        2.3406350000000002,
        2.406353
    ],
    [
        0.230488,
        0.34216599999999997,
        1.368782,
        2.67297,
        3.7049209999999997,
        2.173686,
        2.0979200000000002,
        3.01608,
        2.111841,
        3.928505,
        2.6795500000000003,
        2.208708,
        0.0,
        2.614546,
        2.239429,
        1.195832,
        1.741285,
        2.743344,
        2.046648,
        0.078692,
        3.2964569999999997,
        1.17986,
        1.9447260000000002,
        2.307169,
        2.517073,
        2.159826,
        2.185648,
        2.754982,
        0.218281,
        2.163476,
        1.587865,
        0.715135,
        1.2774590000000001,
        1.3253540000000001,
        0.35086900000000004,
        2.920676,
        2.571767,
        1.375671,
        0.926978,
        1.392788,
        4.435881999999999,
        0.220532,
        0.59011,
        2.227126,
        1.5776510000000001,
        1.557768,
        3.340277,
        2.225045,
        2.408429,
        2.369721,
        3.243396,
        0.651187,
        0.958866,
        2.764079,
        2.781909,
        2.36027,
        3.2266120000000003,
        2.906886,
        1.3566369999999999,
        1.781169
    ],
    [
        2.49405,
        2.345002,
        1.4817660000000001,
        0.044502,
        8.120332000000001,
        1.544313,
        0.5466660000000001,
        3.356874,
        0.7315900000000001,
        2.395893,
        2.4358530000000003,
        2.813805,
        2.614546,
        0.0,
        0.425308,
        1.5403399999999998,
        1.206525,
        0.37079399999999996,
        0.669455,
        2.7232779999999996,
        3.6366729999999996,
        3.747043,
        2.910974,
        0.53143,
        0.33181499999999997,
        0.688159,
        0.726469,
        0.48279099999999997,
        2.5738649999999996,
        0.996645,
        2.278901,
        2.583762,
        3.844642,
        3.8864409999999996,
        2.336276,
        3.7311170000000002,
        0.073604,
        1.4356659999999999,
        1.983472,
        1.4977550000000002,
        4.040241,
        2.787715,
        3.157293,
        1.5305630000000001,
        2.510035,
        1.304674,
        3.697387,
        0.439692,
        0.641308,
        0.29501499999999997,
        1.690694,
        2.212229,
        1.991035,
        0.488099,
        0.826899,
        0.375504,
        1.757567,
        0.501684,
        1.364316,
        4.262577
    ],
    [
        2.118933,
        1.9698849999999999,
        1.106649,
        0.453692,
        7.745215,
        1.243074,
        0.182149,
        2.9654920000000002,
        0.6750280000000001,
        2.228253,
        2.044471,
        2.4224229999999998,
        2.239429,
        0.425308,
        0.0,
        1.14548,
        1.060411,
        0.503915,
        0.248058,
        2.31812,
        3.217302,
        3.3418850000000004,
        2.4916039999999997,
        0.27676799999999996,
        0.5284690000000001,
        0.533242,
        0.800438,
        0.615912,
        2.168707,
        0.996323,
        2.3259250000000002,
        2.162365,
        3.4394839999999998,
        3.465044,
        1.9311189999999998,
        3.311747,
        0.350164,
        1.0305090000000001,
        1.693975,
        1.307824,
        3.620871,
        2.382557,
        2.752136,
        1.298541,
        2.557059,
        0.913746,
        3.275945,
        0.014383,
        0.386646,
        0.13029300000000002,
        1.5265250000000001,
        1.8070709999999999,
        1.7258630000000001,
        0.795277,
        0.760126,
        0.120842,
        1.5933979999999999,
        0.667458,
        0.959159,
        3.84118
    ],
    [
        1.075337,
        0.926289,
        0.428223,
        1.568724,
        6.756849,
        1.565828,
        0.993675,
        3.1367730000000003,
        0.9872569999999999,
        3.060775,
        2.332881,
        2.329401,
        1.195832,
        1.5403399999999998,
        1.14548,
        0.0,
        0.616701,
        1.6439030000000001,
        0.937717,
        1.274524,
        2.7074119999999997,
        2.298289,
        2.042962,
        1.189756,
        1.392489,
        1.035243,
        1.061064,
        1.637059,
        1.126115,
        0.980491,
        1.11874,
        1.181104,
        2.395888,
        2.402674,
        0.876524,
        3.018912,
        1.4154980000000001,
        0.42842399999999997,
        0.62694,
        0.34880700000000003,
        3.11098,
        1.338961,
        1.708539,
        1.5873130000000002,
        1.093384,
        0.352191,
        2.766054,
        1.126114,
        1.297418,
        1.2707899999999999,
        2.3540639999999997,
        0.9398650000000001,
        0.658828,
        1.639495,
        1.670898,
        1.261339,
        2.420938,
        1.8049369999999998,
        0.353341,
        3.004024
    ],
    [
        1.620789,
        1.471741,
        0.9493250000000001,
        1.232605,
        7.302302,
        1.839172,
        0.878262,
        3.561591,
        0.6107039999999999,
        3.03921,
        2.640569,
        2.874853,
        1.741285,
        1.206525,
        1.060411,
        0.616701,
        0.0,
        1.521183,
        0.9103880000000001,
        1.829917,
        3.2628049999999997,
        2.853683,
        2.598355,
        1.1730450000000001,
        1.046508,
        0.663685,
        0.560246,
        1.63318,
        1.6805050000000001,
        0.479673,
        1.0349659999999998,
        1.736498,
        2.951281,
        2.9580680000000004,
        1.4319179999999998,
        3.574306,
        1.163538,
        0.959467,
        0.904701,
        0.41898399999999997,
        3.666374,
        1.894354,
        2.263933,
        1.892283,
        1.0096100000000001,
        0.438898,
        3.3214479999999997,
        1.046028,
        1.280706,
        1.1903979999999998,
        2.3523069999999997,
        1.4952590000000001,
        0.912265,
        1.138677,
        1.6541869999999999,
        1.180947,
        2.419181,
        1.674179,
        0.8843840000000001,
        3.559418
    ],
    [
        2.622848,
        2.4738,
        1.610565,
        0.326293,
        8.24913,
        1.4614580000000001,
        0.688607,
        3.415145,
        1.046249,
        2.101314,
        2.491749,
        2.801568,
        2.743344,
        0.37079399999999996,
        0.503915,
        1.6439030000000001,
        1.521183,
        0.0,
        0.751973,
        2.827292,
        3.6800279999999996,
        3.851057,
        2.952257,
        0.476383,
        0.646473,
        1.002817,
        1.041127,
        0.111996,
        2.677879,
        1.311303,
        2.5935590000000004,
        2.666281,
        3.948656,
        3.96896,
        2.440291,
        3.7522919999999997,
        0.357645,
        1.5396800000000002,
        2.2031460000000003,
        1.811433,
        4.083596,
        2.8917289999999998,
        3.261307,
        1.308308,
        2.8246930000000003,
        1.422918,
        3.736598,
        0.518299,
        0.532207,
        0.373623,
        1.3676469999999998,
        2.316243,
        2.235034,
        0.8027580000000001,
        0.535464,
        0.454111,
        1.466132,
        0.36797199999999997,
        1.4683309999999998,
        4.345095000000001
    ],
    [
        1.926152,
        1.777104,
        0.913868,
        0.6978390000000001,
        7.552434,
        0.997043,
        0.12279000000000001,
        2.719462,
        0.520428,
        2.17281,
        1.79844,
        2.176392,
        2.046648,
        0.669455,
        0.248058,
        0.937717,
        0.9103880000000001,
        0.751973,
        0.0,
        2.11534,
        2.969244,
        3.139105,
        2.243546,
        0.30697399999999997,
        0.638156,
        0.532409,
        0.639841,
        0.754787,
        1.965927,
        0.835726,
        2.165328,
        1.97072,
        3.236704,
        3.273399,
        1.7283389999999998,
        3.0636889999999997,
        0.595851,
        0.827729,
        1.491194,
        1.147226,
        3.3748850000000004,
        2.179777,
        2.549355,
        1.050483,
        2.396461,
        0.710966,
        3.027887,
        0.23367500000000002,
        0.414636,
        0.378351,
        1.481737,
        1.604291,
        1.523082,
        0.909374,
        0.788116,
        0.368899,
        1.5486110000000002,
        0.915516,
        0.756379,
        3.649534
    ],
    [
        0.28575799999999996,
        0.42085700000000004,
        1.447474,
        2.7516619999999996,
        3.755803,
        2.241196,
        2.176612,
        3.066962,
        2.190532,
        3.996015,
        2.730432,
        2.25959,
        0.078692,
        2.7232779999999996,
        2.31812,
        1.274524,
        1.829917,
        2.827292,
        2.11534,
        0.0,
        3.347338,
        1.157059,
        1.995607,
        2.385861,
        2.595764,
        2.238518,
        2.28276,
        2.833674,
        0.296725,
        2.243844,
        1.6682329999999999,
        0.7660170000000001,
        1.254657,
        1.264638,
        0.42956099999999997,
        2.971558,
        2.650458,
        1.454363,
        1.00567,
        1.4714800000000001,
        4.486763,
        0.159816,
        0.529395,
        2.316174,
        1.658018,
        1.636459,
        3.391159,
        2.303737,
        2.48712,
        2.448413,
        3.3324439999999997,
        0.714788,
        1.037558,
        2.84277,
        2.860601,
        2.438962,
        3.31566,
        2.982559,
        1.4353289999999999,
        1.720453
    ],
    [
        3.253496,
        3.444567,
        2.617427,
        3.665057,
        4.165795,
        2.438886,
        3.090007,
        1.0946479999999998,
        3.3119270000000003,
        3.0542860000000003,
        1.516374,
        1.164344,
        3.2964569999999997,
        3.6366729999999996,
        3.217302,
        2.7074119999999997,
        3.2628049999999997,
        3.6800279999999996,
        2.969244,
        3.347338,
        0.0,
        2.600781,
        0.826866,
        3.202174,
        3.592669,
        3.35054,
        3.476581,
        3.649987,
        3.5254499999999998,
        3.6307020000000003,
        3.6526460000000003,
        1.847003,
        2.507436,
        2.154997,
        2.688576,
        0.827211,
        3.564479,
        2.62452,
        3.005508,
        2.959634,
        0.454393,
        3.326222,
        2.645352,
        2.487437,
        3.62729,
        2.990957,
        0.109467,
        3.201493,
        3.303433,
        3.3461689999999997,
        2.7932390000000002,
        2.096758,
        3.037396,
        3.863886,
        3.382295,
        3.336718,
        2.5830100000000003,
        3.8965799999999997,
        2.783374,
        2.503402
    ],
    [
        1.29582,
        1.444623,
        2.406782,
        3.775427,
        2.693985,
        3.037613,
        3.200377,
        4.403076,
        3.214297,
        4.367857,
        2.839301,
        2.356216,
        1.17986,
        3.747043,
        3.3418850000000004,
        2.298289,
        2.853683,
        3.851057,
        3.139105,
        1.157059,
        2.600781,
        0.0,
        2.025723,
        3.4096260000000003,
        3.61953,
        3.262283,
        3.2881039999999997,
        3.857439,
        1.3767449999999999,
        3.250405,
        2.5207420000000003,
        1.5567360000000001,
        0.14178,
        0.434393,
        1.4533260000000001,
        3.250875,
        3.674223,
        2.414352,
        2.029435,
        2.4952449999999997,
        3.6454609999999996,
        0.959328,
        0.6973010000000001,
        3.109846,
        2.562621,
        2.6602240000000004,
        2.549857,
        3.327502,
        3.510885,
        3.472178,
        4.093057,
        1.6313030000000002,
        2.061323,
        3.866536,
        3.8489780000000002,
        3.4627269999999997,
        3.882828,
        4.0093440000000005,
        2.495603,
        0.872651
    ],
    [
        1.9017650000000001,
        1.872639,
        1.93133,
        2.9393580000000004,
        4.601789,
        1.7131880000000002,
        2.364309,
        1.154689,
        2.6258310000000002,
        2.705039,
        1.176483,
        0.67023,
        1.9447260000000002,
        2.910974,
        2.4916039999999997,
        2.042962,
        2.598355,
        2.952257,
        2.243546,
        1.995607,
        0.826866,
        2.025723,
        0.0,
        2.524913,
        2.915409,
        2.67328,
        2.7993200000000003,
        2.972726,
        2.1623319999999997,
        2.9534409999999998,
        2.971223,
        1.2424490000000001,
        1.9579469999999999,
        1.751487,
        1.9328109999999998,
        0.975951,
        2.887218,
        1.933636,
        2.324085,
        2.2782109999999998,
        1.230435,
        1.963103,
        1.87357,
        1.810176,
        2.9458670000000002,
        2.3136959999999998,
        0.8855080000000001,
        2.524232,
        2.626172,
        2.668908,
        2.289894,
        1.463879,
        2.355973,
        3.1866260000000004,
        2.564888,
        2.6594569999999997,
        2.079665,
        3.219319,
        2.0924899999999997,
        2.119894
    ],
    [
        2.186673,
        2.037626,
        1.17439,
        0.5598139999999999,
        7.812956,
        1.1283130000000001,
        0.396648,
        2.95179,
        0.8135739999999999,
        2.066915,
        2.030769,
        2.4087199999999998,
        2.307169,
        0.53143,
        0.27676799999999996,
        1.189756,
        1.1730450000000001,
        0.476383,
        0.30697399999999997,
        2.385861,
        3.202174,
        3.4096260000000003,
        2.524913,
        0.0,
        0.657883,
        0.747741,
        0.932133,
        0.44781299999999996,
        2.2364479999999998,
        1.128017,
        2.45762,
        2.2206219999999997,
        3.507225,
        3.523301,
        1.9988599999999999,
        3.296018,
        0.457826,
        1.09825,
        1.761715,
        1.4158510000000002,
        3.605141,
        2.4502979999999996,
        2.819877,
        1.2015850000000001,
        2.688753,
        0.969408,
        3.2622869999999997,
        0.29115199999999997,
        0.22530799999999998,
        0.236415,
        1.365187,
        1.874812,
        1.793603,
        0.902938,
        0.598788,
        0.15592699999999998,
        1.4320599999999999,
        0.77358,
        1.0269000000000001,
        3.899437
    ],
    [
        2.396577,
        2.247529,
        1.467178,
        0.360199,
        8.078091,
        1.619867,
        0.610607,
        3.342286,
        0.5317050000000001,
        2.611116,
        2.4212640000000003,
        2.799216,
        2.517073,
        0.33181499999999997,
        0.5284690000000001,
        1.392489,
        1.046508,
        0.646473,
        0.638156,
        2.595764,
        3.592669,
        3.61953,
        2.915409,
        0.657883,
        0.0,
        0.443988,
        0.566451,
        0.738355,
        2.4365859999999997,
        0.836628,
        2.118883,
        2.5390590000000004,
        3.707363,
        3.841738,
        2.188,
        3.6865129999999997,
        0.26871300000000004,
        1.391037,
        1.7392999999999998,
        1.2535830000000001,
        3.9956370000000003,
        2.650436,
        3.020015,
        1.673307,
        2.350017,
        1.0849069999999998,
        3.650711,
        0.5428529999999999,
        0.76776,
        0.490124,
        1.885802,
        2.1675999999999997,
        1.746864,
        0.328082,
        1.022008,
        0.5019560000000001,
        1.9526759999999999,
        0.779354,
        1.3196880000000002,
        4.3155
    ],
    [
        2.039331,
        1.890283,
        1.095014,
        0.716544,
        7.7208429999999995,
        1.51412,
        0.50486,
        3.236538,
        0.18449700000000002,
        2.764989,
        2.315517,
        2.693469,
        2.159826,
        0.688159,
        0.533242,
        1.035243,
        0.663685,
        1.002817,
        0.532409,
        2.238518,
        3.35054,
        3.262283,
        2.67328,
        0.747741,
        0.443988,
        0.0,
        0.25896399999999997,
        1.114814,
        2.07934,
        0.5291399999999999,
        1.811396,
        2.1142440000000002,
        3.350117,
        3.356903,
        1.8307529999999999,
        3.580766,
        0.6451720000000001,
        1.0446659999999999,
        1.3820540000000001,
        0.895536,
        3.7535079999999996,
        2.29319,
        2.6627680000000002,
        1.5675599999999998,
        2.04253,
        0.7276609999999999,
        3.408582,
        0.5188590000000001,
        0.9233819999999999,
        0.667029,
        2.063261,
        1.821228,
        1.389618,
        0.7152050000000001,
        1.2968620000000002,
        0.657577,
        2.130134,
        1.1558130000000002,
        0.9468909999999999,
        3.958253
    ],
    [
        2.083573,
        1.916104,
        1.246846,
        0.754853,
        7.746665,
        1.591528,
        0.618289,
        3.313947,
        0.223075,
        2.791566,
        2.392925,
        2.770877,
        2.185648,
        0.726469,
        0.800438,
        1.061064,
        0.560246,
        1.041127,
        0.639841,
        2.28276,
        3.476581,
        3.2881039999999997,
        2.7993200000000003,
        0.932133,
        0.566451,
        0.25896399999999997,
        0.0,
        1.153124,
        2.118695,
        0.29564,
        1.577896,
        2.174688,
        3.4995079999999996,
        3.396259,
        1.870109,
        3.679186,
        0.6834819999999999,
        1.191718,
        1.380979,
        0.8571749999999999,
        3.900561,
        2.332545,
        2.702124,
        1.66598,
        1.809029,
        0.946483,
        3.555634,
        0.695433,
        1.054404,
        0.9048930000000001,
        2.3005709999999997,
        1.933449,
        1.3885429999999999,
        0.637218,
        1.436776,
        0.985381,
        2.367445,
        1.194123,
        1.120369,
        3.9976089999999997
    ],
    [
        2.634487,
        2.4854380000000003,
        1.622203,
        0.438289,
        8.260769,
        1.432888,
        0.800603,
        3.3865749999999997,
        1.158245,
        2.072744,
        2.4631790000000002,
        2.772998,
        2.754982,
        0.48279099999999997,
        0.615912,
        1.637059,
        1.63318,
        0.111996,
        0.754787,
        2.833674,
        3.649987,
        3.857439,
        2.972726,
        0.44781299999999996,
        0.738355,
        1.114814,
        1.153124,
        0.0,
        2.684261,
        1.4233,
        2.705555,
        2.668435,
        3.955038,
        3.971114,
        2.4466729999999997,
        3.7237220000000004,
        0.469642,
        1.5460619999999998,
        2.2095279999999997,
        1.922628,
        4.055027,
        2.8981109999999997,
        3.26769,
        1.279738,
        2.936689,
        1.417221,
        3.7100999999999997,
        0.6302949999999999,
        0.503638,
        0.485619,
        1.314943,
        2.322625,
        2.241416,
        0.9147540000000001,
        0.506894,
        0.48831,
        1.4375630000000001,
        0.345485,
        1.474713,
        4.34725
    ],
    [
        0.44876799999999994,
        0.487118,
        1.427823,
        2.6022489999999996,
        3.9232020000000003,
        2.318639,
        2.027199,
        3.234361,
        2.041119,
        4.0734580000000005,
        2.897831,
        2.426989,
        0.218281,
        2.5738649999999996,
        2.168707,
        1.126115,
        1.6805050000000001,
        2.677879,
        1.965927,
        0.296725,
        3.5254499999999998,
        1.3767449999999999,
        2.1623319999999997,
        2.2364479999999998,
        2.4365859999999997,
        2.07934,
        2.118695,
        2.684261,
        0.0,
        2.027949,
        1.452339,
        0.933416,
        1.4757,
        1.5433869999999998,
        0.495822,
        3.138957,
        2.48365,
        1.410628,
        0.8161349999999999,
        1.304932,
        4.654163,
        0.438565,
        0.808144,
        2.372078,
        1.442124,
        1.469651,
        3.558558,
        2.1369279999999997,
        2.320312,
        2.2816039999999997,
        3.35681,
        0.869467,
        0.848023,
        2.757657,
        2.6937919999999997,
        2.272153,
        3.423683,
        2.815751,
        1.3355460000000001,
        1.999202
    ],
    [
        1.9845789999999999,
        1.835531,
        1.313115,
        1.0250299999999999,
        7.666092,
        1.787413,
        0.814174,
        3.509832,
        0.493252,
        2.98745,
        2.58881,
        2.966762,
        2.163476,
        0.996645,
        0.996323,
        0.980491,
        0.479673,
        1.311303,
        0.835726,
        2.243844,
        3.6307020000000003,
        3.250405,
        2.9534409999999998,
        1.128017,
        0.836628,
        0.5291399999999999,
        0.29564,
        1.4233,
        2.027949,
        0.0,
        1.400938,
        2.100287,
        3.3815549999999996,
        3.321858,
        1.795708,
        3.8540590000000003,
        0.953658,
        1.3232570000000001,
        1.263026,
        0.782774,
        4.075433,
        2.2581439999999997,
        2.627723,
        1.840853,
        1.632072,
        0.802688,
        3.7305070000000002,
        0.938665,
        1.229276,
        1.175069,
        2.300877,
        1.859049,
        1.2705899999999999,
        0.907395,
        1.706953,
        1.077383,
        2.367751,
        1.4643,
        1.248174,
        3.9232080000000003
    ],
    [
        1.818353,
        1.856703,
        1.544436,
        2.307285,
        7.537518,
        3.117015,
        2.143776,
        4.026741,
        1.7755070000000002,
        4.317053,
        3.219583,
        3.219369,
        1.587865,
        2.278901,
        2.3259250000000002,
        1.11874,
        1.0349659999999998,
        2.5935590000000004,
        2.165328,
        1.6682329999999999,
        3.6526460000000003,
        2.5207420000000003,
        2.971223,
        2.45762,
        2.118883,
        1.811396,
        1.577896,
        2.705555,
        1.452339,
        1.400938,
        0.0,
        1.976292,
        2.5985810000000003,
        2.878893,
        1.7253450000000001,
        3.889035,
        2.235914,
        1.5268989999999998,
        0.764869,
        0.833506,
        3.9811039999999998,
        1.750415,
        2.119993,
        2.68203,
        0.23908600000000002,
        1.296758,
        3.636177,
        2.22092,
        2.3496840000000003,
        2.457325,
        3.421284,
        1.7350530000000002,
        0.772433,
        2.036019,
        2.989208,
        2.359639,
        3.488157,
        2.746555,
        1.451816,
        3.334708
    ],
    [
        0.6721739999999999,
        0.863246,
        1.062448,
        2.612146,
        5.765209,
        1.502484,
        2.037097,
        2.314479,
        2.097112,
        3.257304,
        1.977948,
        1.507107,
        0.715135,
        2.583762,
        2.162365,
        1.181104,
        1.736498,
        2.666281,
        1.97072,
        0.7660170000000001,
        1.847003,
        1.5567360000000001,
        1.2424490000000001,
        2.2206219999999997,
        2.5390590000000004,
        2.1142440000000002,
        2.174688,
        2.668435,
        0.933416,
        2.100287,
        1.976292,
        0.0,
        1.973002,
        1.6205630000000002,
        0.856426,
        2.2020560000000002,
        2.547108,
        0.964883,
        1.332044,
        1.384723,
        3.9591909999999997,
        0.734188,
        0.893241,
        1.59824,
        1.99874,
        1.495431,
        2.863587,
        2.184931,
        2.3588310000000003,
        2.3296080000000003,
        2.61451,
        0.26460700000000004,
        1.363932,
        2.756013,
        2.337371,
        2.320156,
        2.597726,
        2.8667730000000002,
        1.115909,
        1.968968
    ],
    [
        1.3934190000000002,
        1.542221,
        2.4723699999999997,
        3.873026,
        2.590777,
        2.98675,
        3.2979760000000002,
        4.309729999999999,
        3.3118960000000004,
        4.274512,
        2.745956,
        2.262871,
        1.2774590000000001,
        3.844642,
        3.4394839999999998,
        2.395888,
        2.951281,
        3.948656,
        3.236704,
        1.254657,
        2.507436,
        0.14178,
        1.9579469999999999,
        3.507225,
        3.707363,
        3.350117,
        3.4995079999999996,
        3.955038,
        1.4757,
        3.3815549999999996,
        2.5985810000000003,
        1.973002,
