[
  [
    0.0, 0.805135, 1.821355, 0.28242700000000004, 0.47439600000000004,
    1.7268620000000001, 0.43370800000000004, 0.841551, 1.234518, 0.424679,
    1.86178, 1.159436, 1.306522, 0.593256, 0.5926330000000001,
    2.8331399999999998, 0.8200700000000001, 3.6348949999999998, 0.086688,
    0.333267, 1.730429, 1.817901, 0.233525, 2.4062669999999997,
    0.7306710000000001, 0.868034, 0.559749, 0.482071, 1.539664, 1.567893,
    1.6067960000000001, 1.180355, 2.618171, 1.355134, 0.619936, 0.252664,
    0.033628, 2.04385, 0.998366, 0.873884, 1.276274, 1.761611, 2.334684,
    1.8207010000000001, 1.84696, 2.629658, 1.290087, 1.9673420000000001,
    0.209201, 1.249197, 0.5421699999999999, 1.3818240000000002,
    1.1154169999999999, 0.267141, 1.7000899999999999, 2.006656, 1.724481,
    0.48014, 1.2966790000000001, 1.912481, 0.60857, 0.8304940000000001,
    1.1545940000000001, 0.587904, 1.234256, 1.580912, 1.315685, 1.13305,
    1.4810340000000002, 0.34222699999999995, 1.468747, 1.633022, 1.347182,
    1.279123, 0.7587849999999999, 0.794289, 1.2003130000000002,
    1.4336410000000002, 1.981505, 0.195684, 1.0626659999999999,
    0.34322800000000003, 0.828828, 1.201165, 1.528963, 1.297288, 1.408791,
    0.550048, 1.2391050000000001, 1.461481, 2.1574470000000003, 1.65929,
    2.332291, 0.451793, 1.0138690000000001, 0.304179, 0.33619099999999996,
    0.903531, 0.186168, 1.685645, 0.360577, 1.235677, 1.0481230000000001,
    0.7295320000000001, 1.2532539999999999, 1.11976, 1.665237, 0.693708,
    2.2569209999999997, 1.036178, 1.373979, 1.3015219999999998, 0.686156,
    1.562451, 0.98378, 0.875965, 1.662947, 1.5043119999999999, 0.464765,
    0.967851
  ],
  [
    0.805135, 0.0, 1.726112, 0.8608490000000001, 0.829666, 2.475855, 0.541062,
    1.23571, 1.9835099999999999, 1.15494, 2.610772, 1.294797, 0.630557,
    0.33450799999999997, 0.302557, 3.067873, 1.258184, 3.05597, 0.718422,
    0.731231, 1.210711, 1.189468, 0.642441, 1.868646, 0.11963299999999999,
    0.833841, 0.792263, 0.409934, 0.818571, 1.141354, 0.875774, 0.933001,
    2.667232, 2.189844, 0.924083, 0.625294, 0.822441, 2.009161, 1.353635,
    0.197465, 1.241585, 2.51494, 2.383745, 1.096061, 1.327242, 2.766344,
    0.598245, 1.447624, 0.7876219999999999, 1.214509, 0.47003300000000003,
    0.5638329999999999, 1.470121, 0.845563, 1.7572429999999999, 2.979416,
    1.689792, 0.83541, 0.6149439999999999, 2.0491669999999997, 0.963839,
    1.342842, 1.242244, 0.422059, 1.589526, 1.637368, 1.91144, 1.728804,
    1.446346, 0.7306459999999999, 0.7377250000000001, 1.5537590000000001,
    1.702452, 1.634392, 0.760629, 1.5245499999999998, 1.796068,
    0.7410890000000001, 1.461788, 0.634828, 1.811658, 0.753053,
    1.2579559999999999, 1.469318, 0.797941, 1.602848, 1.7640609999999999,
    0.804901, 0.531302, 2.195122, 1.637729, 2.01456, 2.3813519999999997,
    0.413255, 0.9791810000000001, 1.03731, 1.021481, 1.2588, 0.822303,
    1.4044839999999998, 0.9691799999999999, 1.969318, 1.643878, 0.355337,
    1.2185650000000001, 1.195452, 1.7219680000000002, 1.048978, 1.737203,
    1.7851700000000001, 1.085991, 1.6567919999999998, 1.4351479999999999,
    0.98625, 0.949586, 0.8412759999999999, 2.1204989999999997, 0.783764,
    0.494586, 0.826846
  ],
  [
    1.821355, 1.726112, 0.0, 1.735678, 2.058919, 3.21658, 1.5408199999999999,
    1.631181, 2.9381500000000003, 2.1180030000000003, 3.540768, 1.540551,
    2.093102, 1.6972159999999998, 1.665265, 4.417662999999999, 1.703571,
    4.402523, 1.733989, 1.594234, 2.41705, 0.89079, 1.584518, 0.689086,
    1.6878469999999999, 1.050581, 1.3934900000000001, 1.699872, 1.817193,
    0.590686, 1.196943, 0.873974, 4.149976, 3.078296, 1.508693, 1.585209,
    1.835349, 1.20525, 2.582889, 1.556925, 1.1748420000000002, 3.349004,
    3.866489, 1.5638409999999998, 2.491358, 2.8899760000000003, 1.226477,
    2.860103, 1.7297, 1.211554, 1.673777, 1.432209, 2.699375, 1.787641,
    1.409494, 3.2251689999999997, 0.344041, 2.064663, 2.078275,
    1.9136739999999999, 2.1930929999999997, 1.788229, 2.717271, 1.999792,
    2.818779, 3.14359, 3.0597559999999997, 2.8771210000000003, 1.112239,
    1.904508, 1.3876, 3.080921, 2.931706, 2.863646, 2.344536, 2.149911,
    2.944384, 1.145461, 2.883464, 1.679413, 2.749926, 1.9055090000000001,
    1.703343, 2.785688, 1.3926420000000002, 1.8902729999999999, 2.993314,
    1.406129, 2.033658, 2.7111039999999997, 3.050208, 3.243814, 3.864096,
    1.609682, 1.25493, 1.98585, 2.082552, 2.488054, 1.817382, 2.931646, 1.86286,
    2.393427, 2.792194, 1.936936, 1.244614, 2.682042, 3.227518, 2.278232,
    3.090993, 2.6765309999999998, 2.630487, 2.886046, 2.430227, 0.837475,
    0.8722340000000001, 1.1542670000000002, 3.349752, 1.796855,
    1.6226530000000001, 1.035709
  ],
  [
    0.28242700000000004, 0.8608490000000001, 1.735678, 0.0, 0.682604, 1.943244,
    0.32387400000000005, 0.728158, 1.664814, 0.512553, 2.267432, 1.046042,
    1.3073789999999998, 0.594112, 0.593489, 3.041347, 0.7185349999999999,
    3.830955, 0.272308, 0.21987399999999999, 1.7312850000000002, 1.78477,
    0.128535, 2.296434, 0.731527, 0.758201, 0.446355, 0.482927,
    1.5399749999999999, 1.4585540000000001, 1.607652, 1.071016, 2.804136,
    1.8049600000000001, 0.5065419999999999, 0.277189, 0.18371, 1.773701,
    1.2065730000000001, 0.87474, 1.006125, 1.8861839999999999,
    2.5206489999999997, 1.821557, 1.8478160000000001, 2.516264, 1.290943,
    1.9681980000000001, 0.074177, 0.979048, 0.543026, 1.3826800000000001,
    1.323059, 0.10149599999999999, 1.5866959999999999, 2.0945300000000002,
    1.615142, 0.688348, 1.297535, 1.7990869999999999, 0.8167770000000001,
    0.9183680000000001, 1.340559, 0.711215, 1.442464, 1.766877, 1.511746,
    1.3291099999999998, 1.210885, 0.538288, 1.469603, 1.818988, 1.55539,
    1.4873299999999998, 0.94475, 0.882163, 1.396374, 1.4344970000000001,
    1.9823620000000002, 0.390837, 1.2587270000000002, 0.529193,
    0.7154349999999999, 1.409373, 1.529819, 1.183894, 1.616999, 0.436654,
    1.239962, 1.549355, 2.158303, 1.867498, 2.518256, 0.392736, 0.904036,
    0.392053, 0.532252, 1.1117380000000001, 0.382229, 1.925058, 0.255735,
    1.323551, 1.244184, 0.8049189999999999, 0.9831040000000001,
    1.3057260000000002, 1.851202, 0.901916, 2.257777, 1.232239, 1.560221,
    1.50973, 0.882217, 1.5293189999999999, 0.874441, 0.766131, 1.859007,
    1.5051690000000002, 0.405708, 0.8585119999999999
  ],
  [
    0.47439600000000004, 0.829666, 2.058919, 0.682604, 0.0, 1.669012,
    0.6707770000000001, 1.2324760000000001, 1.3613119999999999,
    0.6666040000000001, 1.858463, 1.550361, 1.3294190000000001, 0.716483,
    0.7121989999999999, 2.358744, 1.0619939999999999, 2.343604, 0.410271,
    0.7241920000000001, 1.74383, 1.980825, 0.584989, 2.550485, 0.755202,
    1.105104, 0.950674, 0.634856, 1.60134, 1.780632, 1.673514, 1.417424,
    2.3877710000000003, 1.4490509999999999, 1.01086, 0.490882,
    0.5142899999999999, 2.280919, 0.52397, 0.8854, 1.513344, 2.4639279999999997,
    2.0010429999999997, 1.8874179999999998, 1.8603610000000002,
    3.0205830000000002, 1.298521, 1.980743, 0.66989, 1.486267, 0.694956,
    1.448542, 0.640455, 0.727831, 2.029001, 2.810462, 1.96155, 0.057414,
    1.319575, 2.303406, 0.13417400000000002, 1.0724179999999999, 0.723,
    0.446714, 0.75986, 1.112002, 1.1135050000000002, 0.988011, 1.718104,
    0.382762, 1.5354649999999999, 1.2993810000000001, 0.872786, 0.804727,
    0.425144, 1.036214, 1.0552750000000002, 1.441365, 1.76406,
    0.43390100000000004, 1.05935, 0.22355699999999998, 1.169903, 0.726769,
    1.59568, 1.688212, 0.934395, 0.940973, 1.2620019999999998, 1.703406,
    1.943097, 1.1848940000000001, 1.97057, 0.6900109999999999, 1.250939,
    0.5575019999999999, 0.374585, 0.429134, 0.30071499999999995, 1.421565,
    0.7976449999999999, 1.477602, 0.903085, 0.756866, 1.490323, 0.775169,
    1.196327, 0.219312, 1.901263, 0.978328, 1.189289, 0.827126, 0.678833,
    1.6820160000000002, 1.22085, 1.113035, 1.2908330000000001, 1.566533,
    0.7029829999999999, 1.20492
  ],
  [
    1.7268620000000001, 2.475855, 3.21658, 1.943244, 1.669012, 0.0,
    2.0777620000000003, 1.822936, 0.655197, 1.449732, 0.889676, 2.107265,
    2.967436, 2.238458, 2.2378359999999997, 4.335855, 1.513009, 4.091626,
    1.755585, 2.066214, 3.391343, 3.4631030000000003, 1.930304, 4.050322,
    2.375873, 2.5125830000000002, 2.013411, 2.127273, 3.239357, 3.212442,
    3.311531, 2.824904, 4.46534, 0.705934, 1.847109, 1.897866, 1.784204,
    2.749315, 2.0566619999999998, 2.5190859999999997, 2.2667100000000002,
    0.8850779999999999, 3.660104, 3.525436, 3.5078739999999997,
    2.2349189999999997, 2.935289, 3.628256, 1.925185, 2.220312, 2.187373,
    3.0865590000000003, 1.906252, 1.994019, 2.4835819999999997, 1.231613,
    3.018092, 1.7957850000000002, 2.9575929999999997, 2.5870949999999997,
    1.604198, 1.448039, 2.363886, 2.084731, 2.074898, 2.647813, 1.259236,
    1.0766, 2.471685, 1.8014400000000002, 3.173482, 3.157806,
    2.1878249999999997, 1.6893030000000002, 2.027192, 1.337391, 1.143864,
    3.078134, 3.7831819999999996, 1.840886, 0.713427, 1.80244, 1.620917,
    2.3042040000000004, 3.233698, 2.302623, 2.249433, 1.966291, 2.900019,
    1.59349, 3.886165, 2.277576, 3.108625, 2.0969960000000003, 2.076473,
    1.727165, 1.643519, 2.126928, 1.64538, 3.4435320000000003, 1.967307,
    1.684176, 0.958894, 2.3948829999999997, 2.224368, 2.391748, 2.733706,
    1.804025, 3.849054, 0.746725, 2.833191, 2.142165, 1.040706,
    3.2076529999999996, 2.344346, 2.1857979999999997, 1.224153,
    3.2045500000000002, 2.109967, 2.6124
  ],
  [
    0.43370800000000004, 0.541062, 1.5408199999999999, 0.32387400000000005,
    0.6707770000000001, 2.0777620000000003, 0.0, 0.698453, 1.4776120000000001,
    0.671736, 2.1048739999999997, 1.016338, 1.1202590000000001, 0.406993,
    0.40637, 2.9166860000000003, 0.68883, 2.9015459999999997, 0.233012,
    0.190169, 1.544166, 1.5976510000000002, 0.10137900000000001, 2.109314,
    0.544408, 0.571576, 0.416651, 0.295808, 1.352856, 1.2714349999999999,
    1.4205329999999998, 0.883897, 2.679475, 1.598228, 0.47683800000000004,
    0.084232, 0.33817899999999995, 1.746897, 1.081912, 0.6876209999999999,
    0.979321, 2.02953, 2.395988, 1.634438, 1.6606969999999999, 2.48656,
    1.1038240000000001, 1.7810789999999999, 0.24656, 0.952244, 0.355907,
    1.1955609999999999, 1.198397, 0.30450099999999997, 1.4949780000000001,
    2.1720230000000003, 1.4275280000000001, 0.563686, 1.1104159999999998,
    1.769383, 0.692116, 0.7734880000000001, 1.215897, 0.498815, 1.317802,
    1.642216, 1.558779, 1.3761430000000001, 1.184081, 0.40353100000000003,
    1.282484, 1.694326, 1.4307290000000001, 1.3626690000000001,
    0.8200890000000001, 1.041345, 1.4434069999999999, 1.2473779999999999,
    1.795243, 0.178436, 1.30576, 0.404532, 0.6857300000000001, 1.284711, 1.3427,
    1.15419, 1.492337, 0.40695, 1.052842, 1.626849, 1.971184, 1.742837,
    2.393595, 0.205617, 0.7169160000000001, 0.551235, 0.5815739999999999,
    0.987077, 0.316405, 1.7379390000000001, 0.428118, 1.4010440000000002,
    1.291217, 0.6177999999999999, 0.9563010000000001, 1.1810640000000001,
    1.7265409999999999, 0.777255, 2.070658, 1.279271, 1.43149,
    1.3850689999999999, 0.92925, 1.3422, 0.686827, 0.579012, 1.848775, 1.318049,
    0.218589, 0.670898
  ],
  [
    0.841551, 1.23571, 1.631181, 0.728158, 1.2324760000000001, 1.822936,
    0.698453, 0.0, 1.5445060000000002, 0.7243590000000001, 2.147124, 0.348155,
    1.763565, 0.934433, 1.047981, 3.551759, 0.309927, 4.201738000000001,
    0.7827200000000001, 0.534671, 2.187472, 1.704261, 0.638947,
    2.2159250000000004, 1.078245, 0.761639, 0.477928, 0.873429, 1.996707,
    1.378045, 1.546265, 0.9905069999999999, 3.314548, 1.684652,
    0.31162599999999996, 0.7587659999999999, 0.858857, 1.096664, 1.716985,
    1.1291710000000001, 0.511151, 1.593585, 3.031062, 1.936455, 2.298238,
    1.760499, 1.3460889999999999, 2.424385, 0.725358, 0.464752,
    0.8833479999999999, 1.640021, 1.833471, 0.8046960000000001,
    0.8309310000000001, 1.579336, 1.3453869999999999, 1.19876, 1.753722,
    1.043323, 1.3271890000000002, 0.367653, 1.850971, 1.173348, 1.952875,
    2.277289, 1.92637, 1.743734, 0.716125, 1.038605, 1.549164, 2.3294, 2.065802,
    1.997742, 1.455162, 0.756267, 1.810998, 1.453638, 2.438549, 0.85297,
    1.356282, 1.0396050000000001, 0.308781, 1.919785, 1.62244,
    0.42812900000000004, 2.127411, 0.43080900000000005, 1.696149, 1.034161,
    2.6087249999999997, 2.37791, 3.028669, 0.7832380000000001,
    0.48697500000000005, 0.822948, 1.216648, 1.62215, 0.932969, 2.37548,
    0.830382, 0.808357, 1.635941, 1.195422, 0.46880900000000003, 1.816138,
    2.361614, 1.412328, 2.713964, 1.2828869999999999, 1.950723, 2.020142,
    1.345804, 1.4488109999999998, 0.758947, 0.600399, 2.091013,
    1.9619000000000002, 0.7962100000000001, 0.7919339999999999
  ],
  [
    1.234518, 1.9835099999999999, 2.9381500000000003, 1.664814,
    1.3613119999999999, 0.655197, 1.4776120000000001, 1.5445060000000002, 0.0,
    1.167904, 0.642602, 1.875907, 2.465224, 1.7362460000000002, 1.735624,
    3.610694, 1.231181, 3.3664650000000003, 1.253374, 1.564002, 2.993809,
    3.007832, 1.4280920000000001, 3.519495, 1.873661, 2.065209, 1.731583,
    1.6250609999999999, 2.737146, 2.681616, 2.849836, 2.294078, 3.740179,
    0.234323, 1.565281, 1.3956549999999999, 1.281992, 2.5179560000000003,
    1.280766, 2.016875, 1.984882, 1.486395, 2.884208, 3.0232240000000004,
    3.1103400000000003, 2.8362350000000003, 2.433078, 3.2615920000000003,
    1.422973, 1.938483, 1.6851610000000001, 2.584347, 1.1658130000000002,
    1.491807, 2.252223, 1.832929, 2.736263, 1.293573, 2.455381, 2.464615,
    1.1019860000000001, 1.21668, 1.587989, 1.58252, 1.299002,
    1.8719169999999998, 0.748702, 0.5660660000000001, 2.1898560000000002,
    1.299228, 2.67127, 2.38191, 1.411929, 1.135764, 1.52498, 1.161176,
    0.6333300000000001, 2.576631, 3.007286, 1.338674, 0.37956799999999996,
    1.3002280000000002, 1.339089, 1.528308, 2.731486, 1.849421, 1.473537,
    1.684463, 2.397807, 1.7901749999999998, 3.1102689999999997, 1.724037,
    2.555085, 1.5947840000000002, 1.794645, 1.2664929999999999, 1.141307,
    1.351032, 1.143168, 2.667636, 1.465095, 1.5643699999999998,
    0.44836000000000004, 1.892671, 1.94254, 2.072591, 1.957809, 1.560854,
    3.073158, 0.502475, 2.3309789999999997, 1.366269, 0.5384950000000001,
    2.7523809999999997, 2.0625169999999997, 1.90397, 0.7337279999999999,
    2.702339, 1.607755, 2.095505
  ],
  [
    0.424679, 1.15494, 2.1180030000000003, 0.512553, 0.6666040000000001,
    1.449732, 0.671736, 0.7243590000000001, 1.167904, 0.0, 1.7739200000000002,
    1.084497, 1.6552850000000001, 0.942018, 0.941396, 3.753593, 0.414432,
    3.509364, 0.451296, 0.565588, 2.079191, 2.112946, 0.549786, 2.624609,
    1.079433, 1.086377, 0.79207, 0.8308329999999999, 1.888426, 1.78673,
    1.955558, 1.399192, 2.879784, 1.3114480000000002, 0.7485320000000001,
    0.601426, 0.391051, 1.726547, 1.2512590000000001, 1.222646, 1.168133,
    1.37494, 2.596298, 2.1694630000000004, 2.1957220000000004,
    2.3903820000000002, 1.63885, 2.3161039999999997, 0.424559, 1.121734,
    0.890933, 1.730587, 1.279023, 0.522747, 1.460814, 1.601018, 1.919514,
    0.733033, 1.645441, 1.6732049999999998, 0.861462, 0.424856,
    1.4162070000000002, 0.8871319999999999, 1.4871489999999998,
    1.8425250000000002, 1.167177, 1.077787, 1.373107, 0.603841, 1.81751,
    1.894635, 1.6000750000000001, 1.248974, 1.020398, 0.388651, 1.051805,
    1.782403, 2.3302680000000002, 0.544446, 0.983078, 0.604841, 0.52234,
    1.454058, 1.8777249999999999, 1.058012, 1.661684, 0.8677140000000001,
    1.5878679999999998, 1.055843, 2.471429, 1.912183, 2.5939050000000003,
    0.813988, 0.977896, 0.11763, 0.5547580000000001, 1.156423, 0.447781,
    1.947259, 0.46668099999999996, 0.830039, 0.992861, 1.078295, 1.125791,
    1.381374, 1.92685, 0.946601, 2.434318, 0.919279, 1.6355920000000002,
    1.5544149999999999, 0.630893, 1.857495, 1.245768, 1.087221, 1.717809,
    1.853075, 0.826959, 1.1866880000000002
  ],
  [
    1.86178, 2.610772, 3.540768, 2.267432, 1.858463, 0.889676,
    2.1048739999999997, 2.147124, 0.642602, 1.7739200000000002, 0.0,
    2.3988020000000003, 3.240218, 2.310069, 2.309447, 3.126314, 1.754077,
    2.940858, 1.827197, 2.137825, 3.386408, 3.5307269999999997, 2.001915,
    4.042391, 2.4474839999999998, 2.588105, 2.254479, 2.198884, 3.310969,
    3.2045120000000002, 3.3727310000000004, 2.816973, 3.144661, 0.723094,
    2.088177, 1.969478, 1.855815, 3.0408519999999997, 1.673365,
    2.5906979999999997, 2.5077779999999996, 1.4043409999999998, 3.276806,
    3.597047, 3.502938, 2.754181, 3.006901, 3.6541900000000003, 1.996796,
    2.461379, 2.258984, 3.15817, 1.537438, 2.06563, 2.775119,
    1.7508759999999999, 3.259159, 2.230179, 3.029204, 3.1460790000000003,
    2.113429, 1.739576, 1.980588, 2.1563429999999997, 1.636971, 2.263763,
    1.368849, 1.1862139999999999, 2.712752, 1.873051, 3.245094, 2.774508,
    1.749898, 1.50739, 2.470837, 1.6840719999999998, 1.2534770000000002,
    3.152664, 3.3998850000000003, 1.912498, 0.953391, 1.874051, 1.861985,
    1.920907, 3.308229, 2.372317, 1.811506, 2.207359, 2.971631, 2.152475,
    3.502867, 2.062006, 2.8793490000000004, 2.1715259999999996,
    2.3175410000000003, 1.789389, 1.71513, 1.74363, 1.716991, 3.060235,
    2.038918, 2.103683, 1.0293189999999999, 2.466494, 2.465436,
    2.4651889999999996, 2.350408, 1.9534529999999999, 3.465756, 1.076298,
    3.0738359999999996, 1.7042380000000001, 1.112318, 3.275277, 2.585414,
    2.426865, 1.000725, 3.276162, 2.181579, 2.618401
  ],
  [
    1.159436, 1.294797, 1.540551, 1.046042, 1.550361, 2.107265, 1.016338,
    0.348155, 1.875907, 1.084497, 2.3988020000000003, 0.0, 1.919066, 1.234279,
    1.2029949999999998, 4.767752000000001, 0.684991, 4.523523,
    1.1577840000000001, 0.909735, 2.342486, 1.6802270000000001, 1.014011,
    2.19048, 1.233259, 0.738092, 0.6394690000000001, 1.236935, 2.036855,
    1.359168, 1.522232, 0.966474, 3.785894, 2.006437, 0.551548, 1.122272,
    1.233922, 0.808457, 2.09205, 1.209933, 0.391884, 1.8209000000000002,
    3.502406, 1.912422, 2.453252, 1.47801, 1.322055, 2.579399, 1.100422,
    0.345485, 1.210839, 1.615988, 2.208535, 1.17976, 0.5427240000000001,
    1.697065, 1.2261199999999999, 1.5738240000000001, 1.9087360000000002,
    0.760833, 1.702254, 0.742718, 2.226035, 1.540609, 2.32794, 2.652353,
    2.239394, 2.056758, 0.596858, 1.413669, 1.525131, 2.685534, 2.440866,
    2.286003, 1.881599, 0.950945, 2.124022, 1.429604, 2.593562,
    1.2164760000000001, 1.678067, 1.4146690000000002, 0.683845, 2.294849,
    1.598406, 0.353502, 2.502475, 0.643225, 1.851162, 1.1829990000000001,
    2.763739, 2.7529749999999997, 3.500014, 1.146745, 0.415294, 1.160436,
    1.591712, 1.997215, 1.3080340000000001, 2.530494, 1.205446,
    0.9803310000000001, 1.957726, 1.474666, 0.349541, 2.191202, 2.736678,
    1.787392, 2.8689780000000003, 1.5959100000000002, 2.217765, 2.395207,
    1.667589, 1.424777, 0.734913, 0.5763659999999999, 2.4127979999999996,
    2.016038, 1.159716, 0.767901
  ],
  [
    1.306522, 0.630557, 2.093102, 1.3073789999999998, 1.3294190000000001,
    2.967436, 1.1202590000000001, 1.763565, 2.465224, 1.6552850000000001,
    3.240218, 1.919066, 0.0, 0.916628, 0.836066, 2.458312, 1.731279,
    2.4464099999999998, 1.219809, 1.232619, 0.645568, 1.204831, 1.143828,
    1.900015, 0.715506, 1.335828, 1.376969, 0.911321, 0.409596, 1.597143,
    0.918922, 1.416986, 2.057671, 2.689597, 1.5087899999999999, 1.126681,
    1.323828, 2.593868, 1.846774, 0.68145, 1.826292, 3.1322330000000003,
    1.774184, 0.7700560000000001, 0.717952, 3.351051, 1.020059, 0.882481,
    1.28901, 1.799215, 0.97142, 0.735345, 1.963259, 1.34695, 2.341949, 3.214473,
    2.124416, 1.335163, 0.062329999999999997, 2.6338739999999996, 1.463592,
    1.815938, 1.364066, 0.8827050000000001, 1.799443, 1.404277,
    2.4111930000000004, 2.228557, 2.031052, 1.2303989999999998, 0.822268,
    0.9886159999999999, 1.732872, 2.127531, 1.087731, 2.025937, 2.295821,
    1.005436, 0.896645, 1.136215, 2.311411, 1.252807, 1.7281790000000001,
    1.59114, 0.840558, 2.1875549999999997, 1.9256739999999999, 1.389608,
    0.222768, 2.669298, 1.072586, 2.1948879999999997, 1.771791,
    0.9146420000000001, 1.563887, 1.538697, 1.521234, 1.7519390000000001,
    1.3220560000000001, 0.839341, 1.470567, 2.443493, 2.143631,
    0.6801309999999999, 1.803271, 1.010405, 1.384915, 1.548731,
    1.1720599999999999, 2.2849229999999996, 0.538181, 1.76447, 1.934901,
    1.4091179999999999, 1.4515740000000001, 1.3432629999999999, 2.339897,
    0.37479, 0.995973, 1.308344
  ],
  [
    0.593256, 0.33450799999999997, 1.6972159999999998, 0.594112, 0.716483,
    2.238458, 0.406993, 0.934433, 1.7362460000000002, 0.942018, 2.310069,
    1.234279, 0.916628, 0.0, 0.17897, 3.163176, 1.0460530000000001, 3.151274,
    0.68489, 0.697699, 1.3191279999999999, 1.138196, 0.608909, 1.751215,
    0.228596, 0.6212150000000001, 0.577804, 0.376401, 1.128363, 0.981362,
    0.97556, 0.7503390000000001, 2.762536, 2.216279, 0.709625,
    0.5917619999999999, 0.788909, 1.79703, 1.415138, 0.278052,
    1.0294539999999999, 2.481408, 2.479049, 1.352892, 1.435659,
    2.5542130000000003, 0.653751, 1.550276, 0.75409, 1.002378, 0.436501,
    0.875107, 1.531623, 0.812031, 1.546969, 2.767284, 1.4776610000000001,
    0.896912, 0.885378, 1.837523, 1.0253420000000002, 1.130711, 1.339856,
    0.5165839999999999, 1.651028, 1.732672, 1.937875, 1.75524, 1.234214,
    0.7074819999999999, 0.850097, 1.6621759999999999, 1.763955, 1.695895,
    0.858241, 1.492393, 1.822503, 0.798064, 1.56444, 0.601296,
    1.7576379999999998, 0.729889, 1.045824, 1.617938, 0.923372,
    1.3907170000000002, 1.825563, 0.59277, 0.8278049999999999, 1.982991,
    1.7403810000000002, 2.076063, 2.4766559999999997, 0.37972300000000003,
    0.767049, 1.003778, 1.0421449999999999, 1.320303, 0.768283, 1.507136,
    0.935648, 1.7571869999999998, 1.6703130000000002, 0.450641, 1.006434,
    1.290756, 1.817272, 1.110481, 1.839856, 1.7311500000000002, 1.194408,
    1.7182950000000001, 1.381128, 0.882746, 0.7374550000000001, 0.629145,
    2.182001, 1.093556, 0.46105399999999996, 0.626514
  ],
  [
    0.5926330000000001, 0.302557, 1.665265, 0.593489, 0.7121989999999999,
    2.2378359999999997, 0.40637, 1.047981, 1.735624, 0.941396, 2.309447,
    1.2029949999999998, 0.836066, 0.17897, 0.0, 3.071838, 1.017391, 3.059936,
    0.50592, 0.51873, 1.255585, 1.230453, 0.429939, 1.843472, 0.218051,
    0.7119439999999999, 0.6680389999999999, 0.197432, 1.064276,
    1.0736189999999999, 1.067818, 0.842048, 2.6711970000000003, 2.037309,
    0.79986, 0.412792, 0.609939, 1.8872650000000002, 1.236168,
    0.30394099999999996, 1.1196890000000002, 2.302438, 2.38771, 1.345857,
    1.372116, 2.6444479999999997, 0.746008, 1.492498, 0.575121,
    1.0926120000000001, 0.257531, 0.863005, 1.352654, 0.633061, 1.635346,
    2.500584, 1.567896, 0.717943, 0.821835, 1.927271, 0.8463719999999999,
    1.102048, 1.2901420000000001, 0.35497199999999995, 1.472058,
    1.6829580000000002, 1.7589059999999999, 1.57627, 1.324449, 0.528512,
    0.942354, 1.598633, 1.5849849999999999, 1.5169249999999999,
    0.7669020000000001, 1.312048, 1.643534, 0.863697, 1.506662,
    0.42232600000000003, 1.578668, 0.5509189999999999, 1.01429, 1.438968,
    1.0156290000000001, 1.480952, 1.6465940000000001, 0.683005, 0.764262,
    1.9554090000000002, 1.682603, 1.8970930000000001, 2.385317, 0.200753,
    0.857284, 0.824808, 0.8631749999999999, 1.1413330000000002, 0.589313,
    1.449358, 0.756678, 1.7296040000000001, 1.491344, 0.32922, 1.096668,
    1.2410409999999998, 1.767558, 0.931511, 1.782077, 1.5521800000000001,
    1.0953510000000002, 1.539325, 1.2021579999999998, 0.9750030000000001,
    0.82769, 0.71938, 2.003031, 1.029469, 0.282084, 0.7182240000000001
  ],
  [
    2.8331399999999998, 3.067873, 4.417662999999999, 3.041347, 2.358744,
    4.335855, 2.9166860000000003, 3.551759, 3.610694, 3.753593, 3.126314,
    4.767752000000001, 2.458312, 3.163176, 3.071838, 0.0, 3.355647, 0.339941,
    2.7039239999999998, 3.017845, 2.2388739999999996, 3.540918,
    2.8786419999999997, 4.236103, 2.917623, 3.399252, 3.244327, 3.024337,
    2.611981, 3.9829540000000003, 3.2550100000000004, 3.753737, 0.327462,
    3.714314, 3.304513, 2.784535, 2.8079430000000003, 4.574573, 1.826946,
    3.047821, 3.8069960000000003, 5.162821, 0.701016, 3.1061439999999996,
    2.331456, 6.512662000000001, 3.460942, 2.1409670000000003, 2.963543,
    3.77992, 3.084436, 3.0443890000000002, 1.787902, 3.021484,
    4.322654000000001, 5.509354999999999, 4.255699, 2.351067, 2.446886,
    4.597059, 2.2515210000000003, 3.366071, 1.705415, 2.631191, 1.639825,
    1.510644, 2.218451, 3.067296, 4.011757, 2.6143780000000003, 3.123234,
    1.495279, 1.511199, 1.920955, 2.18268, 3.329867, 3.0989780000000002,
    3.299598, 1.8882249999999998, 2.727554, 3.6870909999999997,
    2.4557710000000004, 3.463556, 1.9324890000000001, 3.1766460000000003,
    3.981865, 1.6637380000000002, 3.234625, 2.483888, 4.6498159999999995,
    1.8823409999999998, 1.771457, 0.68652, 3.033225, 3.544592, 2.851156,
    2.6682379999999997, 1.881722, 2.594368, 1.781006, 3.0912979999999997,
    4.424011999999999, 3.199661, 2.747596, 3.783976, 1.720477, 1.600189,
    2.091545, 1.84523, 3.651185, 2.108779, 1.542796, 3.550705, 3.884338,
    3.514998, 3.406688, 2.456614, 2.710877, 2.996636, 3.629913
  ],
  [
    0.8200700000000001, 1.258184, 1.703571, 0.7185349999999999,
    1.0619939999999999, 1.513009, 0.68883, 0.309927, 1.231181, 0.414432,
    1.754077, 0.684991, 1.731279, 1.0460530000000001, 1.017391, 3.355647, 0.0,
    3.891811, 0.773097, 0.525048, 2.1121640000000004, 1.776651, 0.629324,
    2.288315, 1.100719, 0.834029, 0.500402, 0.8638060000000001, 1.920854,
    1.450435, 1.618655, 1.062897, 3.2751750000000004, 1.374725, 0.3341,
    0.749143, 0.7864410000000001, 1.434199, 1.6466489999999998, 1.151645,
    0.753702, 1.537334, 2.991688, 2.008845, 2.228695, 2.098034, 1.418479,
    2.3490770000000003, 0.715735, 0.707303, 0.873725, 1.7124110000000001,
    1.68434, 0.795073, 1.168466, 1.523085, 1.5050830000000002, 1.128423,
    1.678414, 1.380857, 1.256853, 0.084658, 1.811597, 1.163725, 1.882539,
    2.2379160000000002, 1.616443, 1.433807, 0.9586749999999999, 0.999231,
    1.6215540000000002, 2.2900259999999997, 1.995466, 1.654291, 1.415788,
    0.44633999999999996, 1.5010709999999998, 1.526028, 2.36324, 0.843347,
    1.046355, 1.000232, 0.10634199999999999, 1.8494480000000002,
    1.6948299999999998, 0.765663, 2.057074, 0.453283, 1.620841, 0.97791,
    2.539182, 2.3075740000000002, 2.9892950000000003, 0.773615,
    0.5634640000000001, 0.513021, 0.950148, 1.551814, 0.843171,
    2.3059369999999997, 0.820759, 0.7521059999999999, 1.3260139999999998,
    1.185798, 0.7113590000000001, 1.7767639999999998, 2.32224,
    1.3419919999999999, 2.638656, 0.97296, 1.9410999999999998,
    1.9498060000000002, 1.035877, 1.5212, 0.831337, 0.672789, 1.781086,
    1.886047, 0.786587, 0.864324
  ],
  [
    3.6348949999999998, 3.05597, 4.402523, 3.830955, 2.343604, 4.091626,
    2.9015459999999997, 4.201738000000001, 3.3664650000000003, 3.509364,
    2.940858, 4.523523, 2.4464099999999998, 3.151274, 3.059936, 0.339941,
    3.891811, 0.0, 2.685702, 2.999623, 2.266758, 3.5927510000000002, 2.86042,
    4.287935, 2.969455, 3.38103, 3.226105, 3.0761689999999997, 2.663813,
    4.034786, 3.306842, 3.8055700000000003, 0.559492, 3.470086, 3.286292,
    2.7663130000000002, 3.661147, 4.556350999999999, 1.808724, 3.099653,
    3.7887750000000002, 4.918591999999999, 1.037254, 3.157976,
    2.4072370000000003, 6.268433, 3.512775, 2.245254, 3.802129, 3.761698,
    3.136269, 3.096222, 1.7696800000000001, 3.870963, 4.304433, 5.265126,
    4.237477, 2.332845, 2.498719, 5.389270000000001, 2.2333000000000003,
    4.118256000000001, 1.687193, 2.683024, 1.621604, 1.492422,
    2.9701210000000002, 2.823067, 3.993535, 2.596156, 3.1750659999999997,
    1.547112, 1.492977, 1.902733, 2.164458, 3.311645, 2.85475,
    3.3514299999999997, 1.992513, 2.709333, 3.442863, 2.4375500000000003,
    3.445334, 1.9142670000000002, 3.228478, 3.963644, 1.645516, 3.216404,
    2.53572, 4.405587000000001, 1.986629, 1.7532349999999999, 0.674618,
    2.965442, 3.52637, 3.604108, 3.520462, 1.863501, 2.576146, 1.832838,
    3.073076, 4.1797830000000005, 2.9554319999999996, 2.799429, 3.765754,
    1.702255, 1.5767470000000001, 2.073323, 1.949518, 3.406956, 2.160611,
    1.524574, 3.306476, 3.93617, 3.4967759999999997, 3.3884659999999998,
    2.281838, 2.7627089999999996, 2.9784140000000003, 3.4808470000000002
  ],
  [
    0.086688, 0.718422, 1.733989, 0.272308, 0.410271, 1.755585, 0.233012,
    0.7827200000000001, 1.253374, 0.451296, 1.827197, 1.1577840000000001,
    1.219809, 0.68489, 0.50592, 2.7039239999999998, 0.773097, 2.685702, 0.0,
    0.27443599999999996, 1.643716, 1.7311880000000002, 0.174694, 2.318406,
    0.6439579999999999, 0.7801739999999999, 0.500918, 0.395358,
    1.4524059999999999, 1.4805270000000001, 1.520083, 1.0924939999999999,
    2.531804, 1.4058620000000002, 0.561105, 0.165951, 0.103994, 1.955989,
    0.934241, 0.7871710000000001, 1.188413, 1.812339, 2.248317,
    1.7339870000000002, 1.7602470000000001, 2.5708270000000004, 1.203374,
    1.8806289999999999, 0.259594, 1.161336, 0.455457, 1.2951110000000001,
    1.051292, 0.317535, 1.641259, 2.034316, 1.63662, 0.41601499999999997,
    1.2099659999999999, 1.85365, 0.5444450000000001, 0.858154,
    1.0682260000000001, 0.5011909999999999, 1.170131, 1.494544, 1.366414,
    1.183778, 1.393173, 0.25586000000000003, 1.3820340000000002, 1.546655,
    1.2830570000000001, 1.214998, 0.672417, 0.8219489999999999, 1.251042,
    1.3469280000000001, 1.894793, 0.108971, 1.113395, 0.25686000000000003,
    0.7699969999999999, 1.13704, 1.44225, 1.2384570000000001, 1.344666,
    0.49121699999999996, 1.152392, 1.489141, 2.070734, 1.595165, 2.245924,
    0.36507999999999996, 0.926008, 0.334709, 0.43390300000000004, 0.839405,
    0.150225, 1.599278, 0.416234, 1.263337, 1.0988520000000002,
    0.6428189999999999, 1.1653930000000001, 1.033393, 1.5788689999999999,
    0.629583, 2.170208, 1.086906, 1.287611, 1.2373969999999999, 0.736884,
    1.475738, 0.895919, 0.788104, 1.701104, 1.418144, 0.378052, 0.87999
  ],
  [
    0.333267, 0.731231, 1.594234, 0.21987399999999999, 0.7241920000000001,
    2.066214, 0.190169, 0.534671, 1.564002, 0.565588, 2.137825, 0.909735,
    1.232619, 0.697699, 0.51873, 3.017845, 0.525048, 2.999623,
    0.27443599999999996, 0.0, 1.613503, 1.5632249999999999, 0.130663, 2.074889,
    0.613745, 0.5371509999999999, 0.23665799999999998, 0.365145, 1.422193,
    1.237009, 1.405229, 0.849471, 2.806264, 1.909588, 0.296844, 0.250482,
    0.35057299999999997, 1.564003, 1.208702, 0.756958, 0.796427, 1.939219,
    2.5227779999999997, 1.703775, 1.730034, 2.322778, 1.1044960000000001,
    1.8504159999999998, 0.21707400000000002, 0.76935, 0.375064,
    1.2648979999999999, 1.325187, 0.29641199999999995, 1.39321, 2.008241,
    1.393102, 0.690476, 1.1797529999999998, 1.605601, 0.818905, 0.609706,
    1.342687, 0.665064, 1.444592, 1.7690050000000002, 1.67703, 1.494394,
    1.001187, 0.530321, 1.301245, 1.821115, 1.557518, 1.4894580000000002,
    0.946878, 0.9812029999999999, 1.5616569999999999, 1.248439, 1.86458,
    0.344686, 1.581217, 0.531321, 0.521948, 1.411501, 1.37452, 0.990407,
    1.619127, 0.226957, 1.12218, 1.463066, 2.040521, 1.869626, 2.520385,
    0.27495400000000003, 0.532982, 0.44508800000000004, 0.708364, 1.113866,
    0.42468599999999995, 1.807276, 0.322098, 1.2372619999999999,
    1.4094680000000002, 0.687138, 0.7734070000000001, 1.307854, 1.85333,
    0.904044, 2.139995, 1.397522, 1.442439, 1.511858, 1.0475,
    1.3077750000000001, 0.6528970000000001, 0.47828899999999996, 1.975564,
    1.387387, 0.287926, 0.636967
  ],
  [
    1.730429, 1.210711, 2.41705, 1.7312850000000002, 1.74383, 3.391343,
    1.544166, 2.187472, 2.993809, 2.079191, 3.386408, 2.342486, 0.645568,
    1.3191279999999999, 1.255585, 2.2388739999999996, 2.1121640000000004,
    2.266758, 1.643716, 1.613503, 0.0, 1.608662, 1.5681990000000001, 2.303846,
    1.139877, 1.842423, 1.80134, 1.335692, 0.679725, 2.000975, 1.322754,
    1.869669, 1.894965, 3.113968, 1.9331610000000001, 1.5510519999999999,
    1.748199, 3.018239, 1.769827, 1.261152, 2.250663, 3.5566039999999997,
    1.5955540000000001, 1.173887, 0.11653100000000001, 3.775422, 1.42389,
    0.443053, 1.713381, 2.2235859999999996, 1.395791, 1.112133, 2.004202,
    1.771321, 2.7663200000000003, 3.638844, 2.528248, 1.7595340000000002,
    0.707898, 3.058245, 1.887963, 2.2403090000000003, 1.5107750000000002,
    1.3070760000000001, 2.060822, 1.246932, 2.435663, 2.6529279999999997,
    2.4554229999999997, 1.65477, 1.190978, 0.8259099999999999, 1.994252,
    2.13304, 1.410412, 2.450308, 2.5510349999999997, 1.367342, 0.466414,
    1.560586, 2.735782, 1.677177, 2.15255, 1.737849, 1.244389,
    2.6119250000000003, 2.1870540000000003, 1.813979, 0.7449, 3.093669,
    0.633158, 2.456268, 1.609085, 1.339013, 1.988258, 1.963068,
    1.9456040000000001, 1.8066600000000002, 1.746427, 0.438897, 1.894938,
    2.867864, 2.568002, 1.1045019999999999, 2.227642, 1.157113, 1.214846,
    1.9731020000000001, 0.673943, 2.709294, 0.684841, 2.025849, 2.359272,
    1.81295, 1.958664, 1.850354, 2.601276, 0.778621, 1.420344, 1.819698
  ],
  [
    1.817901, 1.189468, 0.89079, 1.78477, 1.980825, 3.4631030000000003,
    1.5976510000000002, 1.704261, 3.007832, 2.112946, 3.5307269999999997,
    1.6802270000000001, 1.204831, 1.138196, 1.230453, 3.540918, 1.776651,
    3.5927510000000002, 1.7311880000000002, 1.5632249999999999, 1.608662, 0.0,
    1.636784, 0.695197, 1.101203, 1.116253, 1.459162, 1.404277, 0.926416,
    0.397945, 0.332563, 0.74833, 3.259199, 3.144294, 1.5746900000000001,
    1.619638, 1.816785, 1.615977, 2.497614, 0.9953200000000001,
    1.3868040000000001, 3.383761, 2.975712, 0.6704199999999999,
    1.6005809999999998, 2.951954, 0.5893160000000001, 1.9693260000000001,
    1.781966, 1.356552, 1.464377, 0.580367, 2.614099, 1.839907, 1.670276,
    3.259926, 0.925218, 1.979388, 1.187497, 2.1686370000000004,
    2.1078180000000004, 1.854227, 2.213573, 1.5269300000000001, 2.733504,
    2.6186700000000003, 2.965751, 2.7831149999999996, 1.373021, 1.735357,
    0.52322, 2.1901439999999996, 2.647998, 2.778371, 1.7319570000000002,
    2.215909, 2.8503789999999998, 0.433137, 1.9926869999999999, 1.629172,
    2.8159229999999997, 1.757765, 1.7693409999999998, 2.440646,
    0.5282619999999999, 1.92503, 2.908039, 1.4718, 1.1428800000000001, 2.74586,
    2.15943, 3.158539, 2.973319, 1.4075989999999998, 1.290521, 2.031653,
    2.070021, 2.4027789999999998, 1.796159, 2.040869, 1.928532,
    2.4307869999999996, 2.6981889999999997, 1.324357, 1.404722,
    2.1644720000000004, 2.586442, 2.192957, 2.2002159999999997,
    2.7425279999999996, 1.739709, 2.800771, 2.409004, 0.25545,
    0.9787480000000001, 1.2202639999999998, 3.264477, 0.9060779999999999,
    1.48893, 0.935105
  ],
  [
    0.233525, 0.642441, 1.584518, 0.128535, 0.584989, 1.930304,
    0.10137900000000001, 0.638947, 1.4280920000000001, 0.549786, 2.001915,
    1.014011, 1.143828, 0.608909, 0.429939, 2.8786419999999997, 0.629324,
    2.86042, 0.174694, 0.130663, 1.5681990000000001, 1.636784, 0.0, 2.167899,
    0.602992, 0.630161, 0.46131900000000003, 0.354392, 1.411441, 1.330019,
    1.479117, 0.942481, 2.706522, 1.876795, 0.521505, 0.161691,
    0.25083099999999997, 1.805481, 1.108959, 0.746205, 1.037905, 1.958019,
    2.423035, 1.693022, 1.719281, 2.531228, 1.162409, 1.839663,
    0.14518199999999998, 1.010829, 0.414492, 1.254146, 1.225444,
    0.20312200000000002, 1.553563, 2.166365, 1.486112, 0.590733, 1.169,
    1.8140509999999999, 0.719163, 0.818156, 1.242944, 0.576273, 1.344849,
    1.669262, 1.5411320000000002, 1.3584960000000001, 1.242666,
    0.43057799999999996, 1.341068, 1.721373, 1.457776, 1.389716, 0.847135,
    0.953997, 1.42576, 1.305962, 1.853827, 0.255895, 1.288113,
    0.43157799999999996, 0.730398, 1.311758, 1.4012840000000002, 1.198857,
    1.519384, 0.451618, 1.111427, 1.6211900000000001, 2.0297680000000002,
    1.769884, 2.420642, 0.264201, 0.775501, 0.463887, 0.608621, 1.014124,
    0.324943, 1.7965229999999999, 0.326739, 1.395385, 1.2735699999999999,
    0.676385, 1.014885, 1.2081110000000002, 1.753587, 0.8043020000000001,
    2.129242, 1.261624, 1.431686, 1.412116, 0.9116029999999999,
    1.4007850000000002, 0.7454120000000001, 0.637596, 1.8758219999999999,
    1.376634, 0.277173, 0.729482
  ],
  [
    2.4062669999999997, 1.868646, 0.689086, 2.296434, 2.550485, 4.050322,
    2.109314, 2.2159250000000004, 3.519495, 2.624609, 4.042391, 2.19048,
    1.900015, 1.751215, 1.843472, 4.236103, 2.288315, 4.287935, 2.318406,
    2.074889, 2.303846, 0.695197, 2.167899, 0.0, 1.76999, 1.634999, 1.977908,
    2.040569, 1.6216, 0.828036, 1.004172, 1.25135, 3.954383, 3.66304, 2.093436,
    2.1696269999999998, 2.419767, 1.894336, 3.079306, 1.664107, 1.824771,
    3.902507, 3.6708960000000004, 1.3682480000000001, 2.295765,
    3.5790610000000003, 1.258103, 2.6645100000000004, 2.314117, 1.861483,
    2.100669, 1.236616, 3.1957910000000003, 2.372058, 2.09858, 3.778672,
    1.019482, 2.56108, 1.882682, 2.6027600000000004, 2.6895100000000003,
    2.372973, 2.908756, 2.222114, 3.315196, 3.300989, 3.644174, 3.461538,
    1.801325, 2.3716489999999997, 1.192007, 2.885328, 3.343183,
    3.3600630000000002, 2.427141, 2.734655, 3.528802, 1.101924, 2.687871,
    2.263831, 3.334669, 2.3940569999999997, 2.288086, 3.13583,
    1.1998710000000001, 2.4437759999999997, 3.4897310000000004, 1.990547,
    1.8380640000000001, 3.264607, 2.854615, 3.740231, 3.6685030000000003,
    2.043891, 1.809267, 2.570268, 2.666969, 2.984471, 2.401799, 2.736053,
    2.447278, 2.9495329999999997, 3.376612, 2.019541, 1.8945429999999999,
    2.8596559999999998, 3.284449, 2.7746489999999997, 2.8954, 3.261274,
    2.434893, 3.382463, 3.0146439999999997, 0.8917430000000001,
    1.4974939999999999, 1.73901, 3.8461689999999997, 1.586793,
    2.1252220000000004, 1.453851
  ],
  [
    0.7306710000000001, 0.11963299999999999, 1.6878469999999999, 0.731527,
    0.755202, 2.375873, 0.544408, 1.078245, 1.873661, 1.079433,
    2.4474839999999998, 1.233259, 0.715506, 0.228596, 0.218051, 2.917623,
    1.100719, 2.969455, 0.6439579999999999, 0.613745, 1.139877, 1.101203,
    0.602992, 1.76999, 0.0, 0.741896, 0.700813, 0.335469, 0.960976, 1.074811,
    0.889356, 0.85922, 2.5895, 2.115379, 0.8326330000000001, 0.55083, 0.747977,
    1.917711, 1.279171, 0.130922, 1.150135, 2.4404760000000003, 2.306013,
    1.215694, 1.255943, 2.6748939999999997, 0.539122, 1.376326,
    0.7131580000000001, 1.123059, 0.395569, 0.683466, 1.395657,
    0.7710990000000001, 1.665792, 2.8879650000000003, 1.5983420000000002,
    0.7609450000000001, 0.705663, 1.958204, 0.889375, 1.251392, 1.16682,
    0.347594, 1.515062, 1.559636, 1.8369760000000002, 1.65434,
    1.3548959999999999, 0.656182, 0.73213, 1.48246, 1.627988,
    1.5599280000000002, 0.6852050000000001, 1.450086, 1.721603, 0.681966,
    1.390489, 0.5603640000000001, 1.737194, 0.6785890000000001, 1.166506,
    1.393894, 0.805406, 1.511398, 1.689596, 0.7134510000000001, 0.648089,
    2.103672, 1.56643, 1.940096, 2.30362, 0.338791, 0.887731,
    0.9628450000000001, 0.947016, 1.184336, 0.747839, 1.3331849999999998,
    0.894716, 1.8778679999999999, 1.569414, 0.27760399999999996, 1.127115,
    1.1177190000000001, 1.644236, 0.974514, 1.665905, 1.7107059999999998,
    1.014692, 1.582328, 1.360684, 0.976195, 0.858136, 0.749826, 2.046034,
    0.926169, 0.420122, 0.7353959999999999
  ],
  [
    0.868034, 0.833841, 1.050581, 0.758201, 1.105104, 2.5125830000000002,
    0.571576, 0.761639, 2.065209, 1.086377, 2.588105, 0.738092, 1.335828,
    0.6212150000000001, 0.7119439999999999, 3.399252, 0.834029, 3.38103,
