[
    [
        0.0,
        0.154744,
        0.9732459999999999,
        2.68092,
        0.6041839999999999,
        0.067076,
        0.356891,
        0.300956,
        0.317107,
        2.969233,
        0.298076,
        1.547941,
        0.158736,
        0.420845
    ],
    [
        0.154744,
        0.0,
        0.818502,
        2.556067,
        0.479331,
        0.221842,
        0.202147,
        0.14621199999999998,
        0.162364,
        2.844381,
        0.143333,
        1.3931969999999998,
        0.313502,
        0.266101
    ],
    [
        0.9732459999999999,
        0.818502,
        0.0,
        3.0992710000000003,
        1.123165,
        1.0403440000000002,
        0.628204,
        0.6722899999999999,
        0.827544,
        3.387585,
        0.808513,
        0.5746950000000001,
        1.132004,
        0.591355
    ],
    [
        2.68092,
        2.556067,
        3.0992710000000003,
        0.0,
        2.084362,
        2.709631,
        2.6213,
        2.5565830000000003,
        2.401329,
        1.615313,
        2.420359,
        3.6912190000000002,
        2.6276680000000003,
        2.616452
    ],
    [
        0.6041839999999999,
        0.479331,
        1.123165,
        2.084362,
        0.0,
        0.625269,
        0.528157,
        0.472222,
        0.316967,
        2.36505,
        0.335997,
        1.69786,
        0.543307,
        0.623094
    ],
    [
        0.067076,
        0.221842,
        1.0403440000000002,
        2.709631,
        0.625269,
        0.0,
        0.42398899999999995,
        0.368054,
        0.38420499999999996,
        2.990319,
        0.365174,
        1.615039,
        0.11294799999999999,
        0.48794299999999996
    ],
    [
        0.356891,
        0.202147,
        0.628204,
        2.6213,
        0.528157,
        0.42398899999999995,
        0.0,
        0.055935000000000006,
        0.21119,
        2.8923609999999997,
        0.192159,
        1.2029,
        0.515649,
        0.086702
    ],
    [
        0.300956,
        0.14621199999999998,
        0.6722899999999999,
        2.5565830000000003,
        0.472222,
        0.368054,
        0.055935000000000006,
        0.0,
        0.155254,
        2.8372710000000003,
        0.136223,
        1.246985,
        0.459714,
        0.119889
    ],
    [
        0.317107,
        0.162364,
        0.827544,
        2.401329,
        0.316967,
        0.38420499999999996,
        0.21119,
        0.155254,
        0.0,
        2.6820169999999997,
        0.019030000000000002,
        1.40224,
        0.45851400000000003,
        0.275144
    ],
    [
        2.969233,
        2.844381,
        3.387585,
        1.615313,
        2.36505,
        2.990319,
        2.8923609999999997,
        2.8372710000000003,
        2.6820169999999997,
        0.0,
        2.69142,
        3.9622800000000002,
        2.89873,
        2.887514
    ],
    [
        0.298076,
        0.143333,
        0.808513,
        2.420359,
        0.335997,
        0.365174,
        0.192159,
        0.136223,
        0.019030000000000002,
        2.69142,
        0.0,
        1.3832090000000001,
        0.456835,
        0.256113
    ],
    [
        1.547941,
        1.3931969999999998,
        0.5746950000000001,
        3.6912190000000002,
        1.69786,
        1.615039,
        1.2029,
        1.246985,
        1.40224,
        3.9622800000000002,
        1.3832090000000001,
        0.0,
        1.706699,
        1.16605
    ],
    [
        0.158736,
        0.313502,
        1.132004,
        2.6276680000000003,
        0.543307,
        0.11294799999999999,
        0.515649,
        0.459714,
        0.45851400000000003,
        2.89873,
        0.456835,
        1.706699,
        0.0,
        0.579603
    ],
    [
        0.420845,
        0.266101,
        0.591355,
        2.616452,
        0.623094,
        0.48794299999999996,
        0.086702,
        0.119889,
        0.275144,
        2.887514,
        0.256113,
        1.16605,
        0.579603,
        0.0
    ]
]