[
    [
        0.0,
        0.125964,
        0.40094,
        0.702291,
        0.048241,
        0.34070100000000003,
        0.806176,
        0.896026,
        0.734365,
        0.023231,
        0.8292200000000001,
        0.454022,
        1.322463,
        0.361252,
        0.0045590000000000006,
        2.4203560000000004,
        0.42144099999999995,
        0.54401,
        0.627381,
        0.723289
    ],
    [
        0.125964,
        0.0,
        0.322041,
        0.6233920000000001,
        0.077723,
        0.26180200000000003,
        0.93214,
        0.8171269999999999,
        0.8603289999999999,
        0.149195,
        0.750322,
        0.375123,
        1.448426,
        0.282353,
        0.121405,
        2.54632,
        0.34254199999999996,
        0.6699740000000001,
        0.753345,
        0.64439
    ],
    [
        0.40094,
        0.322041,
        0.0,
        0.47376100000000004,
        0.352699,
        0.160475,
        1.083329,
        0.678147,
        1.134781,
        0.42417099999999996,
        0.6113419999999999,
        0.225493,
        1.723185,
        0.132722,
        0.396381,
        2.443037,
        0.192912,
        0.663884,
        0.747255,
        0.32235
    ],
    [
        0.702291,
        0.6233920000000001,
        0.47376100000000004,
        0.0,
        0.7187619999999999,
        0.526539,
        1.449393,
        0.496353,
        1.500844,
        0.790234,
        0.429548,
        0.5915560000000001,
        2.088942,
        0.498786,
        0.762444,
        2.347667,
        0.558975,
        0.775686,
        0.8590570000000001,
        0.207231
    ],
    [
        0.048241,
        0.077723,
        0.352699,
        0.7187619999999999,
        0.0,
        0.29246,
        0.854417,
        0.847785,
        0.782606,
        0.071472,
        0.78098,
        0.405781,
        1.370704,
        0.31301100000000004,
        0.043682000000000006,
        2.4685970000000004,
        0.3732,
        0.592251,
        0.675622,
        0.675048
    ],
    [
        0.34070100000000003,
        0.26180200000000003,
        0.160475,
        0.526539,
        0.29246,
        0.0,
        1.02309,
        0.612505,
        1.0745419999999999,
        0.36393200000000003,
        0.5457000000000001,
        0.174195,
        1.662639,
        0.104585,
        0.336142,
        2.356556,
        0.14161400000000002,
        0.539547,
        0.622918,
        0.48886599999999997
    ],
    [
        0.806176,
        0.93214,
        1.083329,
        1.449393,
        0.854417,
        1.02309,
        0.0,
        1.578415,
        0.711426,
        0.782945,
        1.51161,
        1.136411,
        0.85092,
        1.043641,
        0.810735,
        2.874276,
        1.1038299999999999,
        1.165937,
        1.2244469999999998,
        1.4056780000000002
    ],
    [
        0.896026,
        0.8171269999999999,
        0.678147,
        0.496353,
        0.847785,
        0.612505,
        1.578415,
        0.0,
        1.514126,
        0.919257,
        0.066805,
        0.6041040000000001,
        2.102224,
        0.634377,
        0.891467,
        1.918536,
        0.571523,
        0.5859059999999999,
        0.669277,
        0.453973
    ],
    [
        0.734365,
        0.8603289999999999,
        1.134781,
        1.500844,
        0.782606,
        1.0745419999999999,
        0.711426,
        1.514126,
        0.0,
        0.711134,
        1.456869,
        1.1878630000000001,
        0.9859439999999999,
        1.095093,
        0.738924,
        2.7580430000000002,
        1.155282,
        1.094126,
        1.108214,
        1.45713
    ],
    [
        0.023231,
        0.149195,
        0.42417099999999996,
        0.790234,
        0.071472,
        0.36393200000000003,
        0.782945,
        0.919257,
        0.711134,
        0.0,
        0.852452,
        0.477253,
        1.299232,
        0.384483,
        0.02779,
        2.397125,
        0.444672,
        0.520779,
        0.60415,
        0.74652
    ],
    [
        0.8292200000000001,
        0.750322,
        0.6113419999999999,
        0.429548,
        0.78098,
        0.5457000000000001,
        1.51161,
        0.066805,
        1.456869,
        0.852452,
        0.0,
        0.537299,
        2.035418,
        0.567571,
        0.824662,
        1.959335,
        0.504718,
        0.551312,
        0.6346839999999999,
        0.387168
    ],
    [
        0.454022,
        0.375123,
        0.225493,
        0.5915560000000001,
        0.405781,
        0.174195,
        1.136411,
        0.6041040000000001,
        1.1878630000000001,
        0.477253,
        0.537299,
        0.0,
        1.715654,
        0.22431,
        0.4814,
        2.217534,
        0.161456,
        0.43838099999999997,
        0.521752,
        0.567832
    ],
    [
        1.322463,
        1.448426,
        1.723185,
        2.088942,
        1.370704,
        1.662639,
        0.85092,
        2.102224,
        0.9859439999999999,
        1.299232,
        2.035418,
        1.715654,
        0.0,
        1.679084,
        1.327022,
        3.386347,
        1.739274,
        1.682224,
        1.696311,
        2.041122
    ],
    [
        0.361252,
        0.282353,
        0.132722,
        0.498786,
        0.31301100000000004,
        0.104585,
        1.043641,
        0.634377,
        1.095093,
        0.384483,
        0.567571,
        0.22431,
        1.679084,
        0.0,
        0.417298,
        2.310315,
        0.060189,
        0.531162,
        0.614533,
        0.520207
    ],
    [
        0.0045590000000000006,
        0.121405,
        0.396381,
        0.762444,
        0.043682000000000006,
        0.336142,
        0.810735,
        0.891467,
        0.738924,
        0.02779,
        0.824662,
        0.4814,
        1.327022,
        0.417298,
        0.0,
        2.424915,
        0.41688200000000003,
        0.548569,
        0.6319400000000001,
        0.71873
    ],
    [
        2.4203560000000004,
        2.54632,
        2.443037,
        2.347667,
        2.4685970000000004,
        2.356556,
        2.874276,
        1.918536,
        2.7580430000000002,
        2.397125,
        1.959335,
        2.217534,
        3.386347,
        2.310315,
        2.424915,
        0.0,
        2.336529,
        1.910232,
        1.826178,
        2.313848
    ],
    [
        0.42144099999999995,
        0.34254199999999996,
        0.192912,
        0.558975,
        0.3732,
        0.14161400000000002,
        1.1038299999999999,
        0.571523,
        1.155282,
        0.444672,
        0.504718,
        0.161456,
        1.739274,
        0.060189,
        0.41688200000000003,
        2.336529,
        0.0,
        0.470972,
        0.5543440000000001,
        0.600423
    ],
    [
        0.54401,
        0.6699740000000001,
        0.663884,
        0.775686,
        0.592251,
        0.539547,
        1.165937,
        0.5859059999999999,
        1.094126,
        0.520779,
        0.551312,
        0.43838099999999997,
        1.682224,
        0.531162,
        0.548569,
        1.910232,
        0.470972,
        0.0,
        0.083371,
        0.733306
    ],
    [
        0.627381,
        0.753345,
        0.747255,
        0.8590570000000001,
        0.675622,
        0.622918,
        1.2244469999999998,
        0.669277,
        1.108214,
        0.60415,
        0.6346839999999999,
        0.521752,
        1.696311,
        0.614533,
        0.6319400000000001,
        1.826178,
        0.5543440000000001,
        0.083371,
        0.0,
        0.816677
    ],
    [
        0.723289,
        0.64439,
        0.32235,
        0.207231,
        0.675048,
        0.48886599999999997,
        1.4056780000000002,
        0.453973,
        1.45713,
        0.74652,
        0.387168,
        0.567832,
        2.041122,
        0.520207,
        0.71873,
        2.313848,
        0.600423,
        0.733306,
        0.816677,
        0.0
    ]
]