[
    [
        0.0,
        3.09276,
        1.249111,
        2.119643,
        1.4412550000000002,
        1.048076,
        1.745995,
        2.820911,
        2.10316,
        1.899901,
        1.50948,
        1.641142,
        1.0339269999999998,
        1.2611569999999999,
        1.350049,
        1.4294,
        2.071686,
        1.117698,
        1.593812
    ],
    [
        3.09276,
        0.0,
        1.960624,
        0.981405,
        2.2426039999999996,
        2.1594279999999997,
        4.74562,
        3.09379,
        2.4682109999999997,
        3.217761,
        1.7177580000000001,
        2.959001,
        2.783359,
        1.9457650000000002,
        1.862209,
        1.777523,
        3.028277,
        2.089224,
        1.917518
    ],
    [
        1.249111,
        1.960624,
        0.0,
        0.997932,
        0.284211,
        0.201035,
        2.7872269999999997,
        2.6081190000000003,
        1.699244,
        1.7367519999999999,
        0.263182,
        1.477992,
        1.042896,
        0.01486,
        0.10093899999999999,
        0.18310200000000001,
        1.875134,
        0.131413,
        0.347514
    ],
    [
        2.119643,
        0.981405,
        0.997932,
        0.0,
        1.279911,
        1.1967349999999999,
        3.782927,
        2.282147,
        1.599153,
        2.244643,
        0.7550650000000001,
        1.985884,
        1.810241,
        0.983654,
        0.9000990000000001,
        0.81483,
        2.159219,
        1.127113,
        0.954825
    ],
    [
        1.4412550000000002,
        2.2426039999999996,
        0.284211,
        1.279911,
        0.0,
        0.271227,
        2.571972,
        3.08038,
        2.1715050000000002,
        2.170667,
        0.7326309999999999,
        1.911907,
        1.247596,
        0.484308,
        0.5732,
        0.65255,
        2.347395,
        0.340849,
        0.816963
    ],
    [
        1.048076,
        2.1594279999999997,
        0.201035,
        1.1967349999999999,
        0.271227,
        0.0,
        2.586192,
        2.809154,
        1.900279,
        1.937787,
        0.461404,
        1.679027,
        1.0436459999999999,
        0.213081,
        0.301973,
        0.381324,
        2.076168,
        0.069622,
        0.545736
    ],
    [
        1.745995,
        4.74562,
        2.7872269999999997,
        3.782927,
        2.571972,
        2.586192,
        0.0,
        4.464703999999999,
        4.113943,
        3.457413,
        2.720985,
        3.284935,
        3.10882,
        2.4726619999999997,
        2.561554,
        2.640905,
        3.7154789999999998,
        2.329203,
        2.805317
    ],
    [
        2.820911,
        3.09379,
        2.6081190000000003,
        2.282147,
        3.08038,
        2.809154,
        4.464703999999999,
        0.0,
        0.93843,
        1.298485,
        2.495172,
        1.5572439999999999,
        1.912031,
        2.639218,
        2.639623,
        2.554937,
        0.749225,
        2.755771,
        2.694931
    ],
    [
        2.10316,
        2.4682109999999997,
        1.699244,
        1.599153,
        2.1715050000000002,
        1.900279,
        4.113943,
        0.93843,
        0.0,
        1.0314210000000001,
        1.782067,
        1.076801,
        1.266683,
        1.720482,
        1.6568669999999999,
        1.78986,
        0.671027,
        1.837035,
        1.981827
    ],
    [
        1.899901,
        3.217761,
        1.7367519999999999,
        2.244643,
        2.170667,
        1.937787,
        3.457413,
        1.298485,
        1.0314210000000001,
        0.0,
        1.924245,
        0.25876,
        0.9910209999999999,
        1.751611,
        1.687997,
        1.865715,
        0.559979,
        1.868164,
        2.020099
    ],
    [
        1.50948,
        1.7177580000000001,
        0.263182,
        0.7550650000000001,
        0.7326309999999999,
        0.461404,
        2.720985,
        2.495172,
        1.782067,
        1.924245,
        0.0,
        1.6654849999999999,
        1.306078,
        0.24832300000000002,
        0.237368,
        0.080081,
        2.062627,
        0.39178199999999996,
        0.176995
    ],
    [
        1.641142,
        2.959001,
        1.477992,
        1.985884,
        1.911907,
        1.679027,
        3.284935,
        1.5572439999999999,
        1.076801,
        0.25876,
        1.6654849999999999,
        0.0,
        0.732262,
        1.492852,
        1.429237,
        1.6069559999999998,
        0.818739,
        1.609405,
        1.76134
    ],
    [
        1.0339269999999998,
        2.783359,
        1.042896,
        1.810241,
        1.247596,
        1.0436459999999999,
        3.10882,
        1.912031,
        1.266683,
        0.9910209999999999,
        1.306078,
        0.732262,
        0.0,
        1.0577560000000001,
        1.0707360000000001,
        1.2259980000000001,
        1.162806,
        1.0374269999999999,
        1.3904100000000001
    ],
    [
        1.2611569999999999,
        1.9457650000000002,
        0.01486,
        0.983654,
        0.484308,
        0.213081,
        2.4726619999999997,
        2.639218,
        1.720482,
        1.751611,
        0.24832300000000002,
        1.492852,
        1.0577560000000001,
        0.0,
        0.115798,
        0.168242,
        1.889993,
        0.143459,
        0.332655
    ],
    [
        1.350049,
        1.862209,
        0.10093899999999999,
        0.9000990000000001,
        0.5732,
        0.301973,
        2.561554,
        2.639623,
        1.6568669999999999,
        1.687997,
        0.237368,
        1.429237,
        1.0707360000000001,
        0.115798,
        0.0,
        0.178838,
        1.826379,
        0.232351,
        0.3347
    ],
    [
        1.4294,
        1.777523,
        0.18310200000000001,
        0.81483,
        0.65255,
        0.381324,
        2.640905,
        2.554937,
        1.78986,
        1.865715,
        0.080081,
        1.6069559999999998,
        1.2259980000000001,
        0.168242,
        0.178838,
        0.0,
        2.004097,
        0.311701,
        0.174707
    ],
    [
        2.071686,
        3.028277,
        1.875134,
        2.159219,
        2.347395,
        2.076168,
        3.7154789999999998,
        0.749225,
        0.671027,
        0.559979,
        2.062627,
        0.818739,
        1.162806,
        1.889993,
        1.826379,
        2.004097,
        0.0,
        2.006547,
        2.158481
    ],
    [
        1.117698,
        2.089224,
        0.131413,
        1.127113,
        0.340849,
        0.069622,
        2.329203,
        2.755771,
        1.837035,
        1.868164,
        0.39178199999999996,
        1.609405,
        1.0374269999999999,
        0.143459,
        0.232351,
        0.311701,
        2.006547,
        0.0,
        0.476114
    ],
    [
        1.593812,
        1.917518,
        0.347514,
        0.954825,
        0.816963,
        0.545736,
        2.805317,
        2.694931,
        1.981827,
        2.020099,
        0.176995,
        1.76134,
        1.3904100000000001,
        0.332655,
        0.3347,
        0.174707,
        2.158481,
        0.476114,
        0.0
    ]
]