[
    [
        0.0,
        0.997684,
        0.767147,
        0.9932110000000001,
        0.54307,
        1.0179610000000001,
        2.477773,
        0.045529,
        0.628601,
        0.123958,
        0.055104999999999994,
        0.77913,
        0.780274,
        0.424217,
        1.1876820000000001,
        0.316029,
        0.072082,
        0.619616,
        1.1966679999999998,
        0.5296839999999999,
        0.080958,
        0.64067,
        0.47364100000000003,
        0.5946589999999999,
        0.626135,
        1.150404,
        1.015716,
        0.474511,
        0.345074,
        0.6925180000000001,
        0.726163,
        0.456375,
        2.310254,
        1.0166979999999999,
        0.716318,
        0.646948,
        0.31619200000000003,
        0.733205,
        0.381115,
        0.767409,
        2.205757,
        0.956812,
        0.763649
    ],
    [
        0.997684,
        0.0,
        0.296762,
        0.004472,
        1.168367,
        0.062506,
        3.350717,
        0.962283,
        1.072843,
        1.040712,
        0.971859,
        0.538421,
        0.28363499999999997,
        0.676257,
        0.545976,
        1.232783,
        0.988836,
        0.648317,
        2.113422,
        1.1430019999999999,
        0.997712,
        0.357014,
        0.94184,
        0.9356019999999999,
        0.967078,
        0.655552,
        0.060261,
        0.94271,
        0.696474,
        0.305166,
        1.179571,
        0.916517,
        1.31257,
        0.047210999999999996,
        0.304767,
        0.350736,
        0.792021,
        0.518298,
        1.105519,
        0.2965,
        1.733241,
        0.107097,
        1.680403
    ],
    [
        0.767147,
        0.296762,
        0.0,
        0.301234,
        0.871605,
        0.359268,
        3.0539549999999998,
        0.731746,
        0.776081,
        0.810175,
        0.741322,
        0.24165899999999998,
        0.013127000000000002,
        0.44572,
        0.8501000000000001,
        1.002246,
        0.758299,
        0.34575799999999995,
        1.882885,
        0.84624,
        0.7671749999999999,
        0.126477,
        0.6450779999999999,
        0.6388400000000001,
        0.670316,
        0.9596760000000001,
        0.35702300000000003,
        0.645948,
        0.465937,
        0.126468,
        0.882809,
        0.619755,
        1.562763,
        0.249551,
        0.150268,
        0.120199,
        0.709217,
        0.221536,
        0.8087580000000001,
        0.000262,
        2.037365,
        0.189665,
        1.4498659999999999
    ],
    [
        0.9932110000000001,
        0.004472,
        0.301234,
        0.0,
        1.172839,
        0.058033,
        3.3551889999999998,
        0.9578099999999999,
        1.077315,
        1.0362390000000001,
        0.967386,
        0.5428930000000001,
        0.288107,
        0.6717839999999999,
        0.5415030000000001,
        1.22831,
        0.9843630000000001,
        0.6438440000000001,
        2.108949,
        1.1474739999999999,
        0.993239,
        0.352541,
        0.946312,
        0.940074,
        0.971549,
        0.651079,
        0.055788,
        0.947182,
        0.692001,
        0.300693,
        1.184043,
        0.9209890000000001,
        1.3170419999999998,
        0.051683,
        0.300294,
        0.346263,
        0.787548,
        0.52277,
        1.109991,
        0.30097199999999996,
        1.728768,
        0.111569,
        1.6759300000000001
    ],
    [
        0.54307,
        1.168367,
        0.871605,
        1.172839,
        0.0,
        1.267378,
        2.2521799999999996,
        0.509433,
        0.124281,
        0.539255,
        0.49984100000000004,
        0.6299450000000001,
        0.884731,
        0.716573,
        1.5137660000000002,
        0.666582,
        0.524069,
        0.650606,
        1.547221,
        0.025365,
        0.532945,
        0.890087,
        0.35285500000000003,
        0.232765,
        0.227333,
        1.476488,
        1.265133,
        0.353725,
        0.593567,
        0.941935,
        0.217445,
        0.36861200000000005,
        2.434368,
        1.121156,
        0.965735,
        0.896365,
        0.839954,
        0.650069,
        0.161956,
        0.871867,
        2.540866,
        1.06127,
        1.114203
    ],
    [
        1.0179610000000001,
        0.062506,
        0.359268,
        0.058033,
        1.267378,
        0.0,
        3.413223,
        0.98256,
        1.135349,
        1.060989,
        0.992136,
        0.600927,
        0.34614100000000003,
        0.6965330000000001,
        0.48347,
        1.253059,
        1.0091130000000001,
        0.668594,
        1.950449,
        1.205508,
        1.0179880000000001,
        0.377291,
        1.004346,
        0.998108,
        1.029584,
        0.5930460000000001,
        0.002245,
        1.005216,
        0.716751,
        0.325443,
        1.242077,
        0.979023,
        1.375076,
        0.109717,
        0.325043,
        0.371013,
        0.729515,
        0.580804,
        1.1557739999999999,
        0.359006,
        1.6707349999999999,
        0.169603,
        1.70068
    ],
    [
        2.477773,
        3.350717,
        3.0539549999999998,
        3.3551889999999998,
        2.2521799999999996,
        3.413223,
        0.0,
        2.432236,
        2.306631,
        2.390624,
        2.4298960000000003,
        2.812295,
        3.067081,
        2.8932860000000002,
        3.559214,
        2.375669,
        2.40569,
        2.8329560000000003,
        2.858321,
        2.266683,
        2.396815,
        3.072437,
        2.5426640000000003,
        2.4151149999999997,
        2.409683,
        3.546494,
        3.447483,
        2.543533,
        2.770279,
        3.124285,
        2.26016,
        2.55842,
        4.616718,
        3.303506,
        3.148085,
        3.0787150000000003,
        2.7059879999999996,
        2.832419,
        2.370645,
        3.054217,
        4.625614,
        3.24362,
        2.320299
    ],
    [
        0.045529,
        0.962283,
        0.731746,
        0.9578099999999999,
        0.509433,
        0.98256,
        2.432236,
        0.0,
        0.594963,
        0.078421,
        0.009568,
        0.824659,
        0.825803,
        0.469746,
        1.233211,
        0.270492,
        0.026545000000000003,
        0.6651459999999999,
        1.1511310000000001,
        0.496047,
        0.035421,
        0.686199,
        0.519496,
        0.640514,
        0.6980149999999999,
        1.195933,
        1.061245,
        0.520366,
        0.39060300000000003,
        0.738047,
        0.692526,
        0.501904,
        2.3557829999999997,
        1.0622280000000002,
        0.7618469999999999,
        0.692477,
        0.34968299999999997,
        0.778734,
        0.347477,
        0.8129379999999999,
        2.35023,
        1.002341,
        0.718113
    ],
    [
        0.628601,
        1.072843,
        0.776081,
        1.077315,
        0.124281,
        1.135349,
        2.306631,
        0.594963,
        0.0,
        0.6247849999999999,
        0.585371,
        0.5344220000000001,
        0.789208,
        0.644985,
        1.659946,
        0.752113,
        0.6096,
        0.555083,
        1.632752,
        0.098917,
        0.618475,
        0.794563,
        0.25612599999999996,
        0.137241,
        0.13181,
        1.4049,
        1.1696099999999998,
        0.256996,
        0.5219779999999999,
        0.846412,
        0.145089,
        0.271883,
        2.338844,
        1.025632,
        0.870212,
        0.800841,
        0.872909,
        0.554545,
        0.24748599999999998,
        0.776344,
        2.4692779999999996,
        0.965746,
        1.1997339999999999
    ],
    [
        0.123958,
        1.040712,
        0.810175,
        1.0362390000000001,
        0.539255,
        1.060989,
        2.390624,
        0.078421,
        0.6247849999999999,
        0.0,
        0.07608100000000001,
        0.91242,
        0.9042319999999999,
        0.548175,
        1.1930260000000001,
        0.21203999999999998,
        0.051875,
        0.7435750000000001,
        1.0926790000000002,
        0.525868,
        0.043,
        0.764629,
        0.549318,
        0.670336,
        0.727837,
        1.1630630000000002,
        1.139675,
        0.550188,
        0.469032,
        0.816477,
        0.722347,
        0.565074,
        2.434212,
        1.140657,
        0.840277,
        0.770906,
        0.3398,
        0.9325439999999999,
        0.377299,
        0.891368,
        2.340348,
        1.080771,
        0.6765
    ],
    [
        0.055104999999999994,
        0.971859,
        0.741322,
        0.967386,
        0.49984100000000004,
        0.992136,
        2.4298960000000003,
        0.009568,
        0.585371,
        0.07608100000000001,
        0.0,
        0.8342350000000001,
        0.835379,
        0.479322,
        1.242787,
        0.26815100000000003,
        0.024204999999999997,
        0.6747219999999999,
        1.14879,
        0.48645499999999997,
        0.03308,
        0.695775,
        0.509904,
        0.630922,
        0.688423,
        1.205509,
        1.070822,
        0.510774,
        0.40017899999999995,
        0.7476240000000001,
        0.6829339999999999,
        0.52566,
        2.3653589999999998,
        1.071804,
        0.771424,
        0.702053,
        0.359259,
        0.788311,
        0.337885,
        0.822515,
        2.359807,
        1.011918,
        0.7157720000000001
    ],
    [
        0.77913,
        0.538421,
        0.24165899999999998,
        0.5428930000000001,
        0.6299450000000001,
        0.600927,
        2.812295,
        0.824659,
        0.5344220000000001,
        0.91242,
        0.8342350000000001,
        0.0,
        0.254786,
        0.43190100000000003,
        1.125525,
        1.0397480000000001,
        0.744481,
        0.104099,
        1.9203869999999998,
        0.604581,
        0.7533569999999999,
        0.260142,
        0.40341899999999997,
        0.39718000000000003,
        0.428656,
        1.161932,
        0.635188,
        0.404289,
        0.45211900000000005,
        0.31199,
        0.64115,
        0.378095,
        1.804423,
        0.491211,
        0.33579000000000003,
        0.26642,
        0.742512,
        0.020124,
        0.567098,
        0.241922,
        2.226311,
        0.431325,
        1.487369
    ],
    [
        0.780274,
        0.28363499999999997,
        0.013127000000000002,
        0.288107,
        0.884731,
        0.34614100000000003,
        3.067081,
        0.825803,
        0.789208,
        0.9042319999999999,
        0.835379,
        0.254786,
        0.0,
        0.458846,
        0.836973,
        1.015372,
        0.7714260000000001,
        0.358885,
        1.896011,
        0.859367,
        0.780301,
        0.139604,
        0.658205,
        0.651966,
        0.683442,
        0.94655,
        0.343897,
        0.6590750000000001,
        0.47906400000000005,
        0.139594,
        0.8959360000000001,
        0.632881,
        1.549637,
        0.23642500000000002,
        0.163394,
        0.133326,
        0.722343,
        0.234662,
        0.8218840000000001,
        0.012864,
        2.024239,
        0.17653899999999997,
        1.462993
    ],
    [
        0.424217,
        0.676257,
        0.44572,
        0.6717839999999999,
        0.716573,
        0.6965330000000001,
        2.8932860000000002,
        0.469746,
        0.644985,
        0.548175,
        0.479322,
        0.43190100000000003,
        0.458846,
        0.0,
        1.073802,
        0.6593150000000001,
        0.415368,
        0.29818900000000004,
        1.539954,
        0.7105990000000001,
        0.424244,
        0.319242,
        0.479852,
        0.6027140000000001,
        0.63419,
        0.9620639999999999,
        0.6942889999999999,
        0.480721,
        0.123006,
        0.371091,
        0.846683,
        0.44665,
        1.988826,
        0.695271,
        0.394891,
        0.32552,
        0.413399,
        0.41177800000000003,
        0.5620299999999999,
        0.44598200000000005,
        2.026442,
        0.635385,
        1.106936
    ],
    [
        1.1876820000000001,
        0.545976,
        0.8501000000000001,
        0.5415030000000001,
        1.5137660000000002,
        0.48347,
        3.559214,
        1.233211,
        1.659946,
        1.1930260000000001,
        1.242787,
        1.125525,
        0.836973,
        1.073802,
        0.0,
        1.310362,
        1.212562,
        1.152064,
        1.9608599999999998,
        1.507792,
        1.2214369999999999,
        0.86076,
        1.277045,
        1.481578,
        1.5130530000000002,
        0.302957,
        0.485714,
        1.277915,
        0.9202,
        0.8089120000000001,
        1.725547,
        1.243843,
        1.8585450000000001,
        0.593187,
        0.808513,
        0.854483,
        0.885481,
        1.064274,
        1.3592229999999998,
        0.842476,
        1.380646,
        0.653073,
        1.84509
    ],
    [
        0.316029,
        1.232783,
        1.002246,
        1.22831,
        0.666582,
        1.253059,
        2.375669,
        0.270492,
        0.752113,
        0.21203999999999998,
        0.26815100000000003,
        1.0397480000000001,
        1.015372,
        0.6593150000000001,
        1.310362,
        0.0,
        0.243946,
        1.0604090000000002,
        0.9295,
        0.653196,
        0.235071,
        0.925708,
        0.676646,
        0.797664,
        0.855165,
        1.2388379999999999,
        1.1351600000000002,
        0.677515,
        0.630111,
        0.9775560000000001,
        0.849675,
        0.6924020000000001,
        2.507991,
        1.301736,
        1.001356,
        0.931986,
        0.42488099999999995,
        1.0598720000000001,
        0.504627,
        1.052447,
        2.391899,
        1.24185,
        0.6615449999999999
    ],
    [
        0.072082,
        0.988836,
        0.758299,
        0.9843630000000001,
        0.524069,
        1.0091130000000001,
        2.40569,
        0.026545000000000003,
        0.6096,
        0.051875,
        0.024204999999999997,
        0.744481,
        0.7714260000000001,
        0.415368,
        1.212562,
        0.243946,
        0.0,
        0.691699,
        1.124585,
        0.510683,
        0.008875,
        0.7127519999999999,
        0.5341319999999999,
        0.65515,
        0.7126509999999999,
        1.2224860000000002,
        1.087799,
        0.535002,
        0.417156,
        0.764601,
        0.7071620000000001,
        0.549889,
        2.3823359999999996,
        1.088781,
        0.7884009999999999,
        0.71903,
        0.376236,
        0.805288,
        0.362114,
        0.839492,
        2.3767840000000002,
        1.028895,
        0.691567
    ],
    [
        0.619616,
        0.648317,
        0.34575799999999995,
        0.6438440000000001,
        0.650606,
        0.668594,
        2.8329560000000003,
        0.6651459999999999,
        0.555083,
        0.7435750000000001,
        0.6747219999999999,
        0.104099,
        0.358885,
        0.29818900000000004,
        1.152064,
        1.0604090000000002,
        0.691699,
        0.0,
        1.941048,
        0.625242,
        0.784518,
        0.291303,
        0.42407999999999996,
        0.417841,
        0.449317,
        1.193094,
        0.6663490000000001,
        0.42495,
        0.48328,
        0.343151,
        0.661811,
        0.398756,
        1.908521,
        0.595309,
        0.366951,
        0.29758100000000004,
        0.773673,
        0.124222,
        0.587759,
        0.34602,
        2.2574720000000004,
        0.535423,
        1.508029
    ],
    [
        1.1966679999999998,
        2.113422,
        1.882885,
        2.108949,
        1.547221,
        1.950449,
        2.858321,
        1.1511310000000001,
        1.632752,
        1.0926790000000002,
        1.14879,
        1.9203869999999998,
        1.896011,
        1.539954,
        1.9608599999999998,
        0.9295,
        1.124585,
        1.941048,
        0.0,
        1.533835,
        1.11571,
        1.806347,
        1.557285,
        1.678303,
        1.7358040000000001,
        1.7445119999999998,
        1.952693,
        1.558154,
        1.51075,
        1.858195,
        1.7303140000000001,
        1.573041,
        3.3255239999999997,
        2.060166,
        1.8819949999999999,
        1.812625,
        1.30552,
        1.94051,
        1.385266,
        1.933086,
        2.599513,
        2.041092,
        1.449091
    ],
    [
        0.5296839999999999,
        1.1430019999999999,
        0.84624,
        1.1474739999999999,
        0.025365,
        1.205508,
        2.266683,
        0.496047,
        0.098917,
        0.525868,
        0.48645499999999997,
        0.604581,
        0.859367,
        0.7105990000000001,
        1.507792,
        0.653196,
        0.510683,
        0.625242,
        1.533835,
        0.0,
        0.519558,
        0.864722,
        0.339469,
        0.2074,
        0.20196899999999998,
        1.4631020000000001,
        1.239769,
        0.340339,
        0.5801799999999999,
        0.916571,
        0.19647900000000001,
        0.355225,
        2.4090030000000002,
        1.095791,
        0.94037,
        0.871,
        0.826568,
        0.6247039999999999,
        0.14856899999999998,
        0.846502,
        2.518455,
        1.035905,
        1.100817
    ],
    [
        0.080958,
        0.997712,
        0.7671749999999999,
        0.993239,
        0.532945,
        1.0179880000000001,
        2.396815,
        0.035421,
        0.618475,
        0.043,
        0.03308,
        0.7533569999999999,
        0.780301,
        0.424244,
        1.2214369999999999,
        0.235071,
        0.008875,
        0.784518,
        1.11571,
        0.519558,
        0.0,
        0.721628,
        0.543008,
        0.664026,
        0.721527,
        1.231362,
        1.096674,
        0.5438780000000001,
        0.42603199999999997,
        0.773476,
        0.716037,
        0.558764,
        2.391212,
        1.097656,
        0.797276,
        0.7279059999999999,
        0.385112,
        0.814163,
        0.37098899999999996,
        0.848367,
        2.385659,
        1.03777,
        0.682691
    ],
    [
        0.64067,
        0.357014,
        0.126477,
        0.352541,
        0.890087,
        0.377291,
        3.072437,
        0.686199,
        0.794563,
        0.764629,
        0.695775,
        0.260142,
        0.139604,
        0.319242,
        0.86076,
        0.925708,
        0.7127519999999999,
        0.291303,
        1.806347,
        0.864722,
        0.721628,
        0.0,
        0.6635610000000001,
        0.657322,
        0.688798,
        0.901791,
        0.375046,
        0.66443,
        0.33946,
        0.051848,
        0.901292,
        0.6382369999999999,
        1.669584,
        0.37602800000000003,
        0.07564799999999999,
        0.006278,
        0.634597,
        0.240018,
        0.7784829999999999,
        0.126739,
        1.966169,
        0.316142,
        1.323389
    ],
    [
        0.47364100000000003,
        0.94184,
        0.6450779999999999,
        0.946312,
        0.35285500000000003,
        1.004346,
        2.5426640000000003,
        0.519496,
        0.25612599999999996,
        0.549318,
        0.509904,
        0.40341899999999997,
        0.658205,
        0.479852,
        1.277045,
        0.676646,
        0.5341319999999999,
        0.42407999999999996,
        1.557285,
        0.339469,
        0.543008,
        0.6635610000000001,
        0.0,
        0.17226499999999997,
        0.203741,
        1.2397660000000001,
        1.038607,
        0.00087,
        0.356845,
        0.715409,
        0.416234,
        0.015756,
        2.2078420000000003,
        0.89463,
        0.7392089999999999,
        0.6698390000000001,
        0.70962,
        0.423543,
        0.203996,
        0.645341,
        2.304145,
        0.834744,
        1.124266
    ],
    [
        0.5946589999999999,
        0.9356019999999999,
        0.6388400000000001,
        0.940074,
        0.232765,
        0.998108,
        2.4151149999999997,
        0.640514,
        0.137241,
        0.670336,
        0.630922,
        0.39718000000000003,
        0.651966,
        0.6027140000000001,
        1.481578,
        0.797664,
        0.65515,
        0.417841,
        1.678303,
        0.2074,
        0.664026,
        0.657322,
        0.17226499999999997,
        0.0,
        0.031476,
        1.559113,
        1.032368,
        0.17313499999999998,
        0.479707,
        0.70917,
        0.243969,
        0.188021,
        2.201603,
        0.8883909999999999,
        0.73297,
        0.6636,
        0.830638,
        0.41730399999999995,
        0.35597,
        0.639102,
        2.623491,
        0.828505,
        1.245284
    ],
    [
        0.626135,
        0.967078,
        0.670316,
        0.971549,
        0.227333,
        1.029584,
        2.409683,
        0.6980149999999999,
        0.13181,
        0.727837,
        0.688423,
        0.428656,
        0.683442,
        0.63419,
        1.5130530000000002,
        0.855165,
        0.7126509999999999,
        0.449317,
        1.7358040000000001,
        0.20196899999999998,
        0.721527,
        0.688798,
        0.203741,
        0.031476,
        0.0,
        1.590589,
        1.063844,
        0.204611,
        0.5111829999999999,
        0.7406459999999999,
        0.238538,
        0.21949700000000003,
        2.233079,
        0.919867,
        0.7644460000000001,
        0.695076,
        0.862114,
        0.44877999999999996,
        0.350538,
        0.670578,
        2.654967,
        0.859981,
        1.302785
    ],
    [
        1.150404,
        0.655552,
        0.9596760000000001,
        0.651079,
        1.476488,
        0.5930460000000001,
        3.546494,
        1.195933,
        1.4049,
        1.1630630000000002,
        1.205509,
        1.161932,
        0.94655,
        0.9620639999999999,
        0.302957,
        1.2388379999999999,
        1.2224860000000002,
        1.193094,
        1.7445119999999998,
        1.4631020000000001,
        1.231362,
        0.901791,
        1.2397660000000001,
        1.559113,
        1.590589,
        0.0,
        0.595291,
        1.240636,
        0.8829210000000001,
        0.9017809999999999,
        1.606598,
        1.206565,
        1.9681220000000001,
        0.702763,
        0.918089,
        0.895513,
        0.8232630000000001,
        1.141809,
        1.321945,
        0.952052,
        1.085577,
        0.762649,
        1.8071869999999999
    ],
    [
        1.015716,
        0.060261,
        0.35702300000000003,
        0.055788,
        1.265133,
        0.002245,
        3.447483,
        1.061245,
        1.1696099999999998,
        1.139675,
        1.070822,
        0.635188,
        0.343897,
        0.6942889999999999,
        0.485714,
        1.1351600000000002,
        1.087799,
        0.6663490000000001,
        1.952693,
        1.239769,
        1.096674,
        0.375046,
        1.038607,
        1.032368,
        1.063844,
        0.595291,
        0.0,
        1.002972,
        0.714506,
        0.323198,
        1.2398330000000002,
        0.976778,
        1.372831,
        0.107472,
        0.322799,
        0.368768,
        0.731759,
        0.5785589999999999,
        1.15353,
        0.35676100000000005,
        1.67298,
        0.167358,
        1.698435
    ],
    [
        0.474511,
        0.94271,
        0.645948,
        0.947182,
        0.353725,
        1.005216,
        2.543533,
        0.520366,
        0.256996,
        0.550188,
        0.510774,
        0.404289,
        0.6590750000000001,
        0.480721,
        1.277915,
        0.677515,
        0.535002,
        0.42495,
        1.558154,
        0.340339,
        0.5438780000000001,
        0.66443,
        0.00087,
        0.17313499999999998,
        0.204611,
        1.240636,
        1.002972,
        0.0,
        0.33853,
        0.716279,
        0.417104,
        0.014886,
        2.208712,
        0.8955,
        0.7400789999999999,
        0.670708,
        0.71049,
        0.42441199999999996,
        0.20486600000000002,
        0.646211,
        2.2768040000000003,
        0.835613,
        1.125136
    ],
    [
        0.345074,
        0.696474,
        0.465937,
        0.692001,
        0.593567,
        0.716751,
        2.770279,
        0.39060300000000003,
        0.5219779999999999,
        0.469032,
        0.40017899999999995,
        0.45211900000000005,
        0.47906400000000005,
        0.123006,
        0.9202,
        0.630111,
        0.417156,
        0.48328,
        1.51075,
        0.5801799999999999,
        0.42603199999999997,
        0.33946,
        0.356845,
        0.479707,
        0.5111829999999999,
        0.8829210000000001,
        0.714506,
        0.33853,
        0.0,
        0.391308,
        0.723677,
        0.323644,
        2.0090440000000003,
        0.715488,
        0.415108,
        0.345738,
        0.334256,
        0.431995,
        0.43902300000000005,
        0.46619900000000003,
        1.9382739999999998,
        0.655602,
        0.9839289999999999
    ],
    [
        0.6925180000000001,
        0.305166,
        0.126468,
        0.300693,
        0.941935,
        0.325443,
        3.124285,
        0.738047,
        0.846412,
        0.816477,
        0.7476240000000001,
        0.31199,
        0.139594,
        0.371091,
        0.8089120000000001,
        0.9775560000000001,
        0.764601,
        0.343151,
        1.858195,
        0.916571,
        0.773476,
        0.051848,
        0.715409,
        0.70917,
        0.7406459999999999,
        0.9017809999999999,
        0.323198,
        0.716279,
        0.391308,
        0.0,
        0.95314,
        0.6900850000000001,
        1.617735,
        0.31257100000000004,
        0.0238,
        0.04557,
        0.6345879999999999,
        0.29186599999999996,
        0.830332,
        0.12673,
        1.9661600000000001,
        0.252685,
        1.375237
    ],
    [
        0.726163,
        1.179571,
        0.882809,
        1.184043,
        0.217445,
        1.242077,
        2.26016,
        0.692526,
        0.145089,
        0.722347,
        0.6829339999999999,
        0.64115,
        0.8959360000000001,
        0.846683,
        1.725547,
        0.849675,
        0.7071620000000001,
        0.661811,
        1.7303140000000001,
        0.19647900000000001,
        0.716037,
        0.901292,
        0.416234,
        0.243969,
        0.238538,
        1.606598,
        1.2398330000000002,
        0.417104,
        0.723677,
        0.95314,
        0.0,
        0.43199099999999996,
        2.445573,
        1.1323599999999998,
        0.97694,
        0.907569,
        1.023047,
        0.661273,
        0.345048,
        0.883071,
        2.5998539999999997,
        1.072474,
        1.297296
    ],
    [
        0.456375,
        0.916517,
        0.619755,
        0.9209890000000001,
        0.36861200000000005,
        0.979023,
        2.55842,
        0.501904,
        0.271883,
        0.565074,
        0.52566,
        0.378095,
        0.632881,
        0.44665,
        1.243843,
        0.6924020000000001,
        0.549889,
        0.398756,
        1.573041,
        0.355225,
        0.558764,
        0.6382369999999999,
        0.015756,
        0.188021,
        0.21949700000000003,
        1.206565,
        0.976778,
        0.014886,
        0.323644,
        0.6900850000000001,
        0.43199099999999996,
        0.0,
        2.182518,
        0.869306,
        0.713885,
        0.644515,
        0.6578999999999999,
        0.398219,
        0.219752,
        0.620017,
        2.2709430000000004,
        0.8094199999999999,
        1.1400219999999999
    ],
    [
        2.310254,
        1.31257,
        1.562763,
        1.3170419999999998,
        2.434368,
        1.375076,
        4.616718,
        2.3557829999999997,
        2.338844,
        2.434212,
        2.3653589999999998,
        1.804423,
        1.549637,
        1.988826,
        1.8585450000000001,
        2.507991,
        2.3823359999999996,
        1.908521,
        3.3255239999999997,
        2.4090030000000002,
        2.391212,
        1.669584,
        2.2078420000000003,
        2.201603,
        2.233079,
        1.9681220000000001,
        1.372831,
        2.208712,
        2.0090440000000003,
        1.617735,
        2.445573,
        2.182518,
        0.0,
        1.343442,
        1.647565,
        1.693535,
        2.1348200000000004,
        1.814529,
        2.40175,
        1.59273,
        3.076041,
        1.403328,
        3.0232020000000004
    ],
    [
        1.0166979999999999,
        0.047210999999999996,
        0.249551,
        0.051683,
        1.121156,
        0.109717,
        3.303506,
        1.0622280000000002,
        1.025632,
        1.140657,
        1.071804,
        0.491211,
        0.23642500000000002,
        0.695271,
        0.593187,
        1.301736,
        1.088781,
        0.595309,
        2.060166,
        1.095791,
        1.097656,
        0.37602800000000003,
        0.89463,
        0.8883909999999999,
        0.919867,
        0.702763,
        0.107472,
        0.8955,
        0.715488,
        0.31257100000000004,
        1.1323599999999998,
        0.869306,
        1.343442,
        0.0,
        0.312172,
        0.36975,
        0.8052290000000001,
        0.471087,
        1.058309,
        0.24928899999999998,
        1.780452,
        0.059886,
        1.699417
    ],
    [
        0.716318,
        0.304767,
        0.150268,
        0.300294,
        0.965735,
        0.325043,
        3.148085,
        0.7618469999999999,
        0.870212,
        0.840277,
        0.771424,
        0.33579000000000003,
        0.163394,
        0.394891,
        0.808513,
        1.001356,
        0.7884009999999999,
        0.366951,
        1.8819949999999999,
        0.94037,
        0.797276,
        0.07564799999999999,
        0.7392089999999999,
        0.73297,
        0.7644460000000001,
        0.918089,
        0.322799,
        0.7400789999999999,
        0.415108,
        0.0238,
        0.97694,
        0.713885,
        1.647565,
        0.312172,
        0.0,
        0.06937,
        0.6583880000000001,
        0.315666,
        0.854132,
        0.15053,
        2.000401,
        0.252285,
        1.399037
    ],
    [
        0.646948,
        0.350736,
        0.120199,
        0.346263,
        0.896365,
        0.371013,
        3.0787150000000003,
        0.692477,
        0.800841,
        0.770906,
        0.702053,
        0.26642,
        0.133326,
        0.32552,
        0.854483,
        0.931986,
        0.71903,
        0.29758100000000004,
        1.812625,
        0.871,
        0.7279059999999999,
        0.006278,
        0.6698390000000001,
        0.6636,
        0.695076,
        0.895513,
        0.368768,
        0.670708,
        0.345738,
        0.04557,
        0.907569,
        0.644515,
        1.693535,
        0.36975,
        0.06937,
        0.0,
        0.628319,
        0.246296,
        0.7847609999999999,
        0.120461,
        1.959891,
        0.309864,
        1.329667
    ],
    [
        0.31619200000000003,
        0.792021,
        0.709217,
        0.787548,
        0.839954,
        0.729515,
        2.7059879999999996,
        0.34968299999999997,
        0.872909,
        0.3398,
        0.359259,
        0.742512,
        0.722343,
        0.413399,
        0.885481,
        0.42488099999999995,
        0.376236,
        0.773673,
        1.30552,
        0.826568,
        0.385112,
        0.634597,
        0.70962,
        0.830638,
        0.862114,
        0.8232630000000001,
        0.731759,
        0.71049,
        0.334256,
        0.6345879999999999,
        1.023047,
        0.6578999999999999,
        2.1348200000000004,
        0.8052290000000001,
        0.6583880000000001,
        0.628319,
        0.0,
        0.722388,
        0.685268,
        0.605533,
        1.8876410000000001,
        0.759021,
        0.9918640000000001
    ],
    [
        0.733205,
        0.518298,
        0.221536,
        0.52277,
        0.650069,
        0.580804,
        2.832419,
        0.778734,
        0.554545,
        0.9325439999999999,
        0.788311,
        0.020124,
        0.234662,
        0.41177800000000003,
        1.064274,
        1.0598720000000001,
        0.805288,
        0.124222,
        1.94051,
        0.6247039999999999,
        0.814163,
        0.240018,
        0.423543,
        0.41730399999999995,
        0.44877999999999996,
        1.141809,
        0.5785589999999999,
        0.42441199999999996,
        0.431995,
        0.29186599999999996,
        0.661273,
        0.398219,
        1.814529,
        0.471087,
        0.315666,
        0.246296,
        0.722388,
        0.0,
        0.587222,
        0.221798,
        2.206187,
        0.41120100000000004,
        1.415924
    ],
    [
        0.381115,
        1.105519,
        0.8087580000000001,
        1.109991,
        0.161956,
        1.1557739999999999,
        2.370645,
        0.347477,
        0.24748599999999998,
        0.377299,
        0.337885,
        0.567098,
        0.8218840000000001,
        0.5620299999999999,
        1.3592229999999998,
        0.504627,
        0.362114,
        0.587759,
        1.385266,
        0.14856899999999998,
        0.37098899999999996,
        0.7784829999999999,
        0.203996,
        0.35597,
        0.350538,
        1.321945,
        1.15353,
        0.20486600000000002,
        0.43902300000000005,
        0.830332,
        0.345048,
        0.219752,
        2.40175,
        1.058309,
        0.854132,
        0.7847609999999999,
        0.685268,
        0.587222,
        0.0,
        0.80902,
        2.369885,
        0.998423,
        0.9522480000000001
    ],
    [
        0.767409,
        0.2965,
        0.000262,
        0.30097199999999996,
        0.871867,
        0.359006,
        3.054217,
        0.8129379999999999,
        0.776344,
        0.891368,
        0.822515,
        0.241922,
        0.012864,
        0.44598200000000005,
        0.842476,
        1.052447,
        0.839492,
        0.34602,
        1.933086,
        0.846502,
        0.848367,
        0.126739,
        0.645341,
        0.639102,
        0.670578,
        0.952052,
        0.35676100000000005,
        0.646211,
        0.46619900000000003,
        0.12673,
        0.883071,
        0.620017,
        1.59273,
        0.24928899999999998,
        0.15053,
        0.120461,
        0.605533,
        0.221798,
        0.80902,
        0.0,
        2.037103,
        0.189403,
        1.4501279999999999
    ],
    [
        2.205757,
        1.733241,
        2.037365,
        1.728768,
        2.540866,
        1.6707349999999999,
        4.625614,
        2.35023,
        2.4692779999999996,
        2.340348,
        2.359807,
        2.226311,
        2.024239,
        2.026442,
        1.380646,
        2.391899,
        2.3767840000000002,
        2.2574720000000004,
        2.599513,
        2.518455,
        2.385659,
        1.966169,
        2.304145,
        2.623491,
        2.654967,
        1.085577,
        1.67298,
        2.2768040000000003,
        1.9382739999999998,
        1.9661600000000001,
        2.5998539999999997,
        2.2709430000000004,
        3.076041,
        1.780452,
        2.000401,
        1.959891,
        1.8876410000000001,
        2.206187,
        2.369885,
        2.037103,
        0.0,
        1.840338,
        2.992412
    ],
    [
        0.956812,
        0.107097,
        0.189665,
        0.111569,
        1.06127,
        0.169603,
        3.24362,
        1.002341,
        0.965746,
        1.080771,
        1.011918,
        0.431325,
        0.17653899999999997,
        0.635385,
        0.653073,
        1.24185,
        1.028895,
        0.535423,
        2.041092,
        1.035905,
        1.03777,
        0.316142,
        0.834744,
        0.828505,
        0.859981,
        0.762649,
        0.167358,
        0.835613,
        0.655602,
        0.252685,
        1.072474,
        0.8094199999999999,
        1.403328,
        0.059886,
        0.252285,
        0.309864,
        0.759021,
        0.41120100000000004,
        0.998423,
        0.189403,
        1.840338,
        0.0,
        1.6395309999999998
    ],
    [
        0.763649,
        1.680403,
        1.4498659999999999,
        1.6759300000000001,
        1.114203,
        1.70068,
        2.320299,
        0.718113,
        1.1997339999999999,
        0.6765,
        0.7157720000000001,
        1.487369,
        1.462993,
        1.106936,
        1.84509,
        0.6615449999999999,
        0.691567,
        1.508029,
        1.449091,
        1.100817,
        0.682691,
        1.323389,
        1.124266,
        1.245284,
        1.302785,
        1.8071869999999999,
        1.698435,
        1.125136,
        0.9839289999999999,
        1.375237,
        1.297296,
        1.1400219999999999,
        3.0232020000000004,
        1.699417,
        1.399037,
        1.329667,
        0.9918640000000001,
        1.415924,
        0.9522480000000001,
        1.4501279999999999,
        2.992412,
        1.6395309999999998,
        0.0
    ]
]