[
    [
        0.0,
        1.2233559999999999,
        0.14025,
        0.47692700000000005,
        0.38462,
        0.384841,
        2.291836,
        2.921333,
        2.473147,
        0.204713
    ],
    [
        1.2233559999999999,
        0.0,
        1.363616,
        0.7817000000000001,
        1.5093800000000002,
        1.650284,
        1.537055,
        1.9458389999999999,
        2.9439859999999998,
        1.290638
    ],
    [
        0.14025,
        1.363616,
        0.0,
        0.61813,
        0.437886,
        0.267139,
        2.4634430000000003,
        3.09294,
        2.538425,
        0.28674099999999997
    ],
    [
        0.47692700000000005,
        0.7817000000000001,
        0.61813,
        0.0,
        0.747193,
        0.838588,
        1.850181,
        2.479678,
        2.7616359999999998,
        0.5652200000000001
    ],
    [
        0.38462,
        1.5093800000000002,
        0.437886,
        0.747193,
        0.0,
        0.689879,
        2.585292,
        3.21479,
        2.4256990000000003,
        0.23880600000000002
    ],
    [
        0.384841,
        1.650284,
        0.267139,
        0.838588,
        0.689879,
        0.0,
        2.675261,
        3.3341399999999997,
        2.7830169999999996,
        0.531332
    ],
    [
        2.291836,
        1.537055,
        2.4634430000000003,
        1.850181,
        2.585292,
        2.675261,
        0.0,
        0.815352,
        3.6671750000000003,
        2.405119
    ],
    [
        2.921333,
        1.9458389999999999,
        3.09294,
        2.479678,
        3.21479,
        3.3341399999999997,
        0.815352,
        0.0,
        3.801318,
        3.034616
    ],
    [
        2.473147,
        2.9439859999999998,
        2.538425,
        2.7616359999999998,
        2.4256990000000003,
        2.7830169999999996,
        3.6671750000000003,
        3.801318,
        0.0,
        2.294967
    ],
    [
        0.204713,
        1.290638,
        0.28674099999999997,
        0.5652200000000001,
        0.23880600000000002,
        0.531332,
        2.405119,
        3.034616,
        2.294967,
        0.0
    ]
]