[
    [
        0.0,
        0.413296,
        0.51561,
        1.471506,
        1.7464549999999999,
        1.667583,
        2.704054,
        2.3193110000000003,
        0.578114,
        2.5433359999999996,
        1.784481,
        3.727221,
        0.522833,
        2.948057,
        0.534602,
        0.45871100000000004,
        2.7999720000000003,
        3.141658,
        0.350614,
        0.244335
    ],
    [
        0.413296,
        0.0,
        0.365319,
        1.208696,
        1.45005,
        1.386946,
        2.4076489999999997,
        2.463799,
        0.383732,
        2.246931,
        1.503844,
        3.3781120000000002,
        0.242195,
        2.685247,
        1.2859,
        0.49991800000000003,
        2.5035659999999997,
        2.878848,
        0.6972889999999999,
        0.463298
    ],
    [
        0.51561,
        0.365319,
        0.0,
        1.263954,
        1.609416,
        1.4600309999999999,
        2.567015,
        2.219116,
        0.29496,
        2.4062959999999998,
        1.576929,
        3.444066,
        0.2576,
        2.740504,
        1.052775,
        0.6035130000000001,
        2.6629319999999996,
        2.9341060000000003,
        0.527817,
        0.593024
    ],
    [
        1.471506,
        1.208696,
        1.263954,
        0.0,
        1.01225,
        0.297045,
        2.406784,
        2.7864180000000003,
        1.1560050000000002,
        2.496212,
        0.222007,
        2.192148,
        1.066791,
        1.8152409999999999,
        2.328806,
        1.740492,
        2.599313,
        2.001592,
        1.7973320000000002,
        1.746084
    ],
    [
        1.7464549999999999,
        1.45005,
        1.609416,
        1.01225,
        0.0,
        1.256095,
        1.510769,
        3.72603,
        1.462049,
        1.7949380000000001,
        1.209497,
        2.6866909999999997,
        1.382062,
        1.630719,
        2.1153939999999998,
        1.372503,
        1.703298,
        1.8243209999999999,
        1.797617,
        1.465621
    ],
    [
        1.667583,
        1.386946,
        1.4600309999999999,
        0.297045,
        1.256095,
        0.0,
        2.641357,
        2.714442,
        1.2210150000000002,
        2.730785,
        0.179154,
        2.0534229999999996,
        1.186826,
        2.061381,
        2.304267,
        1.8605260000000001,
        2.833886,
        2.247732,
        1.8410090000000001,
        1.8661189999999999
    ],
    [
        2.704054,
        2.4076489999999997,
        2.567015,
        2.406784,
        1.510769,
        2.641357,
        0.0,
        4.7446779999999995,
        2.52319,
        0.355659,
        2.653605,
        4.175809,
        2.4432020000000003,
        2.246069,
        2.74188,
        2.301719,
        0.273509,
        2.488661,
        2.7268339999999998,
        2.394838
    ],
    [
        2.3193110000000003,
        2.463799,
        2.219116,
        2.7864180000000003,
        3.72603,
        2.714442,
        4.7446779999999995,
        0.0,
        2.340388,
        4.606908000000001,
        2.8722399999999997,
        4.347938,
        2.403168,
        4.529693,
        2.346799,
        2.791637,
        4.863544,
        4.716044,
        2.309215,
        2.4375259999999996
    ],
    [
        0.578114,
        0.383732,
        0.29496,
        1.1560050000000002,
        1.462049,
        1.2210150000000002,
        2.52319,
        2.340388,
        0.0,
        2.434439,
        1.368856,
        3.306409,
        0.166019,
        2.653038,
        1.166199,
        0.87442,
        2.6910749999999997,
        2.846639,
        0.702941,
        0.863931
    ],
    [
        2.5433359999999996,
        2.246931,
        2.4062959999999998,
        2.496212,
        1.7949380000000001,
        2.730785,
        0.355659,
        4.606908000000001,
        2.434439,
        0.0,
        2.9323960000000002,
        4.3530429999999996,
        2.2722919999999998,
        2.6017289999999997,
        2.580104,
        2.139943,
        0.21333600000000003,
        2.844321,
        2.565057,
        2.233061
    ],
    [
        1.784481,
        1.503844,
        1.576929,
        0.222007,
        1.209497,
        0.179154,
        2.653605,
        2.8722399999999997,
        1.368856,
        2.9323960000000002,
        0.0,
        1.9701410000000001,
        1.2536679999999998,
        1.894569,
        2.483422,
        1.927368,
        2.717192,
        2.080921,
        2.020164,
        1.932961
    ],
    [
        3.727221,
        3.3781120000000002,
        3.444066,
        2.192148,
        2.6866909999999997,
        2.0534229999999996,
        4.175809,
        4.347938,
        3.306409,
        4.3530429999999996,
        1.9701410000000001,
        0.0,
        3.220144,
        1.9767860000000002,
        4.236639,
        3.8176219999999996,
        4.380911,
        1.748106,
        3.794883,
        3.8232150000000003
    ],
    [
        0.522833,
        0.242195,
        0.2576,
        1.066791,
        1.382062,
        1.186826,
        2.4432020000000003,
        2.403168,
        0.166019,
        2.2722919999999998,
        1.2536679999999998,
        3.220144,
        0.0,
        2.563824,
        1.2003810000000001,
        0.7339049999999999,
        2.519172,
        2.757425,
        0.657601,
        0.697286
    ],
    [
        2.948057,
        2.685247,
        2.740504,
        1.8152409999999999,
        1.630719,
        2.061381,
        2.246069,
        4.529693,
        2.653038,
        2.6017289999999997,
        1.894569,
        1.9767860000000002,
        2.563824,
        0.0,
        3.67065,
        3.001369,
        2.448143,
        0.321593,
        3.250636,
        3.094487
    ],
    [
        0.534602,
        1.2859,
        1.052775,
        2.328806,
        2.1153939999999998,
        2.304267,
        2.74188,
        2.346799,
        1.166199,
        2.580104,
        2.483422,
        4.236639,
        1.2003810000000001,
        3.67065,
        0.0,
        0.717423,
        2.730945,
        3.755076,
        0.715352,
        0.435679
    ],
    [
        0.45871100000000004,
        0.49991800000000003,
        0.6035130000000001,
        1.740492,
        1.372503,
        1.8605260000000001,
        2.301719,
        2.791637,
        0.87442,
        2.139943,
        1.927368,
        3.8176219999999996,
        0.7339049999999999,
        3.001369,
        0.717423,
        0.0,
        2.444571,
        3.442408,
        0.6106330000000001,
        0.278637
    ],
    [
        2.7999720000000003,
        2.5035659999999997,
        2.6629319999999996,
        2.599313,
        1.703298,
        2.833886,
        0.273509,
        4.863544,
        2.6910749999999997,
        0.21333600000000003,
        2.717192,
        4.380911,
        2.519172,
        2.448143,
        2.730945,
        2.444571,
        0.0,
        2.7621700000000002,
        2.779455,
        2.447459
    ],
    [
        3.141658,
        2.878848,
        2.9341060000000003,
        2.001592,
        1.8243209999999999,
        2.247732,
        2.488661,
        4.716044,
        2.846639,
        2.844321,
        2.080921,
        1.748106,
        2.757425,
        0.321593,
        3.755076,
        3.442408,
        2.7621700000000002,
        0.0,
        3.5445659999999997,
        3.493319
    ],
    [
        0.350614,
        0.6972889999999999,
        0.527817,
        1.7973320000000002,
        1.797617,
        1.8410090000000001,
        2.7268339999999998,
        2.309215,
        0.702941,
        2.565057,
        2.020164,
        3.794883,
        0.657601,
        3.250636,
        0.715352,
        0.6106330000000001,
        2.779455,
        3.5445659999999997,
        0.0,
        0.41036399999999995
    ],
    [
        0.244335,
        0.463298,
        0.593024,
        1.746084,
        1.465621,
        1.8661189999999999,
        2.394838,
        2.4375259999999996,
        0.863931,
        2.233061,
        1.932961,
        3.8232150000000003,
        0.697286,
        3.094487,
        0.435679,
        0.278637,
        2.447459,
        3.493319,
        0.41036399999999995,
        0.0
    ]
]