[
    [
        0.0,
        3.204493,
        1.8001500000000001,
        2.288701,
        1.966501,
        2.485763,
        1.5863720000000001,
        0.075404,
        2.078214,
        3.3199940000000003,
        0.071515,
        2.436086,
        3.54992,
        1.7727929999999998,
        2.002813,
        1.3308659999999999,
        1.696796,
        2.111793,
        2.307011
    ],
    [
        3.204493,
        0.0,
        1.864951,
        1.64078,
        1.437819,
        2.149647,
        2.079288,
        3.129089,
        1.198821,
        1.194493,
        3.241395,
        1.657083,
        0.833994,
        1.885661,
        1.744136,
        2.509477,
        1.649194,
        1.635156,
        0.88946
    ],
    [
        1.8001500000000001,
        1.864951,
        0.0,
        0.495199,
        1.0644749999999998,
        0.85809,
        0.213778,
        1.7247460000000001,
        0.715493,
        3.0223850000000003,
        1.837052,
        0.642583,
        1.814725,
        0.027357,
        0.522068,
        2.462875,
        0.683837,
        0.601226,
        1.396438
    ],
    [
        2.288701,
        1.64078,
        0.495199,
        0.0,
        1.308213,
        0.65036,
        0.70233,
        2.213297,
        0.811832,
        2.835841,
        2.325603,
        0.223413,
        1.247865,
        0.515909,
        0.646764,
        2.706614,
        1.0276310000000002,
        0.7188640000000001,
        1.275339
    ],
    [
        1.966501,
        1.437819,
        1.0644749999999998,
        1.308213,
        0.0,
        1.8007739999999999,
        0.86445,
        1.891097,
        0.456347,
        1.95791,
        2.003403,
        1.337156,
        1.783246,
        1.050871,
        0.695769,
        1.426979,
        0.419748,
        0.80475,
        0.540337
    ],
    [
        2.485763,
        2.149647,
        0.85809,
        0.65036,
        1.8007739999999999,
        0.0,
        1.065221,
        2.410359,
        1.298429,
        3.344709,
        2.522665,
        0.873773,
        1.8982260000000002,
        0.8787999999999999,
        1.105005,
        3.206544,
        1.41799,
        1.184163,
        1.784207
    ],
    [
        1.5863720000000001,
        2.079288,
        0.213778,
        0.70233,
        0.86445,
        1.065221,
        0.0,
        1.510968,
        0.718749,
        2.808606,
        1.6232739999999999,
        0.8497140000000001,
        2.021855,
        0.186421,
        0.49550099999999997,
        2.249098,
        0.470059,
        0.598641,
        1.18266
    ],
    [
        0.075404,
        3.129089,
        1.7247460000000001,
        2.213297,
        1.891097,
        2.410359,
        1.510968,
        0.0,
        2.0028099999999998,
        3.24459,
        0.112306,
        2.3606819999999997,
        3.474516,
        1.6973889999999998,
        1.9274090000000001,
        1.255462,
        1.621392,
        2.036389,
        2.231607
    ],
    [
        2.078214,
        1.198821,
        0.715493,
        0.811832,
        0.456347,
        1.298429,
        0.718749,
        2.0028099999999998,
        0.0,
        2.3633249999999997,
        2.115116,
        0.841945,
        1.511985,
        0.5148809999999999,
        0.223247,
        1.854748,
        0.5197459999999999,
        0.114267,
        0.654103
    ],
    [
        3.3199940000000003,
        1.194493,
        3.0223850000000003,
        2.835841,
        1.95791,
        3.344709,
        2.808606,
        3.24459,
        2.3633249999999997,
        0.0,
        3.2676,
        2.8411239999999998,
        2.00282,
        3.008781,
        2.653679,
        2.03723,
        2.377658,
        2.762659,
        1.785768
    ],
    [
        0.071515,
        3.241395,
        1.837052,
        2.325603,
        2.003403,
        2.522665,
        1.6232739999999999,
        0.112306,
        2.115116,
        3.2676,
        0.0,
        2.472988,
        3.586822,
        1.8096949999999998,
        2.0397149999999997,
        1.278472,
        1.7336980000000002,
        2.148695,
        2.343913
    ],
    [
        2.436086,
        1.657083,
        0.642583,
        0.223413,
        1.337156,
        0.873773,
        0.8497140000000001,
        2.3606819999999997,
        0.841945,
        2.8411239999999998,
        2.472988,
        0.0,
        1.130596,
        0.696773,
        0.663068,
        2.722917,
        1.043489,
        0.735167,
        1.291643
    ],
    [
        3.54992,
        0.833994,
        1.814725,
        1.247865,
        1.783246,
        1.8982260000000002,
        2.021855,
        3.474516,
        1.511985,
        2.00282,
        3.586822,
        1.130596,
        0.0,
        1.855035,
        1.701854,
        3.043677,
        1.9938710000000002,
        1.5928740000000001,
        1.4236600000000001
    ],
    [
        1.7727929999999998,
        1.885661,
        0.027357,
        0.515909,
        1.050871,
        0.8787999999999999,
        0.186421,
        1.6973889999999998,
        0.5148809999999999,
        3.008781,
        1.8096949999999998,
        0.696773,
        1.855035,
        0.0,
        0.542778,
        2.4355189999999998,
        0.6564800000000001,
        0.621936,
        1.3690820000000001
    ],
    [
        2.002813,
        1.744136,
        0.522068,
        0.646764,
        0.695769,
        1.105005,
        0.49550099999999997,
        1.9274090000000001,
        0.223247,
        2.653679,
        2.0397149999999997,
        0.663068,
        1.701854,
        0.542778,
        0.0,
        2.100762,
        0.380421,
        0.108981,
        1.015992
    ],
    [
        1.3308659999999999,
        2.509477,
        2.462875,
        2.706614,
        1.426979,
        3.206544,
        2.249098,
        1.255462,
        1.854748,
        2.03723,
        1.278472,
        2.722917,
        3.043677,
        2.4355189999999998,
        2.100762,
        0.0,
        1.8181489999999998,
        2.2031509999999996,
        1.7171969999999999
    ],
    [
        1.696796,
        1.649194,
        0.683837,
        1.0276310000000002,
        0.419748,
        1.41799,
        0.470059,
        1.621392,
        0.5197459999999999,
        2.377658,
        1.7336980000000002,
        1.043489,
        1.9938710000000002,
        0.6564800000000001,
        0.380421,
        1.8181489999999998,
        0.0,
        0.489847,
        0.7517119999999999
    ],
    [
        2.111793,
        1.635156,
        0.601226,
        0.7188640000000001,
        0.80475,
        1.184163,
        0.598641,
        2.036389,
        0.114267,
        2.762659,
        2.148695,
        0.735167,
        1.5928740000000001,
        0.621936,
        0.108981,
        2.2031509999999996,
        0.489847,
        0.0,
        1.124973
    ],
    [
        2.307011,
        0.88946,
        1.396438,
        1.275339,
        0.540337,
        1.784207,
        1.18266,
        2.231607,
        0.654103,
        1.785768,
        2.343913,
        1.291643,
        1.4236600000000001,
        1.3690820000000001,
        1.015992,
        1.7171969999999999,
        0.7517119999999999,
        1.124973,
        0.0
    ]
]