[
  [
    0.0, 0.620765, 0.125636, 0.387455, 0.066116, 0.077133, 1.182015, 0.23764,
    1.1005239999999998, 0.41199, 0.7622190000000001, 1.3844100000000001,
    0.36574599999999996, 0.301652, 1.5220019999999999, 0.61651, 0.612857,
    0.513281, 0.34463900000000003, 1.03844, 0.559114, 0.185001,
    0.49581200000000003, 0.51427, 0.36608300000000005, 1.1885109999999999,
    0.456385, 0.714285, 0.665556, 0.640624, 0.69271, 0.159795, 0.848179,
    1.78563, 0.278134, 0.40993599999999997, 0.428462, 0.104233, 0.671534,
    1.7480440000000002
  ],
  [
    0.620765, 0.0, 0.49512900000000004, 1.002038, 0.6016269999999999, 0.625414,
    1.632528, 0.383125, 1.0357319999999999, 0.454428, 1.3768019999999999,
    1.834923, 0.980329, 0.8499329999999999, 2.136585, 1.164791, 1.10754,
    1.061562, 0.959222, 1.488953, 0.059033999999999996, 0.43576299999999996,
    1.0440930000000002, 0.136733, 0.980666, 1.803094, 1.0709680000000001,
    1.262566, 1.280139, 1.1889049999999999, 1.3072929999999998, 0.624183,
    1.462761, 1.7208379999999999, 0.34263099999999996, 0.9825280000000001,
    1.043045, 0.7223809999999999, 1.286117, 2.142496
  ],
  [
    0.125636, 0.49512900000000004, 0.0, 0.513091, 0.184271, 0.202769, 1.351517,
    0.112004, 1.069783, 0.286354, 0.8878550000000001, 1.553912, 0.491382,
    0.427288, 1.647638, 0.742146, 0.7384930000000001, 0.6389170000000001,
    0.470275, 1.207942, 0.461687, 0.059365, 0.621448, 0.388633,
    0.49172000000000005, 1.314147, 0.582021, 0.839921, 0.791192,
    0.7662599999999999, 0.818346, 0.129054, 0.9738150000000001, 1.754889,
    0.152498, 0.535572, 0.554098, 0.229869, 0.7971699999999999, 1.862212
  ],
  [
    0.387455, 1.002038, 0.513091, 0.0, 0.400412, 0.411429, 0.792625,
    0.6250950000000001, 1.3673520000000001, 0.799446, 0.510677, 0.952817,
    0.11839100000000001, 0.426618, 1.1356400000000002, 0.446261, 0.361315,
    0.485086, 0.042816, 0.649049, 0.9430040000000001, 0.572456, 0.454361,
    0.901725, 0.08478100000000001, 0.802149, 0.204843, 0.478108, 0.414014,
    0.490282, 0.441169, 0.54725, 0.39268200000000003, 1.8751929999999999,
    0.6655890000000001, 0.388293, 0.46286099999999997, 0.283222, 0.20544,
    1.658163
  ],
  [
    0.066116, 0.6016269999999999, 0.184271, 0.400412, 0.0, 0.023787, 1.194971,
    0.296274, 1.159158, 0.470625, 0.7751760000000001, 1.3973659999999999,
    0.37870299999999996, 0.248306, 1.534958, 0.563164, 0.5059130000000001,
    0.45993599999999996, 0.357596, 1.051396, 0.542592, 0.243636, 0.442466,
    0.572904, 0.37904000000000004, 1.201467, 0.469341, 0.6609400000000001,
    0.6785119999999999, 0.587278, 0.705667, 0.21843, 0.861135, 1.844265,
    0.33676799999999996, 0.42289299999999996, 0.441419, 0.11719, 0.68449,
    1.783199
  ],
  [
    0.077133, 0.625414, 0.202769, 0.411429, 0.023787, 0.0, 1.205988, 0.314773,
    1.177657, 0.489123, 0.786192, 1.408383, 0.389719, 0.254004,
    1.5459749999999999, 0.568862, 0.511611, 0.46563299999999996, 0.368613,
    1.062413, 0.566379, 0.26213400000000003, 0.448164, 0.5914020000000001,
    0.39005700000000004, 1.212484, 0.480358, 0.6666369999999999, 0.689529,
    0.592976, 0.716684, 0.236928, 0.872152, 1.862763, 0.355267, 0.433909,
    0.452435, 0.128207, 0.695507, 1.7942159999999998
  ],
  [
    1.182015, 1.632528, 1.351517, 0.792625, 1.194971, 1.205988, 0.0, 1.376836,
    0.829324, 1.178101, 1.144456, 0.226655, 1.126202, 1.208156, 0.73262,
    1.192087, 1.1071410000000002, 1.2897480000000001, 0.835441, 0.207148,
    1.622671, 1.358776, 1.272279, 1.526033, 1.126539, 0.9478920000000001,
    0.964662, 1.148464, 0.9416749999999999, 0.886358, 1.0665850000000001,
    1.2224629999999999, 0.814849, 1.269148, 1.336341, 0.7720779999999999,
    0.859763, 1.1225150000000002, 0.7671, 1.059538
  ],
  [
    0.23764, 0.383125, 0.112004, 0.6250950000000001, 0.296274, 0.314773,
    1.376836, 0.0, 1.021522, 0.19873500000000002, 0.999859, 1.57923, 0.603386,
    0.539292, 1.759641, 0.85415, 0.850496, 0.7509210000000001, 0.582279,
    1.23326, 0.373268, 0.052638, 0.733452, 0.27663, 0.603723, 1.42615, 0.694024,
    0.9519249999999999, 0.903196, 0.878263, 0.93035, 0.241058, 1.085818,
    1.706628, 0.040494, 0.647576, 0.666102, 0.341873, 0.909173, 1.88753
  ],
  [
    1.1005239999999998, 1.0357319999999999, 1.069783, 1.3673520000000001,
    1.159158, 1.177657, 0.829324, 1.021522, 0.0, 0.896366, 1.745831,
    1.1065260000000001, 1.349358, 1.3163820000000002, 1.561944, 1.63124,
    1.5961500000000002, 1.528011, 1.328251, 1.036472, 1.080614,
    1.0741610000000001, 1.5105419999999998, 0.910785, 1.3496949999999999,
    1.777215, 1.439996, 1.7290150000000002, 1.6491669999999998, 1.154987,
    1.6763219999999999, 0.940729, 1.407454, 0.712865, 0.981028, 0.900605,
    1.011747, 1.172986, 1.220213, 1.100972
  ],
  [
    0.41199, 0.454428, 0.286354, 0.799446, 0.470625, 0.489123, 1.178101,
    0.19873500000000002, 0.896366, 0.0, 1.17421, 1.3804960000000002, 0.777737,
    0.713643, 1.773115, 1.0285009999999999, 1.024847, 0.9252720000000001,
    0.75663, 1.0345250000000001, 0.44457100000000005, 0.251373, 0.907802,
    0.347933, 0.7780739999999999, 1.600501, 0.868375, 1.126276, 1.077547,
    0.782482, 1.104701, 0.307751, 1.03495, 1.566293, 0.15824100000000002,
    0.528101, 0.639242, 0.516224, 0.847708, 1.688795
  ],
  [
    0.7622190000000001, 1.3768019999999999, 0.8878550000000001, 0.510677,
    0.7751760000000001, 0.786192, 1.144456, 0.999859, 1.745831, 1.17421, 0.0,
    1.307938, 0.49680399999999997, 0.45936099999999996, 1.231114, 0.13436,
    0.18503899999999998, 0.308809, 0.357711, 1.067518, 1.207617,
    0.8370700000000001, 0.215363, 1.1663379999999999, 0.497142,
    0.8976230000000001, 0.24141200000000002, 0.137987, 0.374668,
    0.6371509999999999, 0.288772, 0.811864, 0.5572910000000001, 2.264072,
    0.930203, 0.794986, 0.727475, 0.5478350000000001, 0.379253, 2.113374
  ],
  [
    1.3844100000000001, 1.834923, 1.553912, 0.952817, 1.3973659999999999,
    1.408383, 0.226655, 1.57923, 1.1065260000000001, 1.3804960000000002,
    1.307938, 0.0, 1.328597, 1.41055, 0.775237, 1.394482, 1.309536, 1.492143,
    1.037836, 0.410018, 1.825066, 1.561171, 1.474673, 1.728428, 1.328934,
    0.989621, 1.167057, 1.3513330000000001, 1.144544, 1.0887529999999999,
    1.269455, 1.424858, 1.017719, 1.112877, 1.538736, 0.9744729999999999,
    1.062158, 1.32491, 0.969495, 0.865775
  ],
  [
    0.36574599999999996, 0.980329, 0.491382, 0.11839100000000001,
    0.37870299999999996, 0.389719, 1.126202, 0.603386, 1.349358, 0.777737,
    0.49680399999999997, 1.328597, 0.0, 0.404909, 1.366737, 0.542539, 0.457592,
    0.5813630000000001, 0.15749000000000002, 0.982626, 0.921295, 0.550747,
    0.550639, 0.8800159999999999, 0.03361, 1.033246, 0.30112, 0.574385,
    0.510292, 0.5856549999999999, 0.537446, 0.525541, 0.692914, 1.977749,
    0.64388, 0.508663, 0.441152, 0.261513, 0.516269, 1.826946
  ],
  [
    0.301652, 0.8499329999999999, 0.427288, 0.426618, 0.248306, 0.254004,
    1.208156, 0.539292, 1.3163820000000002, 0.713643, 0.45936099999999996,
    1.41055, 0.404909, 0.0, 1.561164, 0.355636, 0.338099, 0.29212099999999996,
    0.38380200000000003, 1.0645799999999999, 0.790899, 0.486653, 0.284755,
    0.815922, 0.405246, 1.227673, 0.495547, 0.453411, 0.7047190000000001,
    0.41946300000000003, 0.731873, 0.461447, 0.887341, 1.948488,
    0.5797859999999999, 0.49315699999999996, 0.43301, 0.22853700000000002,
    0.710696, 1.821575
  ],
  [
    1.5220019999999999, 2.136585, 1.647638, 1.1356400000000002, 1.534958,
    1.5459749999999999, 0.73262, 1.759641, 1.561944, 1.773115, 1.231114,
    0.775237, 1.366737, 1.561164, 0.0, 1.276848, 1.191902, 1.315673, 1.227644,
    0.758096, 2.07755, 1.7070029999999998, 1.2849480000000002, 2.036271,
    1.367075, 0.402291, 1.111345, 1.0954739999999998, 0.856446,
    1.4813720000000001, 1.013595, 1.681797, 0.956308, 1.855222, 1.800136,
    1.3670930000000001, 1.454777, 1.417769, 0.997351, 1.60812
  ],
  [
    0.61651, 1.164791, 0.742146, 0.446261, 0.563164, 0.568862, 1.192087,
    0.85415, 1.63124, 1.0285009999999999, 0.13436, 1.394482, 0.542539, 0.355636,
    1.276848, 0.0, 0.135994, 0.24867599999999998, 0.403445, 1.113252, 1.128324,
    0.824078, 0.15912, 1.153347, 0.542876, 0.943357, 0.287146, 0.12841,
    0.420402, 0.530149, 0.233106, 0.798873, 0.6030249999999999, 2.223403,
    0.917211, 0.84072, 0.7732089999999999, 0.543395, 0.424987,
    2.0063720000000003
  ],
  [
    0.612857, 1.10754, 0.7384930000000001, 0.361315, 0.5059130000000001,
    0.511611, 1.1071410000000002, 0.850496, 1.5961500000000002, 1.024847,
    0.18503899999999998, 1.309536, 0.457592, 0.338099, 1.191902, 0.135994, 0.0,
    0.123771, 0.31849900000000003, 1.028306, 1.0806310000000001, 0.797858,
    0.093046, 1.127126, 0.45793, 0.8584109999999999, 0.2022, 0.282474,
    0.33545600000000003, 0.472922, 0.24956, 0.772652, 0.518079, 2.166176,
    0.890991, 0.755773, 0.6882630000000001, 0.5086229999999999, 0.341434,
    1.949145
  ],
  [
    0.513281, 1.061562, 0.6389170000000001, 0.485086, 0.45993599999999996,
    0.46563299999999996, 1.2897480000000001, 0.7509210000000001, 1.528011,
    0.9252720000000001, 0.308809, 1.492143, 0.5813630000000001,
    0.29212099999999996, 1.315673, 0.24867599999999998, 0.123771, 0.0, 0.44227,
    1.146172, 1.034653, 0.7304080000000001, 0.18882400000000002,
    1.0596759999999998, 0.445042, 0.982182, 0.325971, 0.37825200000000003,
    0.459227, 0.426944, 0.37333, 0.705202, 0.641849, 2.120198,
    0.8235410000000001, 0.657701, 0.676765, 0.472291, 0.465204,
    1.9031669999999998
  ],
  [
    0.34463900000000003, 0.959222, 0.470275, 0.042816, 0.357596, 0.368613,
    0.835441, 0.582279, 1.328251, 0.75663, 0.357711, 1.037836,
    0.15749000000000002, 0.38380200000000003, 1.227644, 0.403445,
    0.31849900000000003, 0.44227, 0.0, 0.6918650000000001, 0.900188,
    0.5296409999999999, 0.411545, 0.858909, 0.127597, 0.894153,
    0.16202699999999998, 0.43529199999999996, 0.371198, 0.533098, 0.398353,
    0.504435, 0.435497, 1.918009, 0.622773, 0.487556, 0.420045, 0.240406,
    0.248256, 1.700979
  ],
  [
    1.03844, 1.488953, 1.207942, 0.649049, 1.051396, 1.062413, 0.207148,
    1.23326, 1.036472, 1.0345250000000001, 1.067518, 0.410018, 0.982626,
    1.0645799999999999, 0.758096, 1.113252, 1.028306, 1.146172,
    0.6918650000000001, 0.0, 1.479096, 1.2152, 1.128703, 1.3824580000000002,
    0.9829640000000001, 0.823517, 0.8081799999999999, 0.9558390000000001,
    0.74905, 0.742783, 0.8739600000000001, 1.0788879999999998, 0.622224,
    1.490003, 1.192766, 0.628503, 0.7161879999999999, 0.97894, 0.623524,
    1.242901
  ],
  [
    0.559114, 0.059033999999999996, 0.461687, 0.9430040000000001, 0.542592,
    0.566379, 1.622671, 0.373268, 1.080614, 0.44457100000000005, 1.207617,
    1.825066, 0.921295, 0.790899, 2.07755, 1.128324, 1.0806310000000001,
    1.034653, 0.900188, 1.479096, 0.0, 0.425906, 0.985058, 0.181615,
    0.9216319999999999, 1.744059, 1.011933, 1.2035319999999998, 1.221104,
    1.12987, 1.248259, 0.590742, 1.4037270000000002, 1.76572, 0.332774,
    0.9726710000000001, 0.984011, 0.6597820000000001, 1.227082, 2.133365
  ],
  [
    0.185001, 0.43576299999999996, 0.059365, 0.572456, 0.243636,
    0.26213400000000003, 1.358776, 0.052638, 1.0741610000000001, 0.251373,
    0.8370700000000001, 1.561171, 0.550747, 0.486653, 1.7070029999999998,
    0.824078, 0.797858, 0.7304080000000001, 0.5296409999999999, 1.2152,
    0.425906, 0.0, 0.680813, 0.32926799999999995, 0.551085, 1.3735119999999998,
    0.641386, 0.8992859999999999, 0.850557, 0.825625, 0.8777119999999999,
    0.188419, 1.03318, 1.7592670000000001, 0.093133, 0.594937, 0.613463,
    0.289235, 0.8565349999999999, 1.86947
  ],
  [
    0.49581200000000003, 1.0440930000000002, 0.621448, 0.454361, 0.442466,
    0.448164, 1.272279, 0.733452, 1.5105419999999998, 0.907802, 0.215363,
    1.474673, 0.550639, 0.284755, 1.2849480000000002, 0.15912, 0.093046,
    0.18882400000000002, 0.411545, 1.128703, 0.985058, 0.680813, 0.0, 1.042207,
    0.427573, 0.951457, 0.295246, 0.260173, 0.428502, 0.40947500000000003,
    0.342606, 0.6877329999999999, 0.611125, 2.1027289999999996, 0.806071,
    0.640231, 0.6592960000000001, 0.454822, 0.43448000000000003, 1.885698
  ],
  [
    0.51427, 0.136733, 0.388633, 0.901725, 0.572904, 0.5914020000000001,
    1.526033, 0.27663, 0.910785, 0.347933, 1.1663379999999999, 1.728428,
    0.8800159999999999, 0.815922, 2.036271, 1.153347, 1.127126,
    1.0596759999999998, 0.858909, 1.3824580000000002, 0.181615,
    0.32926799999999995, 1.042207, 0.0, 0.8803529999999999, 1.70278, 0.970654,
    1.228555, 1.1798250000000001, 1.130415, 1.20698, 0.517688, 1.362448,
    1.5958910000000002, 0.23613599999999998, 0.8760330000000001, 0.942732,
    0.618503, 1.1858030000000002, 2.017549
  ],
  [
    0.36608300000000005, 0.980666, 0.49172000000000005, 0.08478100000000001,
    0.37904000000000004, 0.39005700000000004, 1.126539, 0.603723,
    1.3496949999999999, 0.7780739999999999, 0.497142, 1.328934, 0.03361,
    0.405246, 1.367075, 0.542876, 0.45793, 0.445042, 0.127597,
    0.9829640000000001, 0.9216319999999999, 0.551085, 0.427573,
    0.8803529999999999, 0.0, 1.033584, 0.301458, 0.574722, 0.510629, 0.585992,
    0.537783, 0.525879, 0.693252, 1.978086, 0.644217, 0.509,
    0.44148899999999996, 0.26185, 0.5166069999999999, 1.827283
  ],
  [
    1.1885109999999999, 1.803094, 1.314147, 0.802149, 1.201467, 1.212484,
    0.9478920000000001, 1.42615, 1.777215, 1.600501, 0.8976230000000001,
    0.989621, 1.033246, 1.227673, 0.402291, 0.943357, 0.8584109999999999,
    0.982182, 0.894153, 0.823517, 1.744059, 1.3735119999999998, 0.951457,
    1.70278, 1.033584, 0.0, 0.777854, 0.761983, 0.5229550000000001,
    1.0614649999999999, 0.680104, 1.348306, 0.622817, 2.070494, 1.466645,
    0.959477, 1.263917, 1.084277, 0.66386, 1.8233920000000001
  ],
  [
    0.456385, 1.0709680000000001, 0.582021, 0.204843, 0.469341, 0.480358,
    0.964662, 0.694024, 1.439996, 0.868375, 0.24141200000000002, 1.167057,
    0.30112, 0.495547, 1.111345, 0.287146, 0.2022, 0.325971,
    0.16202699999999998, 0.8081799999999999, 1.011933, 0.641386, 0.295246,
    0.970654, 0.301458, 0.777854, 0.0, 0.31899299999999997, 0.254899, 0.675122,
    0.28205399999999997, 0.61618, 0.43752199999999997, 2.068388, 0.734519,
    0.599302, 0.531791, 0.352151, 0.19895500000000002, 1.8302
  ],
  [
    0.714285, 1.262566, 0.839921, 0.478108, 0.6609400000000001,
    0.6666369999999999, 1.148464, 0.9519249999999999, 1.7290150000000002,
    1.126276, 0.137987, 1.3513330000000001, 0.574385, 0.453411,
    1.0954739999999998, 0.12841, 0.282474, 0.37825200000000003,
    0.43529199999999996, 0.9558390000000001, 1.2035319999999998,
    0.8992859999999999, 0.260173, 1.228555, 0.574722, 0.761983,
    0.31899299999999997, 0.0, 0.26299, 0.631201, 0.104695, 0.896648, 0.445613,
    2.324456, 1.014986, 0.8725660000000001, 0.805055, 0.6254160000000001,
    0.458227, 2.107425
  ],
  [
    0.665556, 1.280139, 0.791192, 0.414014, 0.6785119999999999, 0.689529,
    0.9416749999999999, 0.903196, 1.6491669999999998, 1.077547, 0.374668,
    1.144544, 0.510292, 0.7047190000000001, 0.856446, 0.420402,
    0.33545600000000003, 0.459227, 0.371198, 0.74905, 1.221104, 0.850557,
    0.428502, 1.1798250000000001, 0.510629, 0.5229550000000001, 0.254899,
    0.26299, 0.0, 0.808378, 0.181111, 0.825351, 0.238823, 2.224529, 0.94369,
    0.808473, 0.740962, 0.561323, 0.39413299999999996, 1.9774269999999998
  ],
  [
    0.640624, 1.1889049999999999, 0.7662599999999999, 0.490282, 0.587278,
    0.592976, 0.886358, 0.878263, 1.154987, 0.782482, 0.6371509999999999,
    1.0887529999999999, 0.5856549999999999, 0.41946300000000003,
    1.4813720000000001, 0.530149, 0.472922, 0.426944, 0.533098, 0.742783,
    1.12987, 0.825625, 0.40947500000000003, 1.130415, 0.585992,
    1.0614649999999999, 0.675122, 0.631201, 0.808378, 0.0, 0.722481, 0.832544,
    0.6519980000000001, 1.753214, 0.950883, 0.297542, 0.385226, 0.599634,
    0.46475700000000003, 1.536183
  ],
  [
    0.69271, 1.3072929999999998, 0.818346, 0.441169, 0.705667, 0.716684,
    1.0665850000000001, 0.93035, 1.6763219999999999, 1.104701, 0.288772,
    1.269455, 0.537446, 0.731873, 1.013595, 0.233106, 0.24956, 0.37333,
    0.398353, 0.8739600000000001, 1.248259, 0.8777119999999999, 0.342606,
    1.20698, 0.537783, 0.680104, 0.28205399999999997, 0.104695, 0.181111,
    0.722481, 0.0, 0.852506, 0.363734, 2.34944, 0.970844, 0.8356269999999999,
    0.768116, 0.588477, 0.421288, 2.102338
  ],
  [
    0.159795, 0.624183, 0.129054, 0.54725, 0.21843, 0.236928,
    1.2224629999999999, 0.241058, 0.940729, 0.307751, 0.811864, 1.424858,
    0.525541, 0.461447, 1.681797, 0.798873, 0.772652, 0.705202, 0.504435,
    1.0788879999999998, 0.590742, 0.188419, 0.6877329999999999, 0.517688,
    0.525879, 1.348306, 0.61618, 0.896648, 0.825351, 0.832544, 0.852506, 0.0,
    1.0079740000000001, 1.6258350000000001, 0.281552, 0.5648289999999999,
    0.5882569999999999, 0.264029, 0.831329, 1.7331569999999998
  ],
  [
    0.848179, 1.462761, 0.9738150000000001, 0.39268200000000003, 0.861135,
    0.872152, 0.814849, 1.085818, 1.407454, 1.03495, 0.5572910000000001,
    1.017719, 0.692914, 0.887341, 0.956308, 0.6030249999999999, 0.518079,
    0.641849, 0.435497, 0.622224, 1.4037270000000002, 1.03318, 0.611125,
    1.362448, 0.693252, 0.622817, 0.43752199999999997, 0.445613, 0.238823,
    0.6519980000000001, 0.363734, 1.0079740000000001, 0.0, 2.0977040000000002,
    1.129311, 0.550009, 0.637694, 0.7469439999999999, 0.254393, 1.850602
  ],
  [
    1.78563, 1.7208379999999999, 1.754889, 1.8751929999999999, 1.844265,
    1.862763, 1.269148, 1.706628, 0.712865, 1.566293, 2.264072, 1.112877,
    1.977749, 1.948488, 1.855222, 2.223403, 2.166176, 2.120198, 1.918009,
    1.490003, 1.76572, 1.7592670000000001, 2.1027289999999996,
    1.5958910000000002, 1.978086, 2.070494, 2.068388, 2.324456, 2.224529,
    1.753214, 2.34944, 1.6258350000000001, 2.0977040000000002, 0.0, 1.666134,
    1.532711, 1.643853, 1.8050920000000001, 1.8496679999999999,
    0.6389579999999999
  ],
  [
    0.278134, 0.34263099999999996, 0.152498, 0.6655890000000001,
    0.33676799999999996, 0.355267, 1.336341, 0.040494, 0.981028,
    0.15824100000000002, 0.930203, 1.538736, 0.64388, 0.5797859999999999,
    1.800136, 0.917211, 0.890991, 0.8235410000000001, 0.622773, 1.192766,
    0.332774, 0.093133, 0.806071, 0.23613599999999998, 0.644217, 1.466645,
    0.734519, 1.014986, 0.94369, 0.950883, 0.970844, 0.281552, 1.129311,
    1.666134, 0.0, 0.686342, 0.706596, 0.382367, 0.949668, 1.8470360000000001
  ],
  [
    0.40993599999999997, 0.9825280000000001, 0.535572, 0.388293,
    0.42289299999999996, 0.433909, 0.7720779999999999, 0.647576, 0.900605,
    0.528101, 0.794986, 0.9744729999999999, 0.508663, 0.49315699999999996,
    1.3670930000000001, 0.84072, 0.755773, 0.657701, 0.487556, 0.628503,
    0.9726710000000001, 0.594937, 0.640231, 0.8760330000000001, 0.509, 0.959477,
    0.599302, 0.8725660000000001, 0.808473, 0.297542, 0.8356269999999999,
    0.5648289999999999, 0.550009, 1.532711, 0.686342, 0.0, 0.140186, 0.350437,
    0.362768, 1.405855
  ],
  [
    0.428462, 1.043045, 0.554098, 0.46286099999999997, 0.441419, 0.452435,
    0.859763, 0.666102, 1.011747, 0.639242, 0.727475, 1.062158, 0.441152,
    0.43301, 1.454777, 0.7732089999999999, 0.6882630000000001, 0.676765,
    0.420045, 0.7161879999999999, 0.984011, 0.613463, 0.6592960000000001,
    0.942732, 0.44148899999999996, 1.263917, 0.531791, 0.805055, 0.740962,
    0.385226, 0.768116, 0.5882569999999999, 0.637694, 1.643853, 0.706596,
    0.140186, 0.0, 0.289615, 0.413723, 1.523011
  ],
  [
    0.104233, 0.7223809999999999, 0.229869, 0.283222, 0.11719, 0.128207,
    1.1225150000000002, 0.341873, 1.172986, 0.516224, 0.5478350000000001,
    1.32491, 0.261513, 0.22853700000000002, 1.417769, 0.543395,
    0.5086229999999999, 0.472291, 0.240406, 0.97894, 0.6597820000000001,
    0.289235, 0.454822, 0.618503, 0.26185, 1.084277, 0.352151,
    0.6254160000000001, 0.561323, 0.599634, 0.588477, 0.264029,
    0.7469439999999999, 1.8050920000000001, 0.382367, 0.350437, 0.289615, 0.0,
    0.5672999999999999, 1.73854
  ],
  [
    0.671534, 1.286117, 0.7971699999999999, 0.20544, 0.68449, 0.695507, 0.7671,
    0.909173, 1.220213, 0.847708, 0.379253, 0.969495, 0.516269, 0.710696,
    0.997351, 0.424987, 0.341434, 0.465204, 0.248256, 0.623524, 1.227082,
    0.8565349999999999, 0.43448000000000003, 1.1858030000000002,
    0.5166069999999999, 0.66386, 0.19895500000000002, 0.458227,
    0.39413299999999996, 0.46475700000000003, 0.421288, 0.831329, 0.254393,
    1.8496679999999999, 0.949668, 0.362768, 0.413723, 0.5672999999999999, 0.0,
    1.6326379999999998
  ],
  [
    1.7480440000000002, 2.142496, 1.862212, 1.658163, 1.783199,
    1.7942159999999998, 1.059538, 1.88753, 1.100972, 1.688795, 2.113374,
    0.865775, 1.826946, 1.821575, 1.60812, 2.0063720000000003, 1.949145,
    1.9031669999999998, 1.700979, 1.242901, 2.133365, 1.86947, 1.885698,
    2.017549, 1.827283, 1.8233920000000001, 1.8302, 2.107425,
    1.9774269999999998, 1.536183, 2.102338, 1.7331569999999998, 1.850602,
    0.6389579999999999, 1.8470360000000001, 1.405855, 1.523011, 1.73854,
    1.6326379999999998, 0.0
  ]
]
