[
  [
    0.0, 0.20301499999999997, 0.8600209999999999, 0.662404, 1.3180560000000001,
    1.086647, 0.39948, 1.535538, 0.818117, 0.565528, 1.863364, 1.054649,
    0.28700400000000004, 0.909116, 0.26884399999999997, 1.3541010000000002,
    0.327639, 1.6975019999999998, 0.735341, 2.0842289999999997, 1.983847,
    0.267903, 0.11087999999999999, 1.346402, 1.696685, 0.9007999999999999,
    0.694029, 0.420757, 0.832569, 1.802602, 0.5844170000000001,
    1.1167360000000002, 1.4103679999999998, 0.6094579999999999, 0.232154,
    0.78304, 1.062173, 0.982346, 1.044661, 1.11007
  ],
  [
    0.20301499999999997, 0.0, 0.975501, 0.459904, 1.4335360000000001,
    1.2896610000000002, 0.613716, 1.649916, 0.933597, 0.364714, 1.941232,
    1.257664, 0.40248500000000004, 1.11213, 0.441875, 1.557115,
    0.44311900000000004, 1.900517, 0.850822, 2.198607, 2.08898, 0.470918,
    0.307471, 1.5609570000000001, 1.783021, 0.865306, 0.908264, 0.623772,
    1.035584, 2.005616, 0.785014, 1.319751, 1.525849, 0.812473, 0.432752,
    0.9860549999999999, 1.148265, 1.18536, 1.247676, 1.324306
  ],
  [
    0.8600209999999999, 0.975501, 0.0, 1.437238, 0.48480399999999996, 1.246783,
    0.841418, 0.6832079999999999, 0.041904000000000004, 1.342646, 0.992499,
    1.0720889999999998, 0.619341, 1.0692519999999999, 0.769413,
    1.0457850000000002, 0.534729, 1.744355, 0.363879, 1.2319, 1.112982,
    0.853973, 0.980481, 1.632711, 0.8827, 1.81695, 1.09604, 0.726337, 0.850008,
    1.530052, 1.090452, 1.134175, 0.558038, 0.908201, 0.9368350000000001,
    0.577022, 0.507544, 0.9997849999999999, 1.08719, 1.4793699999999999
  ],
  [
    0.662404, 0.459904, 1.437238, 0.0, 1.814443, 1.6707919999999998,
    0.9252910000000001, 1.9902449999999998, 1.392987, 0.195665, 2.400622,
    1.717054, 0.793414, 1.493261, 0.9012640000000001, 2.016505, 0.902509,
    2.281648, 1.310211, 2.538936, 2.42931, 0.810304, 0.752223, 1.952521,
    2.12335, 0.530068, 1.2198399999999998, 1.083161, 1.494974, 2.284011,
    1.097876, 1.779141, 1.8624939999999999, 1.193604, 0.745614, 1.445444,
    1.607655, 1.64475, 1.6288070000000001, 1.6358810000000001
  ],
  [
    1.3180560000000001, 1.4335360000000001, 0.48480399999999996, 1.814443, 0.0,
    1.373939, 1.184694, 0.457814, 0.526708, 1.682874, 0.718401, 1.079273,
    1.07503, 1.196408, 1.2251020000000001, 0.7868809999999999, 0.990417,
    1.5290270000000001, 0.662698, 0.978031, 0.6473390000000001, 1.210443,
    1.3843789999999998, 1.929766, 0.819458, 2.177414, 1.3930960000000001,
    0.969225, 0.977164, 1.271148, 1.433729, 1.2613299999999998, 0.075057,
    1.136869, 1.2789439999999999, 0.709044, 0.515821, 1.12694, 1.214345,
    1.591694
  ],
  [
    1.086647, 1.2896610000000002, 1.246783, 1.6707919999999998, 1.373939, 0.0,
    0.595425, 1.422903, 0.926239, 1.436426, 1.258684, 0.26129,
    0.9018379999999999, 0.326392, 1.0519100000000001, 0.560211, 0.82966,
    1.114779, 0.7471599999999999, 1.950317, 1.5219269999999998, 0.69136,
    0.8652949999999999, 0.9783970000000001, 1.680926, 1.682432, 0.760341,
    0.450141, 0.107148, 1.008712, 0.9146449999999999, 0.472753, 1.043778,
    0.513561, 0.75986, 0.29925, 0.5216029999999999, 0.338362,
    0.34432999999999997, 0.721678
  ],
  [
    0.39948, 0.613716, 0.841418, 0.9252910000000001, 1.184694, 0.595425, 0.0,
    1.58808, 0.8833730000000001, 0.9447989999999999, 1.695683, 0.78826,
    0.686484, 0.567832, 0.6683239999999999, 1.087711, 0.7271190000000001,
    1.356219, 0.71541, 2.136771, 1.816166, 0.146124, 0.306245,
    0.9475979999999999, 1.8079770000000002, 1.12028, 0.29441, 0.253075,
    0.522605, 1.3585820000000002, 0.348138, 0.8593390000000001, 1.275865,
    0.26817399999999997, 0.197793, 0.615359, 0.894491, 0.724949,
    0.7033769999999999, 0.710452
  ],
  [
    1.535538, 1.649916, 0.6832079999999999, 1.9902449999999998, 0.457814,
    1.422903, 1.58808, 0.0, 0.677365, 1.861896, 1.176215, 1.517091,
    1.2447650000000001, 1.556071, 1.3948369999999999, 1.2446949999999999,
    1.160153, 1.9868409999999999, 0.8476119999999999, 0.650226, 0.842476,
    1.4793969999999999, 1.642401, 2.1877890000000004, 0.42263, 2.356436,
    1.651119, 1.227247, 1.336827, 1.7289619999999999, 1.691752,
    1.6209939999999998, 0.402145, 1.394892, 1.5369670000000002, 1.068708,
    0.926864, 1.486604, 1.574009, 2.034449
  ],
  [
    0.818117, 0.933597, 0.041904000000000004, 1.392987, 0.526708, 0.926239,
    0.8833730000000001, 0.677365, 0.0, 1.300741, 1.034403, 1.030184, 0.577437,
    1.027348, 0.727509, 1.0876890000000001, 0.49282400000000004, 1.786259,
    0.321975, 1.2738040000000002, 1.1548859999999999, 0.8120689999999999,
    0.938577, 1.590807, 0.9246040000000001, 1.7750460000000001, 1.054136,
    0.684433, 0.808104, 1.571956, 1.048548, 1.092271, 0.599942, 0.866297,
    0.89493, 0.5351180000000001, 0.5494479999999999, 0.957881,
    1.0452860000000002, 1.437466
  ],
  [
    0.565528, 0.364714, 1.342646, 0.195665, 1.682874, 1.436426,
    0.9447989999999999, 1.861896, 1.300741, 0.0, 2.331404, 1.620709,
    0.6982240000000001, 1.475175, 0.80492, 1.92016, 0.806164, 2.263562,
    1.213867, 2.4560560000000002, 2.34643, 0.833963, 0.663497, 1.917478,
    2.04047, 0.682825, 1.26429, 0.986816, 1.398629, 2.368661, 1.14104, 1.682796,
    1.779614, 1.175518, 0.7887770000000001, 1.3491, 1.51131, 1.548405, 1.61072,
    1.6803309999999998
  ],
  [
    1.863364, 1.941232, 0.992499, 2.400622, 0.718401, 1.258684, 1.695683,
    1.176215, 1.034403, 2.331404, 0.0, 1.194151, 1.576347, 1.471054,
    1.7264190000000001, 0.697943, 1.504169, 1.506566, 1.1108019999999998,
    0.7771549999999999, 0.348765, 1.658547, 1.8324829999999999, 2.11863,
    1.249077, 2.64962, 1.8412, 1.417328, 1.293869, 0.832905, 1.881833, 1.659473,
    0.793458, 1.584973, 1.727048, 1.1571479999999998, 0.947914, 1.524552,
    1.53105, 1.861911
  ],
  [
    1.054649, 1.257664, 1.0720889999999998, 1.717054, 1.079273, 0.26129,
    0.78826, 1.517091, 1.030184, 1.620709, 1.194151, 0.0, 1.085589, 0.285087,
    1.235662, 0.497606, 1.013412, 0.738471, 0.9309109999999999, 1.887713,
    1.4593219999999998, 0.875111, 1.0490460000000001, 1.005282, 1.864678,
    1.866184, 0.8165030000000001, 0.633892, 0.274786, 0.717884,
    1.0983969999999998, 0.64039, 1.223837, 0.572982, 0.943612,
    0.48300099999999996, 0.7053550000000001, 0.506, 0.479098, 0.748563
  ],
  [
    0.28700400000000004, 0.40248500000000004, 0.619341, 0.793414, 1.07503,
    0.9018379999999999, 0.686484, 1.2447650000000001, 0.577437,
    0.6982240000000001, 1.576347, 1.085589, 0.0, 1.073547, 0.19405, 1.375834,
    0.08461199999999999, 1.861934, 0.492315, 1.841203, 1.703208, 0.554907,
    0.405118, 1.633406, 1.453658, 1.198816, 0.981033, 0.666414, 0.854303,
    1.824335, 0.871421, 1.13847, 1.167342, 0.8530449999999999, 0.519158,
    0.641077, 0.7897580000000001, 1.004079, 1.091484, 1.3970740000000001
  ],
  [
    0.909116, 1.11213, 1.0692519999999999, 1.493261, 1.196408, 0.326392,
    0.567832, 1.556071, 1.027348, 1.475175, 1.471054, 0.285087, 1.073547, 0.0,
    1.177959, 0.7257809999999999, 1.044336, 0.8255309999999999, 0.961835,
    2.1159850000000002, 1.687595, 0.693979, 0.867914, 0.7573390000000001,
    1.895602, 1.685052, 0.56856, 0.53569, 0.219244, 0.827894,
    0.9161079999999999, 0.544624, 1.258453, 0.32504, 0.747557, 0.513925,
    0.736279, 0.410234, 0.231155, 0.50062
  ],
  [
    0.26884399999999997, 0.441875, 0.769413, 0.9012640000000001,
    1.2251020000000001, 1.0519100000000001, 0.6683239999999999,
    1.3948369999999999, 0.727509, 0.80492, 1.7264190000000001, 1.235662,
    0.19405, 1.177959, 0.0, 1.525906, 0.234685, 2.012006, 0.6423869999999999,
    1.9912750000000001, 1.85328, 0.536747, 0.379816, 1.6152460000000002,
    1.603731, 1.153817, 0.9628730000000001, 0.689601, 1.004375, 1.974407,
    0.85326, 1.2885419999999999, 1.317414, 0.878302, 0.5009979999999999,
    0.79115, 0.939831, 1.1541510000000001, 1.241557, 1.378914
  ],
  [
    1.3541010000000002, 1.557115, 1.0457850000000002, 2.016505,
    0.7868809999999999, 0.560211, 1.087711, 1.2446949999999999,
    1.0876890000000001, 1.92016, 0.697943, 0.497606, 1.375834,
    0.7257809999999999, 1.525906, 0.0, 1.3093540000000001, 0.767265, 1.086002,
    1.389576, 0.961186, 1.171054, 1.344989, 1.4206869999999998, 1.606339,
    2.162126, 1.248588, 0.9298339999999999, 0.5959260000000001, 0.484267,
    1.393809, 0.96153, 0.861938, 1.001809, 1.239554, 0.7789429999999999,
    0.695427, 0.826609, 0.832577, 1.1639680000000001
  ],
  [
    0.327639, 0.44311900000000004, 0.534729, 0.902509, 0.990417, 0.82966,
    0.7271190000000001, 1.160153, 0.49282400000000004, 0.806164, 1.504169,
    1.013412, 0.08461199999999999, 1.044336, 0.234685, 1.3093540000000001, 0.0,
    1.7897560000000001, 0.420137, 1.7565909999999998, 1.618596, 0.595542,
    0.445753, 1.505377, 1.369046, 1.282221, 0.970777, 0.5921660000000001,
    0.782125, 1.752157, 0.912055, 1.066292, 1.08273, 0.780867, 0.559793, 0.5689,
    0.717581, 0.931901, 1.019307, 1.352037
  ],
  [
    1.6975019999999998, 1.900517, 1.744355, 2.281648, 1.5290270000000001,
    1.114779, 1.356219, 1.9868409999999999, 1.786259, 2.263562, 1.506566,
    0.738471, 1.861934, 0.8255309999999999, 2.012006, 0.767265,
    1.7897560000000001, 0.0, 1.656656, 2.156841, 1.728451, 1.482366, 1.656301,
    1.057424, 2.3240459999999996, 2.473439, 1.356947, 1.359637, 1.007631,
    0.675618, 1.7044949999999999, 1.333011, 1.579645, 1.113427, 1.535944,
    1.208746, 1.3939970000000002, 1.1986210000000002, 1.019542, 0.800706
  ],
  [
    0.735341, 0.850822, 0.363879, 1.310211, 0.662698, 0.7471599999999999,
    0.71541, 0.8476119999999999, 0.321975, 1.213867, 1.1108019999999998,
    0.9309109999999999, 0.492315, 0.961835, 0.6423869999999999, 1.086002,
    0.420137, 1.656656, 0.0, 1.575374, 1.2767519999999999, 0.628409,
    0.8023440000000001, 1.347732, 1.2465789999999999, 1.619481, 0.811061,
    0.38719, 0.510861, 1.480894, 0.851694, 0.7950280000000001, 0.736451,
    0.5548339999999999, 0.696909, 0.237875, 0.316439, 0.6606380000000001,
    0.748043, 1.194391
  ],
  [
    2.0842289999999997, 2.198607, 1.2319, 2.538936, 0.978031, 1.950317,
    2.136771, 0.650226, 1.2738040000000002, 2.4560560000000002,
    0.7771549999999999, 1.887713, 1.841203, 2.1159850000000002,
    1.9912750000000001, 1.389576, 1.7565909999999998, 2.156841, 1.575374, 0.0,
    0.44153, 2.08177, 2.244774, 2.7901619999999996, 0.570168, 2.958808,
    2.253492, 1.8296199999999998, 1.9392, 1.61006, 2.2941239999999996, 2.223367,
    0.922362, 1.997265, 2.139339, 1.67108, 1.4470809999999998, 2.088976,
    2.1763820000000003, 2.636822
  ],
  [
    1.983847, 2.08898, 1.112982, 2.42931, 0.6473390000000001,
    1.5219269999999998, 1.816166, 0.842476, 1.1548859999999999, 2.34643,
    0.348765, 1.4593219999999998, 1.703208, 1.687595, 1.85328, 0.961186,
    1.618596, 1.728451, 1.2767519999999999, 0.44153, 0.0, 1.779031, 1.952966,
    2.498354, 0.913452, 2.777982, 1.961683, 1.537812, 1.54575, 1.18167,
    2.002316, 1.829918, 0.675625, 1.7054559999999999, 1.847531,
    1.2776310000000002, 1.068397, 1.695527, 1.782932, 2.125154
  ],
  [
    0.267903, 0.470918, 0.853973, 0.810304, 1.210443, 0.69136, 0.146124,
    1.4793969999999999, 0.8120689999999999, 0.833963, 1.658547, 0.875111,
    0.554907, 0.693979, 0.536747, 1.171054, 0.595542, 1.482366, 0.628409,
    2.08177, 1.779031, 0.0, 0.188482, 1.0896579999999998, 1.736705, 1.005293,
    0.43728500000000003, 0.283489, 0.6953010000000001, 1.484729, 0.332529,
    0.979468, 1.306278, 0.394322, 0.08286199999999999, 0.645772, 0.924905,
    0.845078, 0.829525, 0.853326
  ],
  [
    0.11087999999999999, 0.307471, 0.980481, 0.752223, 1.3843789999999998,
    0.8652949999999999, 0.306245, 1.642401, 0.938577, 0.663497,
    1.8324829999999999, 1.0490460000000001, 0.405118, 0.867914, 0.379816,
    1.344989, 0.445753, 1.656301, 0.8023440000000001, 2.244774, 1.952966,
    0.188482, 0.0, 1.253486, 1.814799, 0.935455, 0.600793, 0.440992,
    0.8289869999999999, 1.664965, 0.477543, 1.165722, 1.463781, 0.574557,
    0.12528, 0.803276, 1.0824079999999998, 1.031331, 1.00976, 1.016834
  ],
  [
    1.346402, 1.5609570000000001, 1.632711, 1.952521, 1.929766,
    0.9783970000000001, 0.9475979999999999, 2.1877890000000004, 1.590807,
    1.917478, 2.11863, 1.005282, 1.633406, 0.7573390000000001,
    1.6152460000000002, 1.4206869999999998, 1.505377, 1.057424, 1.347732,
    2.7901619999999996, 2.498354, 1.0896579999999998, 1.253486, 0.0, 2.617274,
    1.669621, 0.6523730000000001, 1.062373, 1.042543, 1.51556, 1.021976,
    1.2752029999999999, 2.085162, 0.850013, 1.144235, 1.424656, 1.703789,
    1.140812, 1.119241, 0.256719
  ],
  [
    1.696685, 1.783021, 0.8827, 2.12335, 0.819458, 1.680926, 1.8079770000000002,
    0.42263, 0.9246040000000001, 2.04047, 1.249077, 1.864678, 1.453658,
    1.895602, 1.603731, 1.606339, 1.369046, 2.3240459999999996,
    1.2465789999999999, 0.570168, 0.913452, 1.736705, 1.814799, 2.617274, 0.0,
    2.536121, 1.9568889999999999, 1.533018, 1.642598, 2.081982, 1.971986,
    1.926765, 0.733785, 1.7006620000000001, 1.818368, 1.374478, 1.229474,
    1.7923740000000001, 1.879779, 2.3402190000000003
  ],
  [
    0.9007999999999999, 0.865306, 1.81695, 0.530068, 2.177414, 1.682432,
    1.12028, 2.356436, 1.7750460000000001, 0.682825, 2.64962, 1.866184,
    1.198816, 1.685052, 1.153817, 2.162126, 1.282221, 2.473439, 1.619481,
    2.958808, 2.777982, 1.005293, 0.935455, 1.669621, 2.536121, 0.0, 1.414828,
    1.264007, 1.643022, 2.479, 1.297043, 1.979757, 2.265963, 1.388592, 0.940603,
    1.62629, 1.905423, 1.845366, 1.823795, 1.796241
  ],
  [
    0.694029, 0.908264, 1.09604, 1.2198399999999998, 1.3930960000000001,
    0.760341, 0.29441, 1.651119, 1.054136, 1.26429, 1.8412, 0.8165030000000001,
    0.981033, 0.56856, 0.9628730000000001, 1.248588, 0.970777, 1.356947,
    0.811061, 2.253492, 1.961683, 0.43728500000000003, 0.600793,
    0.6523730000000001, 1.9568889999999999, 1.414828, 0.0, 0.42076600000000003,
    0.684415, 1.359311, 0.469922, 0.8600679999999999, 1.4435550000000001,
    0.429984, 0.49234100000000003, 0.783049, 1.062182, 0.725677, 0.704106,
    0.575057
  ],
  [
    0.420757, 0.623772, 0.726337, 1.083161, 0.969225, 0.450141, 0.253075,
    1.227247, 0.684433, 0.986816, 1.417328, 0.633892, 0.666414, 0.53569,
    0.689601, 0.9298339999999999, 0.5921660000000001, 1.359637, 0.38719,
    1.8296199999999998, 1.537812, 0.283489, 0.440992, 1.062373, 1.533018,
    1.264007, 0.42076600000000003, 0.0, 0.411812, 1.381315, 0.46450400000000003,
    0.695979, 1.022789, 0.23603200000000002, 0.30971899999999997, 0.362283,
    0.6414160000000001, 0.561589, 0.6489940000000001, 0.8072010000000001
  ],
  [
    0.832569, 1.035584, 0.850008, 1.494974, 0.977164, 0.107148, 0.522605,
    1.336827, 0.808104, 1.398629, 1.293869, 0.274786, 0.854303, 0.219244,
    1.004375, 0.5959260000000001, 0.782125, 1.007631, 0.510861, 1.9392, 1.54575,
    0.6953010000000001, 0.8289869999999999, 1.042543, 1.642598, 1.643022,
    0.684415, 0.411812, 0.0, 1.009994, 0.857194, 0.365604, 1.006249, 0.440741,
    0.702409, 0.273618, 0.5320819999999999, 0.231214, 0.23718199999999998,
    0.61453
  ],
  [
    1.802602, 2.005616, 1.530052, 2.284011, 1.271148, 1.008712,
    1.3585820000000002, 1.7289619999999999, 1.571956, 2.368661, 0.832905,
    0.717884, 1.824335, 0.827894, 1.974407, 0.484267, 1.752157, 0.675618,
    1.480894, 1.61006, 1.18167, 1.484729, 1.664965, 1.51556, 2.081982, 2.479,
    1.359311, 1.381315, 1.009994, 0.0, 1.8437080000000001, 1.3750360000000001,
    1.3462049999999999, 1.1582260000000002, 1.688922, 1.2283119999999998,
    1.179695, 1.240645, 1.0643420000000001, 1.258413
  ],
  [
    0.5844170000000001, 0.785014, 1.090452, 1.097876, 1.433729,
    0.9146449999999999, 0.348138, 1.691752, 1.048548, 1.14104, 1.881833,
    1.0983969999999998, 0.871421, 0.9161079999999999, 0.85326, 1.393809,
    0.912055, 1.7044949999999999, 0.851694, 2.2941239999999996, 2.002316,
    0.332529, 0.477543, 1.021976, 1.971986, 1.297043, 0.469922,
    0.46450400000000003, 0.857194, 1.8437080000000001, 0.0, 1.207615, 1.564493,
    0.616451, 0.352262, 0.903987, 1.18312, 1.0732249999999999, 1.051654,
    0.942832
  ],
  [
    1.1167360000000002, 1.319751, 1.134175, 1.779141, 1.2613299999999998,
    0.472753, 0.8593390000000001, 1.6209939999999998, 1.092271, 1.682796,
    1.659473, 0.64039, 1.13847, 0.544624, 1.2885419999999999, 0.96153, 1.066292,
    1.333011, 0.7950280000000001, 2.223367, 1.829918, 0.979468, 1.165722,
    1.2752029999999999, 1.926765, 1.979757, 0.8600679999999999, 0.695979,
    0.365604, 1.3750360000000001, 1.207615, 0.0, 1.279944, 0.6165470000000001,
    0.9761040000000001, 0.5473129999999999, 0.897686, 0.13438999999999998,
    0.429524, 0.880923
  ],
  [
    1.4103679999999998, 1.525849, 0.558038, 1.8624939999999999, 0.075057,
    1.043778, 1.275865, 0.402145, 0.599942, 1.779614, 0.793458, 1.223837,
    1.167342, 1.258453, 1.317414, 0.861938, 1.08273, 1.579645, 0.736451,
    0.922362, 0.675625, 1.306278, 1.463781, 2.085162, 0.733785, 2.265963,
    1.4435550000000001, 1.022789, 1.006249, 1.3462049999999999, 1.564493,
    1.279944, 0.0, 1.165155, 1.307229, 0.7373289999999999, 0.544107, 1.155225,
    1.242631, 1.619979
  ],
  [
    0.6094579999999999, 0.812473, 0.908201, 1.193604, 1.136869, 0.513561,
    0.26817399999999997, 1.394892, 0.866297, 1.175518, 1.584973, 0.572982,
    0.8530449999999999, 0.32504, 0.878302, 1.001809, 0.780867, 1.113427,
    0.5548339999999999, 1.997265, 1.7054559999999999, 0.394322, 0.574557,
    0.850013, 1.7006620000000001, 1.388592, 0.429984, 0.23603200000000002,
    0.440741, 1.1582260000000002, 0.616451, 0.6165470000000001, 1.165155, 0.0,
    0.44789999999999996, 0.5233540000000001, 0.802486, 0.48215600000000003,
    0.46058499999999997, 0.678257
  ],
  [
    0.232154, 0.432752, 0.9368350000000001, 0.745614, 1.2789439999999999,
    0.75986, 0.197793, 1.5369670000000002, 0.89493, 0.7887770000000001,
    1.727048, 0.943612, 0.519158, 0.747557, 0.5009979999999999, 1.239554,
    0.559793, 1.535944, 0.696909, 2.139339, 1.847531, 0.08286199999999999,
    0.12528, 1.144235, 1.818368, 0.940603, 0.49234100000000003,
    0.30971899999999997, 0.702409, 1.688922, 0.352262, 0.9761040000000001,
    1.307229, 0.44789999999999996, 0.0, 0.728634, 1.007767, 0.922879, 0.901308,
    0.9083819999999999
  ],
  [
    0.78304, 0.9860549999999999, 0.577022, 1.445444, 0.709044, 0.29925,
    0.615359, 1.068708, 0.5351180000000001, 1.3491, 1.1571479999999998,
    0.48300099999999996, 0.641077, 0.513925, 0.79115, 0.7789429999999999,
    0.5689, 1.208746, 0.237875, 1.67108, 1.2776310000000002, 0.645772, 0.803276,
    1.424656, 1.374478, 1.62629, 0.783049, 0.362283, 0.273618,
    1.2283119999999998, 0.903987, 0.5473129999999999, 0.7373289999999999,
    0.5233540000000001, 0.728634, 0.0, 0.34821199999999997, 0.42259500000000005,
    0.51, 0.887349
  ],
  [
    1.062173, 1.148265, 0.507544, 1.607655, 0.515821, 0.5216029999999999,
    0.894491, 0.926864, 0.5494479999999999, 1.51131, 0.947914,
    0.7053550000000001, 0.7897580000000001, 0.736279, 0.939831, 0.695427,
    0.717581, 1.3939970000000002, 0.316439, 1.4470809999999998, 1.068397,
    0.924905, 1.0824079999999998, 1.703789, 1.229474, 1.905423, 1.062182,
    0.6414160000000001, 0.5320819999999999, 1.179695, 1.18312, 0.897686,
    0.544107, 0.802486, 1.007767, 0.34821199999999997, 0.0, 0.6472279999999999,
    0.734634, 1.111982
  ],
  [
    0.982346, 1.18536, 0.9997849999999999, 1.64475, 1.12694, 0.338362, 0.724949,
    1.486604, 0.957881, 1.548405, 1.524552, 0.506, 1.004079, 0.410234,
    1.1541510000000001, 0.826609, 0.931901, 1.1986210000000002,
    0.6606380000000001, 2.088976, 1.695527, 0.845078, 1.031331, 1.140812,
    1.7923740000000001, 1.845366, 0.725677, 0.561589, 0.231214, 1.240645,
    1.0732249999999999, 0.13438999999999998, 1.155225, 0.48215600000000003,
    0.922879, 0.42259500000000005, 0.6472279999999999, 0.0, 0.295133, 0.746533
  ],
  [
    1.044661, 1.247676, 1.08719, 1.6288070000000001, 1.214345,
    0.34432999999999997, 0.7033769999999999, 1.574009, 1.0452860000000002,
    1.61072, 1.53105, 0.479098, 1.091484, 0.231155, 1.241557, 0.832577,
    1.019307, 1.019542, 0.748043, 2.1763820000000003, 1.782932, 0.829525,
    1.00976, 1.119241, 1.879779, 1.823795, 0.704106, 0.6489940000000001,
    0.23718199999999998, 1.0643420000000001, 1.051654, 0.429524, 1.242631,
    0.46058499999999997, 0.901308, 0.51, 0.734634, 0.295133, 0.0, 0.626442
  ],
  [
    1.11007, 1.324306, 1.4793699999999999, 1.6358810000000001, 1.591694,
    0.721678, 0.710452, 2.034449, 1.437466, 1.6803309999999998, 1.861911,
    0.748563, 1.3970740000000001, 0.50062, 1.378914, 1.1639680000000001,
    1.352037, 0.800706, 1.194391, 2.636822, 2.125154, 0.853326, 1.016834,
    0.256719, 2.3402190000000003, 1.796241, 0.575057, 0.8072010000000001,
    0.61453, 1.258413, 0.942832, 0.880923, 1.619979, 0.678257,
    0.9083819999999999, 0.887349, 1.111982, 0.746533, 0.626442, 0.0
  ]
]
