[
    [
        0.0,
        1.49636,
        3.123569,
        1.645453,
        1.286515,
        0.610287,
        1.175716,
        2.749708,
        1.226237,
        1.313213,
        1.165688,
        1.2211690000000002,
        1.171115,
        1.1699490000000001,
        1.243861
    ],
    [
        1.49636,
        0.0,
        2.3784699999999996,
        1.571463,
        0.321756,
        0.913814,
        1.1017260000000002,
        2.675718,
        0.517808,
        0.295058,
        1.424374,
        0.645338,
        0.69113,
        1.428634,
        0.6226470000000001
    ],
    [
        3.123569,
        2.3784699999999996,
        0.0,
        2.072259,
        2.058907,
        2.658014,
        2.0145589999999998,
        3.595112,
        2.163768,
        2.085605,
        2.5082240000000002,
        2.138706,
        2.460758,
        2.5124850000000003,
        2.161397
    ],
    [
        1.645453,
        1.571463,
        2.072259,
        0.0,
        1.136557,
        1.087751,
        0.356587,
        1.8907850000000002,
        0.940505,
        1.1632550000000001,
        0.877206,
        0.812975,
        1.512056,
        0.881466,
        0.835667
    ],
    [
        1.286515,
        0.321756,
        2.058907,
        1.136557,
        0.0,
        0.74351,
        0.77997,
        2.353961,
        0.196052,
        0.026698,
        1.102617,
        0.323582,
        0.481284,
        1.106878,
        0.30089
    ],
    [
        0.610287,
        0.913814,
        2.658014,
        1.087751,
        0.74351,
        0.0,
        0.731164,
        2.305155,
        0.64662,
        0.730666,
        0.940532,
        0.641553,
        0.588569,
        0.9447920000000001,
        0.6642440000000001
    ],
    [
        1.175716,
        1.1017260000000002,
        2.0145589999999998,
        0.356587,
        0.77997,
        0.731164,
        0.0,
        1.595415,
        0.583918,
        0.806668,
        0.520619,
        0.45638799999999996,
        1.155469,
        0.524879,
        0.47908
    ],
    [
        2.749708,
        2.675718,
        3.595112,
        1.8907850000000002,
        2.353961,
        2.305155,
        1.595415,
        0.0,
        2.157909,
        2.380659,
        2.0946100000000003,
        2.03038,
        2.7294609999999997,
        2.09887,
        2.053071
    ],
    [
        1.226237,
        0.517808,
        2.163768,
        0.940505,
        0.196052,
        0.64662,
        0.583918,
        2.157909,
        0.0,
        0.22275,
        0.9065650000000001,
        0.12753,
        0.5894969999999999,
        0.910826,
        0.104838
    ],
    [
        1.313213,
        0.295058,
        2.085605,
        1.1632550000000001,
        0.026698,
        0.730666,
        0.806668,
        2.380659,
        0.22275,
        0.0,
        1.129315,
        0.35028,
        0.507982,
        1.133576,
        0.32758800000000005
    ],
    [
        1.165688,
        1.424374,
        2.5082240000000002,
        0.877206,
        1.102617,
        0.940532,
        0.520619,
        2.0946100000000003,
        0.9065650000000001,
        1.129315,
        0.0,
        0.779036,
        1.478117,
        0.00426,
        0.801727
    ],
    [
        1.2211690000000002,
        0.645338,
        2.138706,
        0.812975,
        0.323582,
        0.641553,
        0.45638799999999996,
        2.03038,
        0.12753,
        0.35028,
        0.779036,
        0.0,
        0.7170270000000001,
        0.7832960000000001,
        0.022692
    ],
    [
        1.171115,
        0.69113,
        2.460758,
        1.512056,
        0.481284,
        0.588569,
        1.155469,
        2.7294609999999997,
        0.5894969999999999,
        0.507982,
        1.478117,
        0.7170270000000001,
        0.0,
        1.482377,
        0.70274
    ],
    [
        1.1699490000000001,
        1.428634,
        2.5124850000000003,
        0.881466,
        1.106878,
        0.9447920000000001,
        0.524879,
        2.09887,
        0.910826,
        1.133576,
        0.00426,
        0.7832960000000001,
        1.482377,
        0.0,
        0.805987
    ],
    [
        1.243861,
        0.6226470000000001,
        2.161397,
        0.835667,
        0.30089,
        0.6642440000000001,
        0.47908,
        2.053071,
        0.104838,
        0.32758800000000005,
        0.801727,
        0.022692,
        0.70274,
        0.805987,
        0.0
    ]
]