[
    [
        0.0,
        2.0544789999999997,
        2.068422,
        2.694823,
        1.029772,
        2.135062,
        1.045067,
        2.185074,
        1.913749,
        1.849473,
        1.0986790000000002,
        2.285042,
        1.0035560000000001,
        3.767938,
        0.795595,
        1.162984,
        3.781464
    ],
    [
        2.0544789999999997,
        0.0,
        1.5984770000000001,
        0.749656,
        1.135852,
        0.397627,
        1.0597809999999999,
        2.14886,
        0.203841,
        0.676164,
        1.023291,
        2.200819,
        1.083856,
        2.789211,
        1.6823540000000001,
        1.3569,
        2.377901
    ],
    [
        2.068422,
        1.5984770000000001,
        0.0,
        1.737305,
        1.301451,
        1.255131,
        1.2157719999999999,
        3.070809,
        1.645953,
        2.162598,
        1.111792,
        3.1227669999999996,
        1.239848,
        1.860536,
        1.838346,
        1.646166,
        3.8643359999999998
    ],
    [
        2.694823,
        0.749656,
        1.737305,
        0.0,
        1.7761959999999999,
        0.948959,
        1.700124,
        2.812704,
        0.8441839999999999,
        1.340008,
        1.663635,
        2.864663,
        1.7242,
        2.078143,
        2.322698,
        2.020744,
        3.0417449999999997
    ],
    [
        1.029772,
        1.135852,
        1.301451,
        1.7761959999999999,
        0.0,
        1.2204190000000001,
        0.155682,
        1.7812329999999998,
        0.994758,
        1.05212,
        0.18966,
        1.833191,
        0.11540900000000001,
        3.084127,
        0.557276,
        0.35658999999999996,
        2.984112
    ],
    [
        2.135062,
        0.397627,
        1.255131,
        0.948959,
        1.2204190000000001,
        0.0,
        1.13474,
        2.434445,
        0.445103,
        0.961748,
        1.030759,
        2.4864029999999997,
        1.158816,
        2.6334899999999997,
        1.757314,
        1.565134,
        2.663486
    ],
    [
        1.045067,
        1.0597809999999999,
        1.2157719999999999,
        1.700124,
        0.155682,
        1.13474,
        0.0,
        1.9250399999999999,
        0.9190510000000001,
        1.195927,
        0.10398099999999999,
        1.976999,
        0.074444,
        2.998448,
        0.663493,
        0.500397,
        3.127919
    ],
    [
        2.185074,
        2.14886,
        3.070809,
        2.812704,
        1.7812329999999998,
        2.434445,
        1.9250399999999999,
        0.0,
        2.224549,
        1.5000850000000001,
        1.9702339999999998,
        0.133795,
        1.892407,
        4.864701,
        1.779943,
        1.4459490000000002,
        2.2831599999999996
    ],
    [
        1.913749,
        0.203841,
        1.645953,
        0.8441839999999999,
        0.994758,
        0.445103,
        0.9190510000000001,
        2.224549,
        0.0,
        0.751853,
        0.882561,
        2.276507,
        0.943126,
        2.883739,
        1.541624,
        1.3494439999999999,
        2.45359
    ],
    [
        1.849473,
        0.676164,
        2.162598,
        1.340008,
        1.05212,
        0.961748,
        1.195927,
        1.5000850000000001,
        0.751853,
        0.0,
        1.229905,
        1.5520429999999998,
        1.152078,
        3.379563,
        1.0813430000000002,
        0.708125,
        1.931992
    ],
    [
        1.0986790000000002,
        1.023291,
        1.111792,
        1.663635,
        0.18966,
        1.030759,
        0.10398099999999999,
        1.9702339999999998,
        0.882561,
        1.229905,
        0.0,
        2.0109760000000003,
        0.128056,
        2.894467,
        0.7265539999999999,
        0.534375,
        3.161896
    ],
    [
        2.285042,
        2.200819,
        3.1227669999999996,
        2.864663,
        1.833191,
        2.4864029999999997,
        1.976999,
        0.133795,
        2.276507,
        1.5520429999999998,
        2.0109760000000003,
        0.0,
        1.944366,
        4.91666,
        1.873631,
        1.4979069999999999,
        2.318736
    ],
    [
        1.0035560000000001,
        1.083856,
        1.239848,
        1.7242,
        0.11540900000000001,
        1.158816,
        0.074444,
        1.892407,
        0.943126,
        1.152078,
        0.128056,
        1.944366,
        0.0,
        3.022523,
        0.621981,
        0.456548,
        3.08407
    ],
    [
        3.767938,
        2.789211,
        1.860536,
        2.078143,
        3.084127,
        2.6334899999999997,
        2.998448,
        4.864701,
        2.883739,
        3.379563,
        2.894467,
        4.91666,
        3.022523,
        0.0,
        3.61173,
        3.41955,
        5.081300000000001
    ],
    [
        0.795595,
        1.6823540000000001,
        1.838346,
        2.322698,
        0.557276,
        1.757314,
        0.663493,
        1.779943,
        1.541624,
        1.0813430000000002,
        0.7265539999999999,
        1.873631,
        0.621981,
        3.61173,
        0.0,
        0.394854,
        3.013335
    ],
    [
        1.162984,
        1.3569,
        1.646166,
        2.020744,
        0.35658999999999996,
        1.565134,
        0.500397,
        1.4459490000000002,
        1.3494439999999999,
        0.708125,
        0.534375,
        1.4979069999999999,
        0.456548,
        3.41955,
        0.394854,
        0.0,
        2.640116
    ],
    [
        3.781464,
        2.377901,
        3.8643359999999998,
        3.0417449999999997,
        2.984112,
        2.663486,
        3.127919,
        2.2831599999999996,
        2.45359,
        1.931992,
        3.161896,
        2.318736,
        3.08407,
        5.081300000000001,
        3.013335,
        2.640116,
        0.0
    ]
]