[
  [
    0.0, 0.037106, 0.6984589999999999, 0.156735, 1.015729, 2.5212350000000003,
    2.419819, 0.246034, 0.6380009999999999, 1.1098240000000001, 2.711821,
    1.564752, 0.373836, 0.049844, 1.948169, 0.6308830000000001, 1.019154,
    0.615078, 0.882154, 0.835966, 0.384015, 1.2882639999999999, 1.113785,
    0.42563, 0.6769299999999999, 0.972851, 0.829566, 0.37799, 1.739997,
    0.303819, 0.726441, 0.7346670000000001, 0.805978, 0.654245, 1.570676,
    0.283897, 0.8654339999999999, 0.08108, 1.297321, 2.341183,
    0.23993799999999998, 1.630888, 2.028793, 1.503039, 0.5292530000000001,
    2.537418, 1.84901, 1.847479, 1.3686749999999999, 0.26174000000000003,
    1.513527, 1.922809, 1.582358, 1.1065820000000002, 2.167962, 1.766856,
    2.4164149999999998, 2.773107, 2.3705610000000004, 2.722854, 0.81312,
    1.9442080000000002, 1.1606910000000001, 1.0017369999999999, 1.35977,
    0.960061, 0.478086, 0.53864, 0.79995, 0.768605, 0.777866, 0.695025,
    1.0064819999999999, 0.439044, 0.12028, 0.34631799999999996,
    0.7112820000000001, 0.07936499999999999, 0.37418799999999997, 0.30065,
    0.766847, 0.910567, 1.003735, 1.258028, 0.971401, 0.585558, 1.152904,
    2.0258309999999997, 1.727952, 1.7922550000000002, 1.464477, 1.804515,
    1.9007260000000001, 2.450894, 0.2345, 0.663255, 1.330069, 0.764317,
    1.8489369999999998, 1.054779, 1.465848, 2.400096, 2.145845, 0.326941,
    0.777747, 0.375464, 0.6287849999999999, 0.682162, 0.731943, 0.088529,
    0.32353699999999996, 0.310468, 0.47123000000000004, 0.22109600000000001,
    0.953357, 1.065415, 1.007203, 0.919585, 0.9322999999999999, 0.840124
  ],
  [
    0.037106, 0.0, 0.71329, 0.162683, 1.037144, 2.536066, 2.3827130000000003,
    0.208928, 0.600895, 1.147703, 2.674715, 1.5795830000000002,
    0.39384800000000003, 0.072816, 1.9852750000000001, 0.625341,
    1.0405689999999999, 0.6521849999999999, 0.918489, 0.8723, 0.378473,
    1.309679, 1.0766790000000002, 0.388524, 0.698345, 1.009958, 0.867444,
    0.372448, 1.754828, 0.26671300000000003, 0.689335, 0.756082,
    0.8438559999999999, 0.6171380000000001, 1.585507, 0.246791, 0.880265,
    0.102495, 1.312152, 2.3625979999999998, 0.234396, 1.651004, 1.991687,
    1.465933, 0.5663590000000001, 2.5522489999999998, 1.870425, 1.86231,
    1.405781, 0.281752, 1.5362419999999999, 1.944224, 1.545251, 1.10104,
    2.130855, 1.72975, 2.448654, 2.787938, 2.4028, 2.7442689999999996,
    0.7760130000000001, 1.9071010000000002, 1.175522, 0.960686,
    1.3811849999999999, 0.9229550000000001, 0.47254399999999996, 0.560055,
    0.837057, 0.731499, 0.7407590000000001, 0.657919, 0.969375, 0.401937,
    0.135093, 0.366242, 0.726113, 0.073823, 0.36864600000000003, 0.295108,
    0.729741, 0.873461, 1.018566, 1.220922, 0.965859, 0.6226649999999999,
    1.17432, 1.9887249999999999, 1.742783, 1.7551489999999998, 1.485892,
    1.798973, 1.915557, 2.413788, 0.19739400000000001, 0.678086, 1.3449,
    0.785732, 1.811831, 1.017673, 1.480679, 2.36299, 2.182951, 0.364047,
    0.740641, 0.338358, 0.591678, 0.6450560000000001, 0.694837, 0.103342,
    0.343549, 0.304926, 0.465688, 0.258202, 0.968189, 1.028308, 0.970097,
    0.882478, 0.8912490000000001, 0.803018
  ],
  [
    0.6984589999999999, 0.71329, 0.0, 0.612167, 1.434566, 2.1832350000000003,
    2.715106, 0.621756, 0.835423, 1.799542, 2.894002, 1.2267519999999998,
    0.606664, 0.693804, 2.678942, 1.1139890000000001, 0.808745, 1.371406,
    1.5711, 1.524912, 0.875202, 0.8795810000000001, 1.048459,
    0.5439769999999999, 0.590821, 1.703625, 1.519284, 0.884019,
    1.4019970000000002, 0.656862, 1.021728, 0.5317459999999999, 1.495695,
    0.579006, 1.2326759999999999, 0.450352, 0.527434, 0.6813899999999999,
    0.598862, 2.173546, 0.8886000000000001, 0.880199, 2.210974, 1.798326,
    1.253266, 1.5696759999999998, 1.486635, 1.1480530000000002, 2.058393,
    0.5799070000000001, 1.151152, 1.5604339999999999, 1.2604380000000002,
    1.513255, 2.350143, 2.062143, 3.018574, 1.8831579999999999, 2.972719,
    1.543182, 1.024194, 2.126389, 0.8226910000000001, 1.167136,
    1.2759200000000002, 0.783587, 0.966935, 1.101453, 1.47472, 0.97968,
    0.920298, 0.860424, 1.301768, 0.641556, 0.596878, 0.414551, 0.373282,
    0.762394, 0.994703, 0.921165, 0.9779220000000001, 1.075966, 0.665735,
    0.9732540000000001, 1.627951, 1.316332, 0.662774, 2.208012, 1.389952,
    2.087542, 1.380627, 2.241199, 1.202267, 2.633075, 0.565256, 0.325255,
    0.992069, 0.619578, 2.031119, 1.350066, 1.127848, 2.6953829999999996,
    2.876618, 1.012114, 0.773707, 0.577976, 0.865322, 0.7912619999999999,
    0.653273, 0.58869, 0.51811, 0.9309829999999999, 0.96008, 1.065809, 0.615358,
    0.995579, 1.1726020000000001, 1.084984, 1.097699, 1.051199
  ],
  [
    0.156735, 0.162683, 0.612167, 0.0, 1.005346, 2.45109, 2.297736,
    0.12395099999999999, 0.515918, 1.226346, 2.5897379999999997, 1.494606,
    0.335148, 0.173319, 2.104904, 0.687276, 0.961831, 0.771813, 0.997904,
    0.951716, 0.444786, 1.230942, 0.991702, 0.303547, 0.615401, 1.129586,
    0.9460879999999999, 0.45360300000000003, 1.6698520000000001,
    0.18173699999999998, 0.6043590000000001, 0.673138, 0.9224990000000001,
    0.532162, 1.50053, 0.161815, 0.795289, 0.160906, 1.2271759999999998, 2.3308,
    0.390795, 1.5722660000000002, 1.9067100000000001, 1.3809570000000002,
    0.685987, 2.467272, 1.7916869999999998, 1.777333, 1.4851969999999999,
    0.223052, 1.457504, 1.8654860000000002, 1.460275, 1.095885, 2.045879,
    1.644774, 2.5769070000000003, 2.7029609999999997, 2.5310520000000003,
    2.665531, 0.691037, 1.822125, 1.090546, 0.879655, 1.349387, 0.837979,
    0.540222, 0.528257, 0.9566849999999999, 0.6465230000000001, 0.655783,
    0.572943, 0.884399, 0.316961, 0.076393, 0.281266, 0.641137, 0.26459,
    0.496899, 0.423361, 0.644764, 0.7884840000000001, 0.93359, 1.135945,
    1.094111, 0.742293, 1.095582, 1.903748, 1.657807, 1.670173, 1.454094,
    1.823829, 1.830581, 2.328812, 0.112417, 0.59311, 1.259923, 0.706994,
    1.7268540000000001, 0.932697, 1.395702, 2.278014, 2.302579,
    0.45268400000000003, 0.6556649999999999, 0.253382, 0.506702, 0.56008,
    0.6098600000000001, 0.068205, 0.28484899999999996, 0.433178, 0.533366,
    0.37783100000000003, 0.883212, 0.943332, 0.88512, 0.7975019999999999,
    0.810218, 0.7180420000000001
  ],
  [
    1.015729, 1.037144, 1.434566, 1.005346, 0.0, 3.425824, 3.5110419999999998,
    1.146825, 1.538792, 0.463169, 3.7547020000000004, 2.469341,
    0.9822219999999999, 0.983413, 2.233806, 1.7400719999999998, 0.690532,
    0.739913, 0.46595, 0.419762, 1.358573, 0.9757129999999999, 2.014576,
    1.326421, 0.885127, 1.2568409999999999, 0.44477, 1.352548, 2.644586,
    1.204611, 1.627233, 0.874131, 0.421182, 1.555036, 2.475265,
    1.1327470000000002, 1.770023, 0.952177, 2.104104, 1.356111, 1.22225,
    1.137845, 3.071674, 2.5942629999999998, 1.1162429999999999, 2.604475,
    1.2344249999999999, 2.7520680000000004, 0.803269, 0.975205, 0.968958,
    1.304419, 2.5030259999999998, 1.852883, 3.210842, 2.858079, 2.811688,
    3.0664059999999997, 2.884496, 2.178285, 2.111636, 2.9870880000000004,
    2.06528, 2.375564, 0.387031, 2.026176, 1.449005, 0.59754, 1.56173, 2.156151,
    1.6786569999999998, 1.595817, 2.1058649999999997, 1.339835, 0.946481,
    1.15126, 1.615871, 1.008821, 1.23594, 1.162402, 1.6676389999999999,
    2.392531, 1.9083240000000001, 2.215843, 1.717702, 1.080228, 0.862189,
    3.068712, 2.632542, 2.883478, 0.491738, 2.554657, 2.0729189999999997,
    3.4937750000000003, 1.135291, 1.567844, 2.2346570000000003, 0.839277,
    2.891818, 2.154163, 2.370437, 3.49132, 2.43142, 0.711418, 1.678539,
    1.276256, 1.529576, 1.582954, 1.632734, 0.978232, 1.037002, 1.17222,
    1.4407480000000001, 0.846, 1.8579459999999999, 1.966206, 2.302353,
    2.3835129999999998, 2.370797, 2.084632
  ],
  [
    2.5212350000000003, 2.536066, 2.1832350000000003, 2.45109, 3.425824, 0.0,
    3.106629, 2.365822, 2.037022, 4.473914, 1.30999, 1.051355,
    2.3684369999999997, 2.522043, 4.513889, 2.666802, 2.785446, 3.96033,
    4.2454719999999995, 4.199284, 2.4375880000000003, 2.855063, 1.559411,
    2.2036309999999997, 2.567521, 3.7037370000000003, 4.193655,
    2.4464050000000004, 0.76519, 2.3560239999999997, 2.561125, 2.507228,
    4.170067, 1.9677229999999999, 1.045431, 2.27981, 1.640024, 2.509629,
    1.743954, 4.150246, 2.565484, 2.702953, 1.7990719999999998, 3.224294,
    3.089484, 2.155358, 3.073644, 1.328212, 4.908119, 2.3416799999999998,
    2.914139, 3.2507989999999998, 1.0644939999999998, 2.952511,
    1.3174970000000001, 3.488111, 4.51788, 2.010951, 4.472026,
    2.4563249999999996, 2.741668, 2.056299, 1.458518, 1.920144, 3.25262,
    1.798749, 2.519749, 2.822268, 3.260943, 2.155573, 1.854549, 2.093353,
    2.735897, 2.198045, 2.425117, 2.24668, 1.795395, 2.590634, 2.621667,
    2.617578, 2.090756, 1.917867, 1.5091839999999999, 1.3263019999999999,
    3.00394, 3.144572, 2.639475, 1.7526199999999998, 1.347537, 3.51351,
    3.357327, 3.667167, 2.381135, 2.124299, 2.3947130000000003, 1.879928,
    1.620297, 2.596278, 1.961028, 2.784195, 1.1167960000000001,
    3.4836810000000002, 4.430046999999999, 2.745478, 1.975306, 2.261625,
    2.06692, 1.9928599999999999, 1.890024, 2.416929, 2.279883,
    2.6077600000000003, 2.512893, 2.690902, 1.63052, 1.7153230000000002,
    2.014503, 1.926884, 1.9396, 2.7146640000000004
  ],
  [
    2.419819, 2.3827130000000003, 2.715106, 2.297736, 3.5110419999999998,
    3.106629, 0.0, 2.139897, 2.210218, 3.424436, 1.743479, 3.320244, 2.612194,
    2.421672, 2.441836, 2.095012, 3.631528, 2.9108519999999998,
    3.1959940000000002, 3.1498049999999997, 1.9925709999999999, 3.900638,
    2.375732, 2.1811350000000003, 2.796745, 2.21785, 3.144177, 2.001388,
    3.048473, 2.1139870000000003, 1.659518, 2.847531, 3.120589, 2.337487,
    3.326168, 2.347989, 2.718355, 2.424786, 3.348068, 4.721237, 2.120467,
    3.791185, 1.9201210000000002, 0.9167799999999999, 2.4120850000000003,
    4.540625, 4.010606, 3.602971, 3.85864, 2.486932, 4.125901,
    4.0844059999999995, 3.182466, 1.703448, 2.300991, 0.676307, 1.799408,
    4.529217, 1.494626, 5.335227, 1.675348, 2.081313, 2.9207530000000004,
    1.9561169999999999, 3.739824, 2.53543, 1.86793, 2.873515, 1.904715,
    1.719862, 2.180407, 1.967036, 1.3653060000000001, 2.0831720000000002,
    2.340274, 2.4985410000000003, 2.762029, 2.329456, 2.2997330000000002,
    2.172561, 1.78468, 2.134728, 2.778102, 2.8333969999999997, 1.783166,
    2.419099, 3.630785, 1.9610530000000002, 3.483444, 0.6612720000000001,
    3.844531, 0.972298, 3.951473, 1.950432, 2.209075, 2.714002,
    2.9820729999999998, 3.3766909999999997, 1.809862, 1.5072809999999999,
    3.22134, 0.393357, 2.13997, 2.8431610000000003, 2.278913, 2.146751,
    2.184488, 2.195152, 2.415185, 2.332086, 2.523641, 2.162742, 1.874674,
    3.003076, 2.630432, 2.327361, 1.882906, 2.143746, 1.951351,
    1.6483430000000001
  ],
  [
    0.246034, 0.208928, 0.621756, 0.12395099999999999, 1.146825, 2.365822,
    2.139897, 0.0, 0.426317, 1.350298, 2.504991, 1.509288, 0.414372, 0.281815,
    2.173378, 0.563292, 0.992794, 0.861112, 1.121856, 1.075667, 0.320803,
    1.261904, 0.902101, 0.212938, 0.646364, 1.1980609999999998, 1.070039,
    0.32961900000000005, 1.6845340000000002, 0.057753, 0.48037599999999997,
    0.7041000000000001, 1.046451, 0.441553, 1.515212, 0.20806, 0.809971,
    0.284857, 1.241858, 2.4433960000000003, 0.448698, 1.603228, 1.821963,
    1.256974, 0.754462, 2.481954, 1.82265, 1.7920150000000001,
    1.6091479999999998, 0.347003, 1.4884659999999998, 1.897748, 1.370674,
    0.971902, 1.961132, 1.520791, 2.467877, 2.717643, 2.422022, 2.696493,
    0.567054, 1.7373779999999999, 1.105228, 0.790053, 1.473339, 0.74737,
    0.41623899999999997, 0.652208, 0.924023, 0.522539, 0.566182, 0.483341,
    0.7604160000000001, 0.227359, 0.200345, 0.323928, 0.6558189999999999,
    0.25683, 0.500937, 0.411941, 0.5207809999999999, 0.698883, 0.948272,
    1.045336, 0.985081, 0.810768, 1.126544, 1.8190009999999999,
    1.6724890000000001, 1.546189, 1.5780450000000001, 1.699846,
    1.8452629999999999, 2.244064, 0.069146, 0.607792, 1.194013, 0.737957,
    1.642107, 0.808713, 1.410384, 2.154031, 2.371054, 0.576635, 0.565056,
    0.16378, 0.417101, 0.470478, 0.519251, 0.19215700000000002, 0.325818,
    0.421759, 0.409383, 0.46713, 0.897894, 0.853731, 0.795519, 0.7079, 0.720616,
    0.594058
  ],
  [
    0.6380009999999999, 0.600895, 0.835423, 0.515918, 1.538792, 2.037022,
    2.210218, 0.426317, 0.0, 1.667064, 1.6346610000000001, 1.1692529999999999,
    0.7105130000000001, 0.6253110000000001, 2.336396, 0.62978, 1.27777,
    1.172318, 1.438622, 1.392433, 0.400566, 1.546756, 0.446384, 0.202434,
    0.895064, 1.359431, 1.386805, 0.409383, 1.340417, 0.362958, 0.524104,
    0.945851, 1.3632170000000001, 0.25641699999999995, 1.175177,
    0.5515549999999999, 0.567364, 0.6283529999999999, 1.508206, 2.728373,
    0.528462, 1.8895039999999999, 1.716883, 1.2963959999999999, 1.064029,
    2.389635, 2.107626, 1.45198, 3.038038, 0.683757, 1.773509,
    2.1827910000000004, 0.95184, 1.024613, 1.054729, 1.560213,
    2.5343649999999998, 2.3776080000000004, 2.48851, 2.580094, 0.530103,
    1.632297, 0.769762, 0.5219550000000001, 1.727959, 0.38443900000000003,
    0.48272699999999996, 0.9957039999999999, 0.9905109999999999, 0.485588,
    0.144101, 0.255001, 0.807999, 0.161023, 0.54384, 0.5968600000000001,
    0.621899, 0.566397, 0.584645, 0.5805560000000001, 0.48383,
    0.43078500000000003, 0.627112, 0.682406, 1.133859, 1.1203340000000002,
    1.329949, 1.713921, 1.332454, 1.585612, 1.832665, 1.739269, 2.504904,
    2.1389839999999998, 0.412642, 0.5738730000000001, 0.831082, 1.025087,
    1.5370270000000001, 0.856297, 1.070349, 2.193453, 2.534009, 0.88418,
    0.127922, 0.224603, 0.029899000000000002, 0.044161, 0.19465100000000002,
    0.535652, 0.6219600000000001, 0.5707380000000001, 0.475871, 0.778335,
    0.47944099999999995, 0.350792, 0.527421, 0.439802, 0.452518, 0.557107
  ],
  [
    1.1098240000000001, 1.147703, 1.799542, 1.226346, 0.463169, 4.473914,
    3.424436, 1.350298, 1.667064, 0.0, 3.905252, 2.6366419999999997,
    1.1879739999999999, 1.1056769999999998, 2.005388, 1.559064,
    1.1346079999999998, 0.6190599999999999, 0.23640799999999998, 0.282597,
    1.427853, 1.4197899999999999, 3.349774, 1.5059529999999999, 1.23585,
    1.075834, 0.308998, 1.4218279999999999, 2.8118879999999997, 1.322501,
    2.2469859999999997, 1.3182070000000001, 0.326044, 1.7345679999999999,
    2.642566, 1.338498, 1.937325, 1.1560840000000001, 2.548181, 1.601994,
    1.316885, 1.581922, 3.222224, 2.744812, 0.959915, 3.048552, 1.678501,
    2.919369, 0.3401, 1.180956, 1.413035, 1.748495, 3.752463, 1.671875,
    3.361393, 3.00863, 2.63068, 3.510482, 2.7034890000000003,
    2.6223609999999997, 2.262187, 3.137638, 2.232581, 2.526114,
    0.8311069999999999, 2.040385, 1.5168840000000001, 0.7003680000000001,
    1.380722, 2.306701, 1.8598050000000002, 2.559574, 2.256416, 1.524435,
    1.152232, 1.297086, 1.783172, 1.1034570000000001, 1.30522, 1.231682,
    2.610549, 2.543081, 2.075625, 2.338352, 1.536694, 0.981972,
    1.3062660000000001, 3.219262, 2.7998429999999996, 3.0340279999999997,
    0.9358139999999999, 2.373649, 2.516995, 3.644325, 1.3410419999999998,
    1.7351459999999999, 2.4019589999999997, 1.283353, 3.0423679999999997,
    2.304713, 2.537738, 3.64187, 2.250412, 0.8603200000000001,
    1.8580709999999998, 1.457404, 1.710724, 1.764102, 1.8122660000000002,
    1.183983, 1.242753, 1.2415, 1.510028, 1.020236, 2.025248,
    3.3072220000000003, 2.4529029999999996, 2.534063, 2.521347, 2.235182
  ],
  [
    2.711821, 2.674715, 2.894002, 2.5897379999999997, 3.7547020000000004,
    1.30999, 1.743479, 2.504991, 1.6346610000000001, 3.905252, 0.0, 2.11328,
    2.832805, 2.7475300000000002, 3.747941, 2.511703, 3.9150590000000003,
    3.194382, 3.479524, 3.4333359999999997, 2.5019850000000003, 4.184169,
    1.2185329999999999, 2.3755949999999997, 3.0173550000000002, 2.93779,
    3.427708, 2.510802, 1.596504, 2.4707719999999997, 1.960521, 3.068142,
    3.40412, 1.666976, 2.1192040000000003, 2.673846, 1.868827, 2.750644,
    2.611221, 5.004768, 2.6298809999999997, 4.525493, 0.9498479999999999,
    1.8754760000000001, 3.4148180000000004, 3.3694430000000004, 4.744915,
    2.431788, 4.142171, 2.8060479999999997, 4.409432, 4.818714, 1.296298,
    2.1865639999999997, 0.579932, 2.1392930000000003, 3.751933, 3.357416,
    3.7060790000000003, 3.559902, 1.975721, 1.2458289999999999, 1.879428,
    1.483929, 4.0233550000000005, 1.685902, 2.584146, 3.157046, 2.494996,
    2.020235, 1.513671, 2.158366, 1.837491, 2.277632, 2.666132,
    2.7191509999999997, 2.022979, 2.688688, 2.686064, 2.681975,
    2.2093409999999998, 1.4801790000000001, 1.919794, 1.488326, 2.237993,
    3.465719, 2.737077, 1.006863, 2.312262, 2.164692, 4.128062, 2.318349,
    3.484712, 0.841823, 2.5349340000000002, 1.981, 1.8069570000000001, 3.660222,
    1.1950809999999998, 2.0182480000000003, 2.033312, 2.12052,
    3.4565810000000003, 3.1266909999999997, 1.711989, 2.341211,
    1.6471010000000001, 1.628228, 1.589277, 2.657944, 2.744251,
    2.6721570000000003, 2.57729, 3.2866060000000004, 1.780904, 1.361519,
    1.576816, 1.4891969999999999, 1.501913, 1.948716
  ],
  [
    1.564752, 1.5795830000000002, 1.2267519999999998, 1.494606, 2.469341,
    1.051355, 3.320244, 1.509288, 1.1692529999999999, 2.6366419999999997,
    2.11328, 0.0, 1.425952, 1.579559, 3.43271, 1.726095, 1.842961, 2.149737,
    2.349431, 2.303243, 1.4968810000000001, 1.913797, 1.27684, 1.262924,
    1.625037, 2.4539679999999997, 2.296396, 1.5056980000000002, 0.421, 1.412321,
    1.618641, 1.565962, 2.272808, 1.0270160000000002, 0.0059240000000000004,
    1.337325, 0.698758, 1.567145, 0.739271, 2.977942, 1.622999, 1.69827,
    1.938555, 2.390934, 2.145781, 1.4000350000000001, 2.107676, 0.46238,
    2.835912, 1.3979780000000002, 1.909693, 2.284831, 0.759681,
    2.1209279999999997, 1.476047, 2.65475, 3.628902, 1.3880080000000001,
    3.583048, 1.5904939999999999, 1.626417, 1.8539700000000001, 0.516034,
    1.557266, 2.310136, 0.8580420000000001, 1.579041, 1.8797840000000001,
    2.086826, 1.581903, 1.181189, 1.349539, 1.902536, 1.257338, 1.482633,
    1.304196, 0.851693, 1.6481489999999999, 1.679182, 1.6750930000000002,
    1.580145, 1.466095, 0.566699, 0.907891, 2.2283969999999997, 2.202087,
    1.69699, 1.935594, 0.342854, 2.6801489999999997, 2.414843, 2.833806,
    1.515304, 1.9119629999999999, 1.451011, 0.936225, 0.753984, 1.653794,
    1.7587000000000002, 1.950834, 0.136104, 3.2879899999999997,
    3.6285459999999996, 1.8029929999999998, 1.0345989999999998, 1.320917,
    1.126213, 1.050376, 0.949317, 1.474445, 1.336181, 1.665275,
    1.5721859999999999, 1.7484179999999998, 0.688035, 1.2334649999999998,
    1.562731, 1.4751130000000001, 1.4878289999999998, 1.653422
  ],
  [
    0.373836, 0.39384800000000003, 0.606664, 0.335148, 0.9822219999999999,
    2.3684369999999997, 2.612194, 0.414372, 0.7105130000000001,
    1.1879739999999999, 2.832805, 1.425952, 0.0, 0.323992, 2.190022, 0.905445,
    0.609391, 0.757559, 0.957253, 0.911064, 0.7352069999999999, 0.878501,
    1.2377580000000001, 0.535792, 0.262961, 1.214292, 0.905436, 0.744023,
    1.669442, 0.472157, 0.894779, 0.320697, 0.881848, 0.703804, 1.50012,
    0.20631200000000002, 0.7948780000000001, 0.309529, 1.226765,
    2.0547809999999997, 0.63506, 1.219825, 2.152766, 1.671377, 0.763933,
    2.466862, 1.439246, 1.776923, 1.444546, 0.112096, 1.1050630000000001,
    1.514345, 1.527882, 1.3325429999999998, 2.291935, 1.9351939999999999,
    2.657855, 2.702551, 2.6120010000000002, 2.3130900000000003, 0.939836,
    2.068181, 1.090135, 1.125711, 1.0733679999999999, 1.015514,
    0.8306420000000001, 0.487605, 1.0413910000000002, 0.895321,
    0.9018390000000001, 0.818999, 1.174819, 0.5630170000000001, 0.258755,
    0.14288700000000001, 0.640726, 0.421631, 0.64875, 0.575212, 0.893563,
    1.03454, 0.933179, 1.240698, 1.197363, 0.826999, 0.7431409999999999,
    2.149804, 1.657397, 1.960593, 1.178075, 2.034318, 1.966346,
    2.5748670000000002, 0.37891800000000003, 0.592699, 1.2595129999999999,
    0.354554, 1.9729100000000002, 1.223117, 1.395292, 2.568435, 2.387285,
    0.412032, 0.901721, 0.499438, 0.752758, 0.806136, 0.7780710000000001,
    0.290505, 0.08855299999999999, 0.5850299999999999, 0.823787, 0.462536,
    0.882802, 1.189388, 1.131176, 1.043558, 1.056274, 0.96684
  ],
  [
    0.049844, 0.072816, 0.693804, 0.173319, 0.983413, 2.522043, 2.421672,
    0.281815, 0.6253110000000001, 1.1056769999999998, 2.7475300000000002,
    1.579559, 0.323992, 0.0, 1.941232, 0.594664, 0.9693099999999999,
    0.6081409999999999, 0.874445, 0.8282569999999999, 0.439342, 1.23842,
    1.149494, 0.461339, 0.627086, 0.9659139999999999, 0.8234009999999999,
    0.433317, 1.756582, 0.33952899999999997, 0.762223, 0.684823, 0.799812,
    0.689954, 1.58726, 0.283192, 0.882019, 0.031235, 1.3139049999999999,
    2.291339, 0.295265, 1.5797439999999998, 2.064574, 1.538821, 0.515555,
    2.554002, 1.799166, 1.864063, 1.3617380000000001, 0.21189599999999997,
    1.464983, 1.874265, 1.618139, 1.084166, 2.203743, 1.802638, 2.409478,
    2.789691, 2.3636239999999997, 2.673009, 0.8489009999999999, 1.979989,
    1.177275, 1.033502, 1.309926, 0.9958429999999999, 0.533413, 0.488796,
    0.7930130000000001, 0.804387, 0.813575, 0.730735, 1.042263, 0.474753,
    0.098728, 0.328026, 0.727866, 0.08183700000000001, 0.40997, 0.336432,
    0.802557, 0.946276, 1.020319, 1.2937370000000001, 0.948985,
    0.5786209999999999, 1.10306, 2.0616120000000002, 1.744536,
    1.8280370000000001, 1.414633, 1.785941, 2.326265, 2.486676, 0.270281,
    0.67984, 1.346653, 0.7144729999999999, 1.884719, 1.090561, 1.482432,
    2.435878, 2.138908, 0.320003, 0.813457, 0.411174, 0.664494, 0.717872,
    0.767652, 0.106121, 0.27369299999999996, 0.34625, 0.526557, 0.214159,
    0.969942, 1.101124, 1.042912, 0.955294, 0.96801, 0.875834
  ],
  [
    1.948169, 1.9852750000000001, 2.678942, 2.104904, 2.233806, 4.513889,
    2.441836, 2.173378, 2.336396, 2.005388, 3.747941, 3.43271, 2.190022,
    1.941232, 0.0, 1.662196, 2.636209, 1.7422739999999999, 1.902882,
    1.8566500000000001, 1.9645920000000001, 2.9213910000000003, 2.640149,
    2.252558, 2.3605210000000003, 0.9299919999999999, 1.8352840000000001,
    1.939594, 3.698489, 2.092361, 1.9461700000000002, 2.418259, 1.791728,
    2.4097869999999997, 3.5291680000000003, 2.193931, 2.8239259999999997,
    1.9243599999999998, 3.256094, 3.394302, 1.9401890000000002,
    3.1636610000000003, 2.668288, 2.0018540000000002, 1.470802,
    4.6303339999999995, 3.260284, 3.80597, 1.608567, 2.031567, 2.994774,
    3.330234, 3.108721, 1.599014, 4.446503, 1.7814210000000001,
    1.0708630000000001, 4.731598, 1.319261, 4.204144, 2.085976,
    2.8294789999999996, 3.119183, 2.51721, 2.412846, 2.714727, 1.795025,
    2.0483719999999996, 1.4127100000000001, 2.13049, 2.444824,
    2.2314540000000003, 1.989808, 2.155472, 1.9918520000000002,
    2.1476979999999997, 2.669774, 1.873317, 1.854051, 1.896056, 2.049098,
    2.399145, 2.962227, 3.012693, 1.568682, 1.492859, 2.8078670000000003,
    2.7092199999999997, 3.686444, 1.908155, 2.517596, 1.6032870000000001,
    4.098734, 2.698599, 2.141054, 2.621747, 3.16137, 2.4478649999999997,
    2.558029, 2.1193809999999997, 3.42434, 2.196919, 0.6905950000000001,
    2.006744, 2.442731, 2.218175, 2.3055920000000003, 2.35897,
    2.4866080000000004, 1.988591, 2.0933640000000002, 1.886238, 1.801769,
    1.9423540000000001, 2.8097280000000002, 2.591779, 2.443999, 2.408163,
    2.420879, 2.058971
  ],
  [
    0.6308830000000001, 0.625341, 1.1139890000000001, 0.687276,
    1.7400719999999998, 2.666802, 2.095012, 0.563292, 0.62978, 1.559064,
    2.511703, 1.726095, 0.905445, 0.594664, 1.662196, 0.0, 1.49756, 0.962253,
    1.3350090000000001, 1.2888199999999999, 0.317498, 1.76667, 0.921294,
    0.605464, 1.177076, 0.7397870000000001, 1.283192, 0.2925,
    2.0236099999999997, 0.5373819999999999, 0.3247, 1.213073, 1.259604,
    0.761816, 1.8583699999999999, 0.7713840000000001, 1.250557,
    0.5920059999999999, 1.7283989999999998, 2.6840289999999998, 0.299399,
    2.109294, 1.559629, 1.073536, 0.744107, 2.968496, 2.3274160000000004,
    2.135174, 1.35294, 0.771263, 1.991933, 2.401215, 1.389867, 0.546541,
    1.6987970000000001, 1.337353, 1.894156, 3.0608020000000002, 1.848301,
    3.201259, 0.42744099999999996, 1.411163, 1.452956, 0.798356, 1.702616,
    1.067633, 0.147931, 0.963514, 0.37583300000000003, 0.332001, 0.72597,
    0.512599, 0.576978, 0.507501, 0.624605, 0.8872519999999999,
    1.1423599999999998, 0.500108, 0.272915, 0.335249, 0.330243,
    0.6802910000000001, 1.310305, 1.365599, 0.42830599999999996, 0.751122,
    1.63131, 1.556667, 2.015647, 1.362752, 1.807323, 1.2444739999999999,
    2.3318049999999997, 1.620678, 0.632471, 1.0943340000000001,
    1.5142760000000002, 1.242723, 1.170455, 0.6252759999999999,
    1.7535429999999999, 1.970593, 1.919331, 0.801601, 0.795636,
    0.5710810000000001, 0.658498, 0.711875, 0.839514, 0.592854, 0.889143,
    0.32543099999999997, 0.154675, 0.7007680000000001, 1.162634, 0.872924,
    0.7251449999999999, 0.689308, 0.702024, 0.40043599999999996
  ],
  [
    1.019154, 1.0405689999999999, 0.808745, 0.961831, 0.690532, 2.785446,
    3.631528, 0.992794, 1.27777, 1.1346079999999998, 3.9150590000000003,
    1.842961, 0.609391, 0.9693099999999999, 2.636209, 1.49756, 0.0, 1.005272,
    1.038436, 0.992247, 1.311475, 0.28226100000000004, 1.669625, 1.077167,
    0.382706, 1.720803, 1.017256, 1.320292, 2.023164, 1.048425,
    1.4563130000000002, 0.37171, 0.993668, 1.200172, 1.853842, 0.795088,
    1.1485999999999998, 0.886602, 1.589844, 1.442812, 1.158518,
    0.6235850000000001, 3.1753899999999997, 2.232911, 1.275828, 2.14323,
    0.8430059999999999, 2.130645, 1.467552, 0.791767, 0.507524, 0.916805,
    1.881604, 1.837679, 3.314559, 2.4967289999999998, 3.1629899999999997,
    2.604971, 3.117136, 1.71685, 1.492895, 3.090805, 1.443857, 1.671933,
    0.521992, 1.404753, 1.406911, 0.713505, 1.546526, 1.44838, 1.448062,
    1.365221, 1.736353, 1.10924, 0.882749, 0.6756369999999999, 0.994448,
    0.9450890000000001, 1.1722080000000001, 1.09867, 1.446622, 1.580763,
    1.286901, 1.5944200000000002, 1.702498, 1.332134, 0.177003, 3.172428,
    2.0111179999999997, 2.522127, 0.626699, 2.539453, 1.3701050000000001,
    3.5974909999999998, 0.93414, 0.9464210000000001, 1.613235, 0.336856,
    2.995535, 1.784651, 1.7490139999999998, 3.129969, 2.895381, 0.738738,
    1.394873, 1.04566, 1.298981, 1.412428, 1.274439, 0.9145, 0.72997,
    1.1084880000000001, 1.400055, 0.7924329999999999, 1.236524, 1.735611,
    1.6773989999999999, 1.5897809999999999, 1.6024960000000001, 1.5199
  ],
  [
    0.615078, 0.6521849999999999, 1.371406, 0.771813, 0.739913, 3.96033,
    2.9108519999999998, 0.861112, 1.172318, 0.6190599999999999, 3.194382,
    2.149737, 0.757559, 0.6081409999999999, 1.7422739999999999, 0.962253,
    1.005272, 0.0, 0.464736, 0.418547, 0.930768, 1.3135709999999998,
    2.6389050000000003, 1.011937, 0.812447, 0.826868, 0.384758,
    0.9247430000000001, 2.388484, 0.828484, 1.536117, 0.870183,
    0.34587599999999996, 1.240551, 2.219163, 0.915095, 1.513921,
    0.6277699999999999, 1.985381, 1.989979, 0.822868, 1.654895, 2.511354,
    2.033943, 0.427988, 3.226011, 1.855961, 2.4959659999999997, 0.747838,
    0.757553, 1.5904939999999999, 1.925954, 3.0415929999999998, 1.184974,
    2.650523, 2.2977600000000002, 2.381714, 3.4215940000000002, 2.454523,
    2.799821, 1.551317, 2.4267689999999997, 1.8091780000000002,
    1.8152439999999999, 1.008567, 1.546368, 1.019799, 0.295314, 0.893821,
    1.595831, 1.365788, 1.848704, 1.545546, 1.0304179999999998, 0.728829,
    0.873683, 1.359769, 0.6094400000000001, 0.8081349999999999,
    0.7345969999999999, 1.8996790000000001, 1.832212, 1.652222, 1.844335,
    1.217567, 0.458539, 1.1279949999999999, 2.5083919999999997, 2.376439,
    2.323159, 1.113273, 1.886749, 2.401416, 2.933455, 0.877177, 1.311742,
    1.978556, 0.8998339999999999, 2.331498, 1.593844, 2.114334, 2.931, 2.001446,
    0.36630399999999996, 1.364054, 0.966839, 1.2167070000000002,
    1.2700850000000001, 1.31825, 0.760579, 0.81935, 0.7444149999999999,
    1.012943, 0.5262190000000001, 1.601844, 2.596352, 1.742033, 1.823194,
    1.810478, 1.524312
  ],
  [
    0.882154, 0.918489, 1.5711, 0.997904, 0.46595, 4.2454719999999995,
    3.1959940000000002, 1.121856, 1.438622, 0.23640799999999998, 3.479524,
    2.349431, 0.957253, 0.874445, 1.902882, 1.3350090000000001, 1.038436,
    0.464736, 0.0, 0.046188, 1.197132, 1.330889, 2.924047, 1.2752329999999998,
    1.005129, 0.987432, 0.117305, 1.191107, 2.5811669999999998, 1.09178,
    1.821259, 1.062866, 0.110349, 1.503847, 2.411845, 1.107777, 1.706604,
    0.925363, 2.178064, 1.6582000000000001, 1.086165, 1.493021, 2.796497,
    2.319085, 0.846834, 2.959651, 1.5896, 2.688648, 0.5877340000000001,
    0.950235, 1.324134, 1.659594, 3.326735, 1.583473, 2.9356649999999997,
    2.5829020000000003, 2.542279, 3.421581, 2.615087, 2.53346, 1.836459,
    2.711911, 2.001861, 2.100387, 0.742206, 1.809664, 1.286163, 0.469647,
    1.2923209999999998, 1.880974, 1.6290850000000001, 2.133846, 1.830688,
    1.290262, 0.921511, 1.066366, 1.552452, 0.872736, 1.074499, 1.000961,
    2.184821, 2.1173539999999997, 1.844905, 2.107631, 1.50271, 0.810819,
    1.2173640000000001, 2.793535, 2.5691219999999997, 2.608301, 0.846913,
    2.285248, 2.428094, 3.218598, 1.1103219999999998, 1.504425, 2.171238,
    1.084317, 2.616641, 1.878986, 2.3070169999999997, 3.2161419999999996,
    2.1620100000000004, 0.6296, 1.6273499999999999, 1.226683,
    1.4800039999999999, 1.533381, 1.5815460000000001, 0.9532619999999999,
    1.012032, 1.010779, 1.279307, 0.789515, 1.794527, 2.8814949999999997,
    2.027176, 2.108336, 2.09562, 1.809455
  ],
  [
    0.835966, 0.8723, 1.524912, 0.951716, 0.419762, 4.199284,
    3.1498049999999997, 1.075667, 1.392433, 0.282597, 3.4333359999999997,
    2.303243, 0.911064, 0.8282569999999999, 1.8566500000000001,
    1.2888199999999999, 0.992247, 0.418547, 0.046188, 0.0, 1.150944, 1.2847,
    2.877859, 1.229044, 0.958941, 0.9412440000000001, 0.087749, 1.144919,
    2.534979, 1.045592, 1.7750709999999998, 1.016678, 0.064161, 1.457659,
    2.365657, 1.061589, 1.660416, 0.881019, 2.131875, 1.702542, 1.039976,
    1.4468320000000001, 2.750308, 2.272897, 0.800646, 2.913462, 1.543412,
    2.6424600000000003, 0.633923, 0.904047, 1.2779449999999999, 1.613406,
    3.280547, 1.537285, 2.889477, 2.536714, 2.49609, 3.375393, 2.568899,
    2.487272, 1.790271, 2.665723, 1.955672, 2.054198, 0.696018, 1.763476,
    1.2399749999999998, 0.42345900000000003, 1.246132, 1.834785,
    1.5828959999999999, 2.087658, 1.7845, 1.2440740000000001, 0.875323,
    1.0201770000000001, 1.506263, 0.826547, 1.028311, 0.954773, 2.138633,
    2.071165, 1.798716, 2.061442, 1.456521, 0.764631, 1.171176, 2.747346,
    2.5229340000000002, 2.5621129999999996, 0.800725, 2.23906, 2.381906,
    3.172409, 1.064133, 1.458236, 2.1250500000000003, 1.038128,
    2.5704520000000004, 1.832797, 2.260829, 3.169954, 2.115822,
    0.5834109999999999, 1.581162, 1.1804949999999999, 1.433815, 1.487193,
    1.5353569999999999, 0.9070739999999999, 0.965844, 0.964591,
    1.2331189999999999, 0.743326, 1.7483389999999999, 2.835306, 1.980987,
    2.062148, 2.049432, 1.763266
  ],
  [
    0.384015, 0.378473, 0.875202, 0.444786, 1.358573, 2.4375880000000003,
    1.9925709999999999, 0.320803, 0.400566, 1.427853, 2.5019850000000003,
    1.4968810000000001, 0.7352069999999999, 0.439342, 1.9645920000000001,
    0.317498, 1.311475, 0.930768, 1.197132, 1.150944, 0.0, 1.5827390000000001,
    0.914284, 0.37625, 0.938289, 1.089768, 1.144114, 0.024998,
    1.7943959999999999, 0.294892, 0.333049, 0.9890760000000001,
    1.1205260000000001, 0.532602, 1.629157, 0.528894, 1.0577260000000002,
    0.436684, 1.4896120000000002, 2.544951, 0.144077, 1.924063,
    1.8189570000000002, 1.1096469999999998, 0.8254400000000001,
    2.7297089999999997, 2.143484, 1.90596, 1.651594, 0.6678379999999999,
    1.8093009999999998, 2.218583, 1.382857, 0.824576, 1.958126, 1.373464,
    2.264702, 2.831588, 2.2188470000000002, 3.017328, 0.419728, 1.447274,
    1.2237419999999999, 0.841568, 1.563539, 0.838419, 0.180674, 0.823997,
    0.7208479999999999, 0.375213, 0.578365, 0.495525, 0.61309,
    0.27828699999999995, 0.521179, 0.644762, 0.903573, 0.344786, 0.196316,
    0.19617099999999998, 0.373455, 0.723503, 1.0810909999999998, 1.136385,
    0.781906, 0.881746, 1.447379, 1.8159949999999998, 1.786433, 1.398863,
    1.668245, 1.55252, 2.093018, 2.2410579999999998, 0.389981, 0.855546,
    1.285062, 1.058791, 1.639102, 0.661387, 1.524328, 2.0067049999999997,
    2.264346, 0.662524, 0.566422, 0.356695, 0.429284, 0.482661, 0.6103,
    0.437532, 0.646653, 0.18635300000000002, 0.173819, 0.56169,
    0.9334199999999999, 0.865914, 0.768357, 0.732521, 0.7328, 0.446732
  ],
  [
    1.2882639999999999, 1.309679, 0.8795810000000001, 1.230942,
    0.9757129999999999, 2.855063, 3.900638, 1.261904, 1.546756,
    1.4197899999999999, 4.184169, 1.913797, 0.878501, 1.23842,
    2.9213910000000003, 1.76667, 0.28226100000000004, 1.3135709999999998,
    1.330889, 1.2847, 1.5827390000000001, 0.0, 1.7404300000000001, 1.210194,
    0.651882, 1.953086, 1.249539, 1.5502360000000002, 2.093969,
    1.3176020000000002, 1.687945, 0.640886, 1.225951, 1.270977, 1.924647,
    1.0642639999999999, 1.219405, 1.155778, 1.321856, 1.3409259999999998,
    1.427694, 0.355597, 2.877191, 2.464543, 1.5450050000000002, 1.954239,
    0.654015, 1.809734, 1.699835, 1.060943, 0.318532, 0.727814, 1.952409,
    2.106855, 3.01636, 2.7283600000000003, 3.4321669999999997,
    2.4159789999999997, 3.3863119999999998, 1.5278589999999999, 1.690411,
    2.792606, 1.514662, 1.833353, 0.66098, 1.475558, 1.633152, 1.071488,
    1.815702, 1.645897, 1.612269, 1.5266410000000001, 1.9679849999999999,
    1.307772, 1.151926, 0.944813, 1.065253, 1.214266, 1.441385, 1.367846,
    1.6441389999999998, 1.742183, 1.3577059999999999, 1.665225, 1.971674,
    1.60131, 0.309956, 2.8742289999999997, 1.826491, 2.753759, 0.782723,
    2.80863, 1.102117, 3.299292, 1.203316, 1.017226, 1.68404, 0.606032,
    2.697335, 2.016283, 1.8198189999999999, 3.3615999999999997, 3.127664,
    1.007915, 1.465678, 1.2441929999999999, 1.453738, 1.483233,
    1.3452439999999999, 1.183676, 0.999146, 1.377664, 1.626297, 1.06161,
    1.307328, 1.6875499999999999, 1.838819, 1.7512, 1.763916, 1.7174159999999998
  ],
  [
    1.113785, 1.0766790000000002, 1.048459, 0.991702, 2.014576, 1.559411,
    2.375732, 0.902101, 0.446384, 3.349774, 1.2185329999999999, 1.27684,
    1.2377580000000001, 1.149494, 2.640149, 0.921294, 1.669625,
    2.6389050000000003, 2.924047, 2.877859, 0.914284, 1.7404300000000001, 0.0,
    0.658211, 1.251893, 1.868184, 2.87223, 0.923101, 1.3685340000000001,
    0.876676, 0.719387, 1.30268, 2.848642, 0.472884, 1.282548,
    1.0763699999999998, 0.674735, 1.1531669999999998, 1.615577, 3.053756,
    1.04218, 2.115388, 0.832926, 1.498823, 1.588843, 2.497006,
    2.3668449999999996, 1.5593510000000002, 3.586694, 1.2085709999999998,
    2.031362, 2.440644, 0.529668, 1.22704, 0.632786, 1.7626400000000002,
    2.79241, 2.4855970000000003, 2.746555, 2.687464, 0.700384, 0.74834,
    0.877133, 0.426977, 2.084787, 0.49181, 0.996445, 1.520518, 1.504229,
    0.655869, 0.319579, 0.593649, 1.010426, 0.674742, 1.068655, 1.121674,
    0.8288869999999999, 1.091211, 1.098363, 1.094274, 0.591052, 0.418162,
    0.734482, 0.300359, 1.6825160000000001, 1.645149, 1.5429849999999998,
    0.829964, 1.4398250000000001, 2.192085, 2.1894940000000003,
    1.9416959999999999, 2.612893, 1.267966, 0.9374560000000001, 0.786908,
    0.618989, 1.381916, 0.65307, 1.058724, 1.17772, 2.7999270000000003,
    2.704576, 1.4089939999999999, 0.517897, 0.738321, 0.453009, 0.434136,
    0.395185, 1.060467, 1.146774, 1.0844559999999999, 0.989589, 1.303149,
    0.586812, 0.180352, 0.514798, 0.42718, 0.439896, 0.727388
  ],
  [
    0.42563, 0.388524, 0.5439769999999999, 0.303547, 1.326421,
    2.2036309999999997, 2.1811350000000003, 0.212938, 0.202434,
    1.5059529999999999, 2.3755949999999997, 1.262924, 0.535792, 0.461339,
    2.252558, 0.605464, 1.077167, 1.011937, 1.2752329999999998, 1.229044,
    0.37625, 1.210194, 0.658211, 0.0, 0.694461, 1.335115, 1.222875, 0.385067,
    1.507026, 0.20311, 0.499788, 0.745248, 1.199317, 0.245231,
    1.3417860000000001, 0.387625, 0.733973, 0.46445299999999995,
    1.1640789999999999, 2.52777, 0.504146, 1.687602, 1.692567,
    1.2720799999999999, 0.9001290000000001, 2.556244, 1.908323,
    1.6185889999999998, 1.7262819999999999, 0.519827, 1.57284,
    1.9821220000000002, 1.208745, 1.000297, 1.831735, 1.5358969999999998,
    2.510049, 2.544217, 2.464194, 2.780867, 0.505787, 1.607981, 0.936371,
    0.628125, 1.527356, 0.551048, 0.45841000000000004, 0.831774, 0.966195,
    0.461272, 0.39759, 0.321413, 0.783683, 0.136707, 0.37991, 0.43293, 0.57804,
    0.402497, 0.560329, 0.55624, 0.45951400000000003, 0.5369539999999999,
    0.793721, 0.849015, 1.109543, 0.9564349999999999, 0.9890209999999999,
    1.689605, 1.499063, 1.561296, 1.632062, 1.714953, 1.7674839999999998,
    2.114668, 0.248712, 0.5300130000000001, 0.997691, 0.824484, 1.512711,
    0.831981, 1.236958, 2.169137, 2.5096930000000004, 0.7202799999999999,
    0.368734, 0.124224, 0.24850899999999998, 0.386289, 0.32293, 0.371723,
    0.45803, 0.5464220000000001, 0.451555, 0.614405, 0.6460499999999999,
    0.691802, 0.63359, 0.545972, 0.558688, 0.532791
  ],
  [
    0.6769299999999999, 0.698345, 0.590821, 0.615401, 0.885127, 2.567521,
    2.796745, 0.646364, 0.895064, 1.23585, 3.0173550000000002, 1.625037,
    0.262961, 0.627086, 2.3605210000000003, 1.177076, 0.382706, 0.812447,
    1.005129, 0.958941, 0.938289, 0.651882, 1.251893, 0.694461, 0.0, 1.426832,
    0.953313, 0.947105, 1.800842, 0.704149, 1.084815, 0.08258700000000001,
    0.929724, 0.786707, 1.63152, 0.45081099999999996, 0.926279,
    0.5940059999999999, 1.197785, 1.833308, 0.865923, 0.99314,
    2.3211370000000002, 1.861413, 0.9764729999999999, 2.512596, 1.212562,
    1.908323, 1.492422, 0.44749, 0.878379, 1.286361, 1.659282, 1.545083,
    2.460306, 2.12523, 2.870395, 2.833951, 2.824541, 2.0864059999999998,
    1.121397, 2.236552, 1.221535, 1.2892270000000001, 0.832894, 1.182432,
    1.030022, 0.535482, 1.2539310000000001, 1.0768820000000001, 1.065355,
    0.982515, 1.364855, 0.726533, 0.590154, 0.33136, 0.772126, 0.652494,
    0.8796130000000001, 0.8060750000000001, 1.075124, 1.198056, 1.064579,
    1.372098, 1.4099030000000001, 1.039538, 0.44598200000000005, 2.318175,
    1.788797, 2.150629, 0.937601, 2.246858, 1.7396610000000001, 2.743238,
    0.589863, 0.7241000000000001, 1.390913, 0.130023, 2.1412809999999998,
    1.413153, 1.526692, 2.75847, 2.5998249999999996, 0.44614299999999996,
    0.981409, 0.6629539999999999, 0.916274, 0.9696520000000001, 0.860975,
    0.6219049999999999, 0.385693, 0.815893, 1.023167, 0.499838, 1.014202,
    1.352904, 1.294693, 1.207074, 1.21979, 1.148401
  ],
  [
    0.972851, 1.009958, 1.703625, 1.129586, 1.2568409999999999,
    3.7037370000000003, 2.21785, 1.1980609999999998, 1.359431, 1.075834,
    2.93779, 2.4539679999999997, 1.214292, 0.9659139999999999,
    0.9299919999999999, 0.7397870000000001, 1.720803, 0.826868, 0.987432,
    0.9412440000000001, 1.089768, 1.953086, 1.868184, 1.335115, 1.426832, 0.0,
    0.907454, 1.0171860000000001, 2.782693, 1.176565, 1.023761, 1.502462,
    0.868572, 1.486501, 2.613371, 1.278135, 1.90813, 1.008564, 2.340017,
    2.478853, 1.017781, 2.248255, 2.249797, 1.505966, 0.541154, 3.714885,
    2.3448339999999996, 2.890174, 0.8580099999999999, 1.115771,
    2.0793670000000004, 2.414828, 2.186313, 0.764401, 2.3889650000000002,
    1.566067, 1.553262, 3.815802, 1.6260709999999998, 3.288694, 1.126502,
