[
    [
        0.0,
        0.26170699999999997,
        0.223077,
        0.154649,
        0.343117,
        0.032304
    ],
    [
        0.26170699999999997,
        0.0,
        0.038630000000000005,
        0.15723099999999998,
        0.551085,
        0.229404
    ],
    [
        0.223077,
        0.038630000000000005,
        0.0,
        0.1186,
        0.512454,
        0.190773
    ],
    [
        0.154649,
        0.15723099999999998,
        0.1186,
        0.0,
        0.44402600000000003,
        0.122345
    ],
    [
        0.343117,
        0.551085,
        0.512454,
        0.44402600000000003,
        0.0,
        0.321681
    ],
    [
        0.032304,
        0.229404,
        0.190773,
        0.122345,
        0.321681,
        0.0
    ]
]