[
    [
        0.0,
        1.096183,
        0.7930470000000001,
        0.727917,
        0.21340399999999998,
        0.8776280000000001,
        0.993125,
        1.161783,
        0.605826,
        0.824586,
        0.467169,
        1.630896,
        0.22199000000000002,
        0.461749,
        2.916997,
        0.708819,
        0.006341,
        0.7035589999999999,
        1.0913009999999999,
        0.609066
    ],
    [
        1.096183,
        0.0,
        1.7239090000000001,
        1.137132,
        1.2585979999999999,
        1.513523,
        1.930498,
        1.777356,
        1.064653,
        1.876036,
        1.036614,
        2.008853,
        1.267183,
        1.0420340000000001,
        2.020429,
        0.696357,
        1.0849600000000001,
        0.6909,
        0.004883,
        1.660516
    ],
    [
        0.7930470000000001,
        1.7239090000000001,
        0.0,
        1.2212809999999998,
        0.780516,
        1.1553140000000002,
        1.169566,
        1.590375,
        1.21557,
        0.292863,
        1.076913,
        0.970314,
        0.67118,
        1.0714919999999999,
        3.492406,
        1.42354,
        0.776594,
        0.98342,
        1.7223510000000002,
        0.183981
    ],
    [
        0.727917,
        1.137132,
        1.2212809999999998,
        0.0,
        0.547125,
        0.373336,
        0.782341,
        0.737009,
        0.14924600000000002,
        1.1043589999999999,
        0.287902,
        1.915009,
        0.6398250000000001,
        0.293323,
        2.967144,
        0.465964,
        0.7360359999999999,
        1.402877,
        1.1250989999999998,
        1.024594
    ],
    [
        0.21340399999999998,
        1.2585979999999999,
        0.780516,
        0.547125,
        0.0,
        0.639821,
        0.783424,
        0.993878,
        0.496798,
        0.75342,
        0.346251,
        1.553356,
        0.11938800000000001,
        0.340831,
        3.084294,
        0.692878,
        0.219745,
        0.916964,
        1.258597,
        0.5966710000000001
    ],
    [
        0.8776280000000001,
        1.513523,
        1.1553140000000002,
        0.373336,
        0.639821,
        0.0,
        0.500917,
        0.44253899999999996,
        0.440473,
        1.047237,
        0.579129,
        1.828642,
        0.627533,
        0.626266,
        3.264599,
        0.8151390000000001,
        0.869266,
        1.536108,
        1.5060419999999999,
        0.971333
    ],
    [
        0.993125,
        1.930498,
        1.169566,
        0.782341,
        0.783424,
        0.500917,
        0.0,
        0.502786,
        0.8494769999999999,
        1.055603,
        0.955264,
        1.837008,
        0.771135,
        0.949843,
        3.857558,
        1.240511,
        0.999466,
        1.4484059999999999,
        1.925615,
        0.9854980000000001
    ],
    [
        1.161783,
        1.777356,
        1.590375,
        0.737009,
        0.993878,
        0.44253899999999996,
        0.502786,
        0.0,
        0.804145,
        1.482299,
        0.915841,
        2.263704,
        1.054623,
        0.91042,
        3.383917,
        1.201088,
        1.153421,
        1.820263,
        1.809648,
        1.406395
    ],
    [
        0.605826,
        1.064653,
        1.21557,
        0.14924600000000002,
        0.496798,
        0.440473,
        0.8494769999999999,
        0.804145,
        0.0,
        1.1139809999999999,
        0.138657,
        1.924631,
        0.564486,
        0.144078,
        2.874956,
        0.374666,
        0.612167,
        1.1742519999999999,
        1.0597699999999999,
        1.0315889999999999
    ],
    [
        0.824586,
        1.876036,
        0.292863,
        1.1043589999999999,
        0.75342,
        1.047237,
        1.055603,
        1.482299,
        1.1139809999999999,
        0.0,
        1.108452,
        0.799936,
        0.7027190000000001,
        1.103032,
        3.672682,
        1.455079,
        0.808133,
        1.166945,
        1.845428,
        0.212794
    ],
    [
        0.467169,
        1.036614,
        1.076913,
        0.287902,
        0.346251,
        0.579129,
        0.955264,
        0.915841,
        0.138657,
        1.108452,
        0.0,
        1.913586,
        0.42583,
        0.0054210000000000005,
        2.869514,
        0.346627,
        0.47351,
        1.145035,
        1.03173,
        0.8929320000000001
    ],
    [
        1.630896,
        2.008853,
        0.970314,
        1.915009,
        1.553356,
        1.828642,
        1.837008,
        2.263704,
        1.924631,
        0.799936,
        1.913586,
        0.0,
        1.509018,
        1.909331,
        3.793332,
        2.100991,
        1.614432,
        1.317953,
        2.00397,
        1.012718
    ],
    [
        0.22199000000000002,
        1.267183,
        0.67118,
        0.6398250000000001,
        0.11938800000000001,
        0.627533,
        0.771135,
        1.054623,
        0.564486,
        0.7027190000000001,
        0.42583,
        1.509018,
        0.0,
        0.420409,
        3.09288,
        0.772456,
        0.22833,
        0.677271,
        1.265625,
        0.487199
    ],
    [
        0.461749,
        1.0420340000000001,
        1.0714919999999999,
        0.293323,
        0.340831,
        0.626266,
        0.949843,
        0.91042,
        0.144078,
        1.103032,
        0.0054210000000000005,
        1.909331,
        0.420409,
        0.0,
        2.874935,
        0.352047,
        0.468089,
        1.1349310000000001,
        1.0371510000000002,
        0.887512
    ],
    [
        2.916997,
        2.020429,
        3.492406,
        2.967144,
        3.084294,
        3.264599,
        3.857558,
        3.383917,
        2.874956,
        3.672682,
        2.869514,
        3.793332,
        3.09288,
        2.874935,
        0.0,
        2.6204270000000003,
        2.8941410000000003,
        2.518808,
        2.020851,
        3.469697
    ],
    [
        0.708819,
        0.696357,
        1.42354,
        0.465964,
        0.692878,
        0.8151390000000001,
        1.240511,
        1.201088,
        0.374666,
        1.455079,
        0.346627,
        2.100991,
        0.772456,
        0.352047,
        2.6204270000000003,
        0.0,
        0.7024790000000001,
        1.03703,
        0.691474,
        1.239559
    ],
    [
        0.006341,
        1.0849600000000001,
        0.776594,
        0.7360359999999999,
        0.219745,
        0.869266,
        0.999466,
        1.153421,
        0.612167,
        0.808133,
        0.47351,
        1.614432,
        0.22833,
        0.468089,
        2.8941410000000003,
        0.7024790000000001,
        0.0,
        0.697219,
        1.083402,
        0.602726
    ],
    [
        0.7035589999999999,
        0.6909,
        0.98342,
        1.402877,
        0.916964,
        1.536108,
        1.4484059999999999,
        1.820263,
        1.1742519999999999,
        1.166945,
        1.145035,
        1.317953,
        0.677271,
        1.1349310000000001,
        2.518808,
        1.03703,
        0.697219,
        0.0,
        0.6860170000000001,
        1.106403
    ],
    [
        1.0913009999999999,
        0.004883,
        1.7223510000000002,
        1.1250989999999998,
        1.258597,
        1.5060419999999999,
        1.925615,
        1.809648,
        1.0597699999999999,
        1.845428,
        1.03173,
        2.00397,
        1.265625,
        1.0371510000000002,
        2.020851,
        0.691474,
        1.083402,
        0.6860170000000001,
        0.0,
        1.6556330000000001
    ],
    [
        0.609066,
        1.660516,
        0.183981,
        1.024594,
        0.5966710000000001,
        0.971333,
        0.9854980000000001,
        1.406395,
        1.0315889999999999,
        0.212794,
        0.8929320000000001,
        1.012718,
        0.487199,
        0.887512,
        3.469697,
        1.239559,
        0.602726,
        1.106403,
        1.6556330000000001,
        0.0
    ]
]