[
    [
        0.0,
        0.849446,
        1.032716,
        1.8105550000000001,
        1.0803399999999999,
        1.3906800000000001,
        0.749687,
        2.271302,
        1.903162,
        1.286781,
        1.2671700000000001,
        0.672252,
        3.4022069999999998,
        2.946165,
        0.713189,
        1.3959190000000001,
        1.305218,
        1.6978659999999999,
        2.094912,
        1.7203430000000002
    ],
    [
        0.849446,
        0.0,
        1.801745,
        2.206183,
        1.861694,
        1.786308,
        1.543577,
        2.66693,
        2.656898,
        2.047336,
        1.662799,
        1.427992,
        3.7978359999999998,
        3.341793,
        0.6224679999999999,
        2.211051,
        2.046023,
        2.093495,
        2.4905410000000003,
        2.472419
    ],
    [
        1.032716,
        1.801745,
        0.0,
        1.505614,
        0.360525,
        1.343772,
        0.291219,
        2.032343,
        1.10098,
        0.47512,
        0.9303210000000001,
        1.279921,
        3.0258580000000004,
        2.701934,
        1.17109,
        0.43351799999999996,
        0.329942,
        1.129552,
        1.9785270000000001,
        0.9488300000000001
    ],
    [
        1.8105550000000001,
        2.206183,
        1.505614,
        0.0,
        1.3010039999999998,
        0.497016,
        1.491349,
        0.6322190000000001,
        1.254149,
        1.3454970000000002,
        0.8201,
        1.162276,
        1.763124,
        1.307082,
        2.33257,
        1.878015,
        1.852258,
        0.393304,
        0.578403,
        1.144586
    ],
    [
        1.0803399999999999,
        1.861694,
        0.360525,
        1.3010039999999998,
        0.0,
        1.121394,
        0.37918999999999997,
        1.809964,
        0.822823,
        0.206441,
        0.699029,
        1.0486300000000002,
        2.667422,
        2.479556,
        1.2204110000000001,
        0.713073,
        0.687317,
        0.9071739999999999,
        1.756149,
        0.640003
    ],
    [
        1.3906800000000001,
        1.786308,
        1.343772,
        0.497016,
        1.121394,
        0.0,
        1.2991400000000002,
        0.965583,
        1.212046,
        1.2685920000000002,
        0.5007119999999999,
        0.7211749999999999,
        2.096489,
        1.6404459999999998,
        1.91235,
        1.719997,
        1.6942409999999999,
        0.375472,
        0.9117670000000001,
        1.102482
    ],
    [
        0.749687,
        1.543577,
        0.291219,
        1.491349,
        0.37918999999999997,
        1.2991400000000002,
        0.0,
        2.002639,
        1.174395,
        0.5424800000000001,
        0.845124,
        1.1947249999999998,
        3.014151,
        2.6755109999999998,
        0.879662,
        0.724737,
        0.684388,
        1.0998489999999999,
        1.9488240000000001,
        0.989915
    ],
    [
        2.271302,
        2.66693,
        2.032343,
        0.6322190000000001,
        1.809964,
        0.965583,
        2.002639,
        0.0,
        1.8015160000000001,
        1.976342,
        1.594027,
        1.788497,
        1.3411790000000001,
        0.875133,
        3.031581,
        2.578933,
        2.5512689999999996,
        1.116419,
        0.26611,
        1.7388119999999998
    ],
    [
        1.903162,
        2.656898,
        1.10098,
        1.254149,
        0.822823,
        1.212046,
        1.174395,
        1.8015160000000001,
        0.0,
        0.83263,
        1.559049,
        1.901224,
        2.259096,
        2.057823,
        2.0123230000000003,
        1.008322,
        1.089409,
        0.9673010000000001,
        1.5653130000000002,
        0.279111
    ],
    [
        1.286781,
        2.047336,
        0.47512,
        1.3454970000000002,
        0.206441,
        1.2685920000000002,
        0.5424800000000001,
        1.976342,
        0.83263,
        0.0,
        0.88834,
        1.237941,
        2.7106689999999998,
        2.549435,
        1.401202,
        0.593428,
        0.60229,
        1.023946,
        1.727234,
        0.68048
    ],
    [
        1.2671700000000001,
        1.662799,
        0.9303210000000001,
        0.8201,
        0.699029,
        0.5007119999999999,
        0.845124,
        1.594027,
        1.559049,
        0.88834,
        0.0,
        0.47481599999999996,
        2.5241320000000003,
        2.068089,
        1.686345,
        1.27604,
        1.234683,
        0.714978,
        1.33941,
        1.449485
    ],
    [
        0.672252,
        1.427992,
        1.279921,
        1.162276,
        1.0486300000000002,
        0.7211749999999999,
        1.1947249999999998,
        1.788497,
        1.901224,
        1.237941,
        0.47481599999999996,
        0.0,
        2.7984229999999997,
        2.34238,
        1.296951,
        1.6256410000000001,
        1.584284,
        1.057153,
        1.538086,
        1.627356
    ],
    [
        3.4022069999999998,
        3.7978359999999998,
        3.0258580000000004,
        1.763124,
        2.667422,
        2.096489,
        3.014151,
        1.3411790000000001,
        2.259096,
        2.7106689999999998,
        2.5241320000000003,
        2.7984229999999997,
        0.0,
        0.49297199999999997,
        3.870088,
        3.033621,
        3.336674,
        2.052656,
        1.3138910000000001,
        2.192796
    ],
    [
        2.946165,
        3.341793,
        2.701934,
        1.307082,
        2.479556,
        1.6404459999999998,
        2.6755109999999998,
        0.875133,
        2.057823,
        2.549435,
        2.068089,
        2.34238,
        0.49297199999999997,
        0.0,
        3.526553,
        2.8753629999999997,
        3.046241,
        1.603424,
        0.856549,
        2.0352419999999998
    ],
    [
        0.713189,
        0.6224679999999999,
        1.17109,
        2.33257,
        1.2204110000000001,
        1.91235,
        0.879662,
        3.031581,
        2.0123230000000003,
        1.401202,
        1.686345,
        1.296951,
        3.870088,
        3.526553,
        0.0,
        1.527838,
        1.394179,
        1.9410699999999999,
        2.7857570000000003,
        1.860414
    ],
    [
        1.3959190000000001,
        2.211051,
        0.43351799999999996,
        1.878015,
        0.713073,
        1.719997,
        0.724737,
        2.578933,
        1.008322,
        0.593428,
        1.27604,
        1.6256410000000001,
        3.033621,
        2.8753629999999997,
        1.527838,
        0.0,
        0.217306,
        1.4841849999999999,
        2.368922,
        0.856172
    ],
    [
        1.305218,
        2.046023,
        0.329942,
        1.852258,
        0.687317,
        1.6942409999999999,
        0.684388,
        2.5512689999999996,
        1.089409,
        0.60229,
        1.234683,
        1.584284,
        3.336674,
        3.046241,
        1.394179,
        0.217306,
        0.0,
        1.459495,
        2.308469,
        1.0734780000000002
    ],
    [
        1.6978659999999999,
        2.093495,
        1.129552,
        0.393304,
        0.9071739999999999,
        0.375472,
        1.0998489999999999,
        1.116419,
        0.9673010000000001,
        1.023946,
        0.714978,
        1.057153,
        2.052656,
        1.603424,
        1.9410699999999999,
        1.4841849999999999,
        1.459495,
        0.0,
        0.8804099999999999,
        0.857737
    ],
    [
        2.094912,
        2.4905410000000003,
        1.9785270000000001,
        0.578403,
        1.756149,
        0.9117670000000001,
        1.9488240000000001,
        0.26611,
        1.5653130000000002,
        1.727234,
        1.33941,
        1.538086,
        1.3138910000000001,
        0.856549,
        2.7857570000000003,
        2.368922,
        2.308469,
        0.8804099999999999,
        0.0,
        1.515148
    ],
    [
        1.7203430000000002,
        2.472419,
        0.9488300000000001,
        1.144586,
        0.640003,
        1.102482,
        0.989915,
        1.7388119999999998,
        0.279111,
        0.68048,
        1.449485,
        1.627356,
        2.192796,
        2.0352419999999998,
        1.860414,
        0.856172,
        1.0734780000000002,
        0.857737,
        1.515148,
        0.0
    ]
]