[
    [
        0.0,
        0.989668,
        0.920817,
        0.074154,
        2.32507,
        0.292464,
        1.874845,
        0.074154,
        0.593388,
        0.150946,
        1.641497,
        1.561857,
        2.098139,
        1.4548109999999999,
        1.196229,
        2.2766010000000003,
        0.6993590000000001,
        2.495533,
        0.9509679999999999,
        1.879413
    ],
    [
        0.989668,
        0.0,
        0.853672,
        1.062027,
        3.010983,
        0.69541,
        0.902582,
        1.062027,
        1.5701559999999999,
        1.001312,
        2.6270279999999997,
        2.532427,
        3.08367,
        2.4000700000000004,
        1.9909970000000001,
        3.264475,
        1.053945,
        2.5873589999999997,
        0.883823,
        0.90715
    ],
    [
        0.920817,
        0.853672,
        0.0,
        0.99497,
        2.47398,
        0.620235,
        1.6147070000000001,
        0.99497,
        1.446281,
        0.939516,
        2.488181,
        2.413239,
        2.944824,
        2.091681,
        2.0476110000000003,
        3.089515,
        1.251172,
        1.733687,
        0.330501,
        1.41316
    ],
    [
        0.074154,
        1.062027,
        0.99497,
        0.0,
        2.399223,
        0.366617,
        1.948999,
        0.0,
        0.5192340000000001,
        0.076792,
        1.5673430000000002,
        1.487703,
        2.0239860000000003,
        1.505134,
        1.1220750000000002,
        2.326925,
        0.63281,
        2.569687,
        1.025122,
        1.9535660000000001
    ],
    [
        2.32507,
        3.010983,
        2.47398,
        2.399223,
        0.0,
        2.370603,
        3.93053,
        2.399223,
        2.653699,
        2.343769,
        1.837705,
        2.612492,
        2.0736350000000003,
        1.341294,
        2.948833,
        0.936745,
        2.852103,
        1.7512070000000002,
        2.648723,
        3.7289830000000004
    ],
    [
        0.292464,
        0.69541,
        0.620235,
        0.366617,
        2.370603,
        0.0,
        1.582381,
        0.366617,
        0.874746,
        0.305902,
        1.9316179999999998,
        1.8370170000000001,
        2.3882600000000003,
        1.727751,
        1.4713889999999998,
        2.569065,
        0.732049,
        2.353922,
        0.6503869999999999,
        1.5869490000000002
    ],
    [
        1.874845,
        0.902582,
        1.6147070000000001,
        1.948999,
        3.93053,
        1.582381,
        0.0,
        1.95151,
        2.338433,
        1.890795,
        3.5165100000000002,
        4.560937,
        3.973153,
        3.2895529999999997,
        2.6776269999999998,
        4.153957999999999,
        2.076584,
        2.8913539999999998,
        1.291784,
        0.8737240000000001
    ],
    [
        0.074154,
        1.062027,
        0.99497,
        0.0,
        2.399223,
        0.366617,
        1.95151,
        0.0,
        0.5192340000000001,
        0.076792,
        1.5673430000000002,
        1.487703,
        2.0239860000000003,
        1.505134,
        1.1220750000000002,
        2.326925,
        0.63281,
        2.569687,
        1.025122,
        1.9535660000000001
    ],
    [
        0.593388,
        1.5701559999999999,
        1.446281,
        0.5192340000000001,
        2.653699,
        0.874746,
        2.338433,
        0.5192340000000001,
        0.0,
        0.576934,
        1.420929,
        1.018435,
        1.8775709999999999,
        1.727148,
        0.639752,
        2.313701,
        0.876395,
        2.863225,
        1.476432,
        2.466151
    ],
    [
        0.150946,
        1.001312,
        0.939516,
        0.076792,
        2.343769,
        0.305902,
        1.890795,
        0.076792,
        0.576934,
        0.0,
        1.620141,
        1.540501,
        2.076784,
        1.581926,
        1.174873,
        2.4037159999999997,
        0.556018,
        2.5142330000000004,
        0.9696670000000001,
        1.892851
    ],
    [
        1.641497,
        2.6270279999999997,
        2.488181,
        1.5673430000000002,
        1.837705,
        1.9316179999999998,
        3.5165100000000002,
        1.5673430000000002,
        1.420929,
        1.620141,
        0.0,
        0.891379,
        0.802133,
        0.578105,
        1.399341,
        1.078487,
        2.146094,
        2.366029,
        2.5195770000000004,
        3.518566
    ],
    [
        1.561857,
        2.532427,
        2.413239,
        1.487703,
        2.612492,
        1.8370170000000001,
        4.560937,
        1.487703,
        1.018435,
        1.540501,
        0.891379,
        0.0,
        1.048726,
        1.344856,
        0.937625,
        1.8768420000000001,
        1.840087,
        3.078862,
        2.438703,
        3.428422
    ],
    [
        2.098139,
        3.08367,
        2.944824,
        2.0239860000000003,
        2.0736350000000003,
        2.3882600000000003,
        3.973153,
        2.0239860000000003,
        1.8775709999999999,
        2.076784,
        0.802133,
        1.048726,
        0.0,
        1.3895050000000002,
        1.8559839999999999,
        1.243365,
        2.6027370000000003,
        3.0725770000000003,
        2.9762199999999996,
        3.975209
    ],
    [
        1.4548109999999999,
        2.4000700000000004,
        2.091681,
        1.505134,
        1.341294,
        1.727751,
        3.2895529999999997,
        1.505134,
        1.727148,
        1.581926,
        0.578105,
        1.344856,
        1.3895050000000002,
        0.0,
        1.760128,
        1.189621,
        2.148759,
        1.807664,
        2.171042,
        3.291609
    ],
    [
        1.196229,
        1.9909970000000001,
        2.0476110000000003,
        1.1220750000000002,
        2.948833,
        1.4713889999999998,
        2.6776269999999998,
        1.1220750000000002,
        0.639752,
        1.174873,
        1.399341,
        0.937625,
        1.8559839999999999,
        1.760128,
        0.0,
        2.292114,
        1.216003,
        3.353098,
        2.073075,
        2.813092
    ],
    [
        2.2766010000000003,
        3.264475,
        3.089515,
        2.326925,
        0.936745,
        2.569065,
        4.153957999999999,
        2.326925,
        2.313701,
        2.4037159999999997,
        1.078487,
        1.8768420000000001,
        1.243365,
        1.189621,
        2.292114,
        0.0,
        3.038867,
        2.604797,
        3.1283090000000002,
        4.164656
    ],
    [
        0.6993590000000001,
        1.053945,
        1.251172,
        0.63281,
        2.852103,
        0.732049,
        2.076584,
        0.63281,
        0.876395,
        0.556018,
        2.146094,
        1.840087,
        2.6027370000000003,
        2.148759,
        1.216003,
        3.038867,
        0.0,
        3.022567,
        1.2813240000000001,
        1.878227
    ],
    [
        2.495533,
        2.5873589999999997,
        1.733687,
        2.569687,
        1.7512070000000002,
        2.353922,
        2.8913539999999998,
        2.569687,
        2.863225,
        2.5142330000000004,
        2.366029,
        3.078862,
        3.0725770000000003,
        1.807664,
        3.353098,
        2.604797,
        3.022567,
        0.0,
        2.067506,
        2.540735
    ],
    [
        0.9509679999999999,
        0.883823,
        0.330501,
        1.025122,
        2.648723,
        0.6503869999999999,
        1.291784,
        1.025122,
        1.476432,
        0.9696670000000001,
        2.5195770000000004,
        2.438703,
        2.9762199999999996,
        2.171042,
        2.073075,
        3.1283090000000002,
        1.2813240000000001,
        2.067506,
        0.0,
        1.5608009999999999
    ],
    [
        1.879413,
        0.90715,
        1.41316,
        1.9535660000000001,
        3.7289830000000004,
        1.5869490000000002,
        0.8737240000000001,
        1.9535660000000001,
        2.466151,
        1.892851,
        3.518566,
        3.428422,
        3.975209,
        3.291609,
        2.813092,
        4.164656,
        1.878227,
        2.540735,
        1.5608009999999999,
        0.0
    ]
]