[
    [
        0.0,
        0.878958,
        0.358219,
        1.2170940000000001,
        0.985694,
        0.16477799999999998,
        0.755284,
        0.6084360000000001,
        1.250187,
        0.608675,
        0.44511,
        0.424817,
        0.369201,
        0.48640300000000003,
        0.891365,
        0.28706099999999996,
        0.12848500000000002,
        1.447421,
        1.096645,
        0.542085
    ],
    [
        0.878958,
        0.0,
        1.221898,
        2.080772,
        1.2286759999999999,
        0.945182,
        1.0394960000000002,
        1.472114,
        1.79645,
        0.6553300000000001,
        1.304279,
        1.208561,
        1.2250260000000002,
        1.350082,
        1.1195119999999998,
        1.0674649999999999,
        0.9088890000000001,
        0.877214,
        1.960323,
        1.263412
    ],
    [
        0.358219,
        1.221898,
        0.0,
        0.8273809999999999,
        0.8533350000000001,
        0.306769,
        0.759312,
        0.322287,
        0.925928,
        0.6747089999999999,
        0.130192,
        0.284454,
        0.13924,
        0.155977,
        0.851974,
        0.31916100000000003,
        0.31008800000000003,
        1.560571,
        0.810496,
        0.406335
    ],
    [
        1.2170940000000001,
        2.080772,
        0.8273809999999999,
        0.0,
        1.2223810000000002,
        1.13264,
        1.2536800000000001,
        0.752615,
        0.646379,
        1.42882,
        0.759634,
        0.83351,
        0.8246570000000001,
        0.7045159999999999,
        1.314597,
        1.042961,
        1.134447,
        2.377876,
        0.502285,
        0.839823
    ],
    [
        0.985694,
        1.2286759999999999,
        0.8533350000000001,
        1.2223810000000002,
        0.0,
        0.961194,
        0.24531999999999998,
        1.154464,
        0.561995,
        0.580523,
        0.7249629999999999,
        0.665731,
        0.783043,
        0.902557,
        0.104571,
        1.1465139999999998,
        1.018957,
        1.5261310000000001,
        1.427672,
        0.465437
    ],
    [
        0.16477799999999998,
        0.945182,
        0.306769,
        1.13264,
        0.961194,
        0.0,
        0.79892,
        0.547217,
        1.159534,
        0.6789160000000001,
        0.392444,
        0.36359800000000003,
        0.307983,
        0.425184,
        0.958013,
        0.216339,
        0.057762999999999995,
        1.518687,
        1.03664,
        0.512374
    ],
    [
        0.755284,
        1.0394960000000002,
        0.759312,
        1.2536800000000001,
        0.24531999999999998,
        0.79892,
        0.0,
        1.0586220000000002,
        0.758751,
        0.39023599999999997,
        0.62912,
        0.435322,
        0.6207699999999999,
        0.8067150000000001,
        0.14074899999999999,
        1.050672,
        0.856683,
        1.338261,
        1.353859,
        0.369595
    ],
    [
        0.6084360000000001,
        1.472114,
        0.322287,
        0.752615,
        1.154464,
        0.547217,
        1.0586220000000002,
        0.0,
        1.063449,
        0.957557,
        0.430993,
        0.585256,
        0.440169,
        0.27576799999999996,
        1.152775,
        0.43579399999999996,
        0.5617960000000001,
        1.84342,
        0.609391,
        0.707136
    ],
    [
        1.250187,
        1.79645,
        0.925928,
        0.646379,
        0.561995,
        1.159534,
        0.758751,
        1.063449,
        0.0,
        1.147191,
        0.8487250000000001,
        0.8756860000000001,
        0.9128229999999999,
        0.951141,
        0.654212,
        1.231887,
        1.222815,
        2.075771,
        1.147788,
        0.7027899999999999
    ],
    [
        0.608675,
        0.6553300000000001,
        0.6747089999999999,
        1.42882,
        0.580523,
        0.6789160000000001,
        0.39023599999999997,
        0.957557,
        1.147191,
        0.0,
        0.690547,
        0.587697,
        0.6041620000000001,
        0.831638,
        0.470253,
        0.895736,
        0.7371599999999999,
        0.974305,
        1.4442750000000002,
        0.642548
    ],
    [
        0.44511,
        1.304279,
        0.130192,
        0.759634,
        0.7249629999999999,
        0.392444,
        0.62912,
        0.430993,
        0.8487250000000001,
        0.690547,
        0.0,
        0.154263,
        0.086384,
        0.177595,
        0.721782,
        0.421551,
        0.39538999999999996,
        1.639604,
        0.835216,
        0.27614299999999997
    ],
    [
        0.424817,
        1.208561,
        0.284454,
        0.83351,
        0.665731,
        0.36359800000000003,
        0.435322,
        0.585256,
        0.8756860000000001,
        0.587697,
        0.154263,
        0.0,
        0.185448,
        0.331857,
        0.571403,
        0.579938,
        0.421362,
        1.536754,
        0.909091,
        0.227566
    ],
    [
        0.369201,
        1.2250260000000002,
        0.13924,
        0.8246570000000001,
        0.783043,
        0.307983,
        0.6207699999999999,
        0.440169,
        0.9128229999999999,
        0.6041620000000001,
        0.086384,
        0.185448,
        0.0,
        0.227476,
        0.7798630000000001,
        0.43100700000000003,
        0.36574599999999996,
        1.5532190000000001,
        0.926886,
        0.334223
    ],
    [
        0.48640300000000003,
        1.350082,
        0.155977,
        0.7045159999999999,
        0.902557,
        0.425184,
        0.8067150000000001,
        0.27576799999999996,
        0.951141,
        0.831638,
        0.177595,
        0.331857,
        0.227476,
        0.0,
        0.899377,
        0.32840600000000003,
        0.438272,
        1.6936980000000001,
        0.748512,
        0.453738
    ],
    [
        0.891365,
        1.1195119999999998,
        0.851974,
        1.314597,
        0.104571,
        0.958013,
        0.14074899999999999,
        1.152775,
        0.654212,
        0.470253,
        0.721782,
        0.571403,
        0.7798630000000001,
        0.899377,
        0.0,
        1.1433330000000002,
        1.015776,
        1.416741,
        1.446521,
        0.46225700000000003
    ],
    [
        0.28706099999999996,
        1.0674649999999999,
        0.31916100000000003,
        1.042961,
        1.1465139999999998,
        0.216339,
        1.050672,
        0.43579399999999996,
        1.231887,
        0.895736,
        0.421551,
        0.579938,
        0.43100700000000003,
        0.32840600000000003,
        1.1433330000000002,
        0.0,
        0.158576,
        1.6818,
        0.923725,
        0.6976939999999999
    ],
    [
        0.12848500000000002,
        0.9088890000000001,
        0.31008800000000003,
        1.134447,
        1.018957,
        0.057762999999999995,
        0.856683,
        0.5617960000000001,
        1.222815,
        0.7371599999999999,
        0.39538999999999996,
        0.421362,
        0.36574599999999996,
        0.438272,
        1.015776,
        0.158576,
        0.0,
        1.523224,
        1.049728,
        0.5701369999999999
    ],
    [
        1.447421,
        0.877214,
        1.560571,
        2.377876,
        1.5261310000000001,
        1.518687,
        1.338261,
        1.84342,
        2.075771,
        0.974305,
        1.639604,
        1.536754,
        1.5532190000000001,
        1.6936980000000001,
        1.416741,
        1.6818,
        1.523224,
        0.0,
        2.330137,
        1.591605
    ],
    [
        1.096645,
        1.960323,
        0.810496,
        0.502285,
        1.427672,
        1.03664,
        1.353859,
        0.609391,
        1.147788,
        1.4442750000000002,
        0.835216,
        0.909091,
        0.926886,
        0.748512,
        1.446521,
        0.923725,
        1.049728,
        2.330137,
        0.0,
        1.0041390000000001
    ],
    [
        0.542085,
        1.263412,
        0.406335,
        0.839823,
        0.465437,
        0.512374,
        0.369595,
        0.707136,
        0.7027899999999999,
        0.642548,
        0.27614299999999997,
        0.227566,
        0.334223,
        0.453738,
        0.46225700000000003,
        0.6976939999999999,
        0.5701369999999999,
        1.591605,
        1.0041390000000001,
        0.0
    ]
]