[
    [
        0.0,
        0.359557,
        1.0483209999999998,
        0.1809,
        0.395433,
        1.117406,
        0.5659460000000001,
        0.662631,
        0.352908,
        0.362298,
        0.362986,
        0.235546,
        1.013745,
        1.027618,
        0.345994,
        0.13805,
        0.452442,
        0.329766,
        0.964225,
        0.6882079999999999,
        0.0,
        0.359557,
        0.1809,
        0.395433,
        0.5659460000000001,
        0.352908,
        0.362298,
        0.362986,
        0.867479,
        0.235546,
        0.345994,
        0.13805,
        0.452442,
        1.271892,
        0.329766,
        0.6882079999999999,
        0.46247000000000005,
        0.30380799999999997,
        1.207202,
        0.357171,
        1.0483209999999998,
        1.779836,
        1.027618,
        0.964225,
        1.013745,
        1.12569,
        1.605464,
        1.505036,
        1.177219,
        2.139042,
        1.326093,
        1.018813,
        1.707519,
        1.021633,
        1.025242,
        1.184957,
        1.591506,
        2.349882,
        1.52118,
        1.165386
    ],
    [
        0.359557,
        0.0,
        1.27468,
        0.34801,
        0.372407,
        1.00085,
        0.632943,
        0.9585130000000001,
        0.006649,
        0.028350999999999998,
        0.9708049999999999,
        0.281115,
        1.232532,
        1.246405,
        0.547158,
        0.369565,
        0.643831,
        0.306741,
        1.190584,
        0.482742,
        0.359557,
        0.0,
        0.34801,
        0.372407,
        0.632943,
        0.006649,
        0.028350999999999998,
        0.9708049999999999,
        0.871171,
        0.281115,
        0.547158,
        0.369565,
        0.643831,
        1.2387860000000002,
        0.306741,
        0.482742,
        0.6905209999999999,
        0.071875,
        1.210894,
        0.31377999999999995,
        1.27468,
        2.226576,
        1.246405,
        1.190584,
        1.232532,
        1.400177,
        1.859853,
        1.759425,
        1.450053,
        2.39343,
        1.772833,
        1.2376010000000002,
        2.154259,
        1.24042,
        1.2516010000000002,
        1.4577909999999998,
        1.845895,
        2.60427,
        1.775568,
        1.4197739999999999
    ],
    [
        1.0483209999999998,
        1.27468,
        0.0,
        1.188973,
        1.0867909999999998,
        1.6567070000000002,
        0.801288,
        0.375682,
        1.271383,
        1.30749,
        0.763596,
        1.222615,
        0.396128,
        0.377241,
        1.355267,
        1.230663,
        0.649875,
        1.057648,
        0.084096,
        1.2905689999999999,
        1.282337,
        1.2780319999999998,
        1.188973,
        1.0867909999999998,
        0.801288,
        1.271383,
        1.30749,
        0.763596,
        1.8126710000000001,
        1.222615,
        1.355267,
        1.230663,
        0.649875,
        2.217083,
        1.057648,
        1.2905689999999999,
        1.068052,
        1.249,
        2.1523939999999997,
        0.9713440000000001,
        0.0,
        1.244637,
        0.377241,
        0.084096,
        0.396128,
        0.15692599999999998,
        0.596318,
        0.498342,
        0.188971,
        1.1298949999999999,
        0.618884,
        0.39105900000000005,
        1.17232,
        0.38322500000000004,
        0.023079000000000002,
        0.196709,
        0.584812,
        1.340735,
        0.514486,
        0.15623900000000002
    ],
    [
        0.1809,
        0.34801,
        1.188973,
        0.0,
        0.30966899999999997,
        1.031642,
        0.543884,
        0.8694550000000001,
        0.34136099999999997,
        0.377468,
        0.7898390000000001,
        0.292594,
        1.1434739999999999,
        1.157346,
        0.366192,
        0.119022,
        0.554772,
        0.217682,
        1.101526,
        0.602444,
        0.1809,
        0.34801,
        0.0,
        0.30966899999999997,
        0.543884,
        0.34136099999999997,
        0.377468,
        0.7898390000000001,
        0.8826499999999999,
        0.292594,
        0.366192,
        0.119022,
        0.554772,
        1.287062,
        0.217682,
        0.602444,
        0.509556,
        0.318978,
        1.2223730000000002,
        0.211772,
        1.185621,
        2.045611,
        1.157346,
        1.101526,
        1.1434739999999999,
        1.311119,
        1.7707950000000001,
        1.670366,
        1.360995,
        2.304372,
        1.5918679999999998,
        1.148542,
        1.973294,
        1.151362,
        1.1625429999999999,
        1.368733,
        1.756836,
        2.515212,
        1.68651,
        1.3307159999999998
    ],
    [
        0.395433,
        0.372407,
        1.0867909999999998,
        0.30966899999999997,
        0.0,
        0.721973,
        0.393512,
        0.7672720000000001,
        0.365759,
        0.401865,
        0.767137,
        0.31699099999999997,
        0.9743930000000001,
        0.988266,
        0.5830339999999999,
        0.344891,
        0.45259,
        0.24979400000000002,
        0.999343,
        0.29277600000000004,
        0.395433,
        0.372407,
        0.303201,
        0.0,
        0.393512,
        0.365759,
        0.401865,
        0.767137,
        0.907047,
        0.31699099999999997,
        0.5830339999999999,
        0.344891,
        0.45259,
        1.221049,
        0.24979400000000002,
        0.29277600000000004,
        0.7263970000000001,
        0.343375,
        1.24677,
        0.25683300000000003,
        1.083439,
        2.0849360000000003,
        0.988266,
        0.999343,
        0.9743930000000001,
        1.208936,
        1.668612,
        1.568184,
        1.2588130000000002,
        2.20219,
        1.560314,
        0.979461,
        2.012619,
        0.982281,
        1.06036,
        1.26655,
        1.654654,
        2.41303,
        1.584327,
        1.2285329999999999
    ],
    [
        1.117406,
        1.00085,
        1.6567070000000002,
        1.031642,
        0.721973,
        0.0,
        0.913822,
        1.386017,
        0.994201,
        1.029201,
        1.400112,
        1.038964,
        1.247278,
        1.2922580000000001,
        1.305007,
        1.066864,
        1.070369,
        0.9717680000000001,
        1.5726110000000002,
        0.575235,
        1.117406,
        1.00085,
        1.025174,
        0.721973,
        0.913822,
        0.994201,
        1.029201,
        1.400112,
        1.539457,
        1.038964,
        1.305007,
        1.066864,
        1.070369,
        1.839536,
        0.9717680000000001,
        0.575235,
        1.44837,
        1.0653489999999999,
        1.810368,
        0.9455030000000001,
        1.6567070000000002,
        2.717911,
        1.2922580000000001,
        1.5726110000000002,
        1.247278,
        1.717455,
        1.851286,
        1.8988420000000001,
        1.725326,
        2.532848,
        2.233634,
        1.2523469999999999,
        2.6455949999999997,
        1.298242,
        1.6336279999999999,
        1.7330640000000002,
        2.0079849999999997,
        2.696358,
        1.914986,
        1.693154
    ],
    [
        0.5659460000000001,
        0.632943,
        0.801288,
        0.543884,
        0.393512,
        0.913822,
        0.0,
        0.513186,
        0.626294,
        0.6624009999999999,
        0.650516,
        0.577526,
        0.580866,
        0.594739,
        0.843569,
        0.5855739999999999,
        0.169617,
        0.412559,
        0.717192,
        0.491317,
        0.647453,
        0.632943,
        0.543884,
        0.393512,
        0.0,
        0.626294,
        0.6624009999999999,
        0.650516,
        1.1675820000000001,
        0.577526,
        0.843569,
        0.5855739999999999,
        0.169617,
        1.5719949999999998,
        0.412559,
        0.491317,
        0.949365,
        0.603911,
        1.5073050000000001,
        0.34698700000000005,
        0.801288,
        1.9617550000000001,
        0.594739,
        0.717192,
        0.580866,
        0.9430879999999999,
        1.333342,
        1.2324300000000001,
        0.9906849999999999,
        1.866436,
        1.378215,
        0.585934,
        1.889439,
        0.588754,
        0.7782100000000001,
        0.998422,
        1.3415730000000001,
        2.077276,
        1.2485730000000002,
        0.960405
    ],
    [
        0.662631,
        0.9585130000000001,
        0.375682,
        0.8694550000000001,
        0.7672720000000001,
        1.386017,
        0.513186,
        0.0,
        0.951864,
        0.987971,
        0.41445499999999996,
        0.9030969999999999,
        0.357427,
        0.367436,
        1.00052,
        0.911144,
        0.343569,
        0.738129,
        0.288234,
        0.97105,
        0.92759,
        0.9585130000000001,
        0.8694550000000001,
        0.7672720000000001,
        0.519906,
        0.951864,
        0.987971,
        0.41445499999999996,
        1.493153,
        0.9030969999999999,
        1.00052,
        0.911144,
        0.343569,
        1.897565,
        0.738129,
        0.97105,
        0.713305,
        0.929481,
        1.832875,
        0.6518250000000001,
        0.37233,
        1.483722,
        0.367436,
        0.288234,
        0.357427,
        0.497827,
        0.957503,
        0.857075,
        0.5477029999999999,
        1.49108,
        0.870481,
        0.362495,
        1.411406,
        0.361451,
        0.349251,
        0.5554410000000001,
        0.9435439999999999,
        1.70192,
        0.8732179999999999,
        0.517424
    ],
    [
        0.352908,
        0.006649,
        1.271383,
        0.34136099999999997,
        0.365759,
        0.994201,
        0.626294,
        0.951864,
        0.0,
        0.035,
        0.9641559999999999,
        0.27446699999999996,
        1.225883,
        1.239756,
        0.540509,
        0.362916,
        0.637182,
        0.30009199999999997,
        1.1839359999999999,
        0.47609300000000004,
        0.352908,
        0.006649,
        0.34136099999999997,
        0.365759,
        0.626294,
        0.0,
        0.035,
        0.9641559999999999,
        0.864523,
        0.27446699999999996,
        0.540509,
        0.362916,
        0.637182,
        1.232137,
        0.30009199999999997,
        0.47609300000000004,
        0.6838730000000001,
        0.078524,
        1.2042449999999998,
        0.307131,
        1.268031,
        2.219927,
        1.239756,
        1.1839359999999999,
        1.225883,
        1.393529,
        1.8532039999999999,
        1.7527760000000001,
        1.443405,
        2.386782,
        1.766185,
        1.230952,
        2.147611,
        1.2337719999999999,
        1.244953,
        1.451143,
        1.8392460000000002,
        2.597622,
        1.7689190000000001,
        1.413125
    ],
    [
        0.362298,
        0.028350999999999998,
        1.30749,
        0.377468,
        0.401865,
        1.029201,
        0.6624009999999999,
        0.987971,
        0.035,
        0.0,
        0.8108139999999999,
        0.121125,
        1.26199,
        1.275863,
        0.387167,
        0.399023,
        0.673289,
        0.336199,
        1.2200419999999998,
        0.511093,
        0.362298,
        0.028350999999999998,
        0.377468,
        0.401865,
        0.6624009999999999,
        0.035,
        0.0,
        0.8108139999999999,
        0.622585,
        0.121125,
        0.387167,
        0.399023,
        0.673289,
        1.026998,
        0.336199,
        0.511093,
        0.530531,
        0.05849,
        0.9623079999999999,
        0.343238,
        1.304138,
        2.066585,
        1.275863,
        1.2200419999999998,
        1.26199,
        1.429635,
        1.889311,
        1.788883,
        1.479511,
        2.422888,
        1.612843,
        1.267059,
        1.994269,
        1.2698779999999998,
        1.281059,
        1.487249,
        1.875353,
        2.633728,
        1.805026,
        1.449232
    ],
    [
        0.362986,
        0.9708049999999999,
        0.763596,
        0.7898390000000001,
        0.767137,
        1.400112,
        0.650516,
        0.41445499999999996,
        0.9641559999999999,
        0.8108139999999999,
        0.0,
        0.689689,
        0.788986,
        0.802859,
        0.6086,
        0.805414,
        0.475293,
        0.7407699999999999,
        0.701354,
        0.9736910000000001,
        0.535671,
        0.9708049999999999,
        0.7898390000000001,
        0.769913,
        0.640514,
        0.9641559999999999,
        0.8108139999999999,
        0.0,
        1.148491,
        0.689689,
        0.6086,
        0.805414,
        0.475293,
        1.567496,
        0.7407699999999999,
        0.9736910000000001,
        0.321385,
        0.752324,
        1.502807,
        0.43330399999999997,
        0.785449,
        1.4221780000000002,
        0.802859,
        0.701354,
        0.788986,
        0.877514,
        1.357288,
        1.2568599999999999,
        0.929043,
        1.890866,
        0.9684349999999999,
        0.794055,
        1.3498610000000002,
        0.796875,
        0.762371,
        0.936781,
        1.34333,
        2.101706,
        1.2730039999999998,
        0.9172100000000001
    ],
    [
        0.235546,
        0.281115,
        1.222615,
        0.292594,
        0.31699099999999997,
        1.038964,
        0.577526,
        0.9030969999999999,
        0.27446699999999996,
        0.121125,
        0.689689,
        0.0,
        1.177116,
        1.1909880000000002,
        0.26604300000000003,
        0.31414800000000004,
        0.588414,
        0.251324,
        1.135168,
        0.6097659999999999,
        0.235546,
        0.281115,
        0.292594,
        0.31699099999999997,
        0.577526,
        0.27446699999999996,
        0.121125,
        0.689689,
        0.626306,
        0.0,
        0.26604300000000003,
        0.31414800000000004,
        0.588414,
        1.030719,
        0.251324,
        0.6097659999999999,
        0.409406,
        0.062635,
        0.966029,
        0.258363,
        1.219264,
        1.945461,
        1.1909880000000002,
        1.135168,
        1.177116,
        1.3447609999999999,
        1.8044369999999998,
        1.704008,
        1.394637,
        2.3380140000000003,
        1.491718,
        1.182184,
        1.873144,
        1.185004,
        1.196185,
        1.402375,
        1.790478,
        2.548854,
        1.7201520000000001,
        1.364358
    ],
    [
        1.013745,
        1.232532,
        0.396128,
        1.1434739999999999,
        0.9743930000000001,
        1.247278,
        0.580866,
        0.357427,
        1.225883,
        1.26199,
        0.788986,
        1.177116,
        0.0,
        0.044979,
        1.375051,
        1.166455,
        0.588701,
        0.9934400000000001,
        0.372514,
        1.0721969999999998,
        1.2283330000000001,
        1.213823,
        1.124765,
        0.9743930000000001,
        0.580866,
        1.2071749999999999,
        1.2432809999999999,
        0.788986,
        1.7484629999999999,
        1.158407,
        1.375051,
        1.166455,
        0.588701,
        2.152875,
        0.9934400000000001,
        1.0721969999999998,
        1.087836,
        1.1847919999999998,
        2.0881860000000003,
        0.925844,
        0.396128,
        1.62239,
        0.044979,
        0.372514,
        0.0,
        0.470177,
        0.747303,
        0.6515639999999999,
        0.47804800000000003,
        1.2855699999999999,
        0.988869,
        0.005069,
        1.550073,
        0.050963999999999995,
        0.419207,
        0.485786,
        0.760707,
        1.49641,
        0.667708,
        0.445876
    ],
    [
        1.027618,
        1.246405,
        0.377241,
        1.157346,
        0.988266,
        1.2922580000000001,
        0.594739,
        0.367436,
        1.239756,
        1.275863,
        0.802859,
        1.1909880000000002,
        0.044979,
        0.0,
        1.388924,
        1.180328,
        0.6025739999999999,
        1.007313,
        0.327535,
        1.0860699999999999,
        1.242206,
        1.227696,
        1.1386379999999998,
        0.988266,
        0.594739,
        1.221047,
        1.257154,
        0.78063,
        1.762336,
        1.17228,
        1.388924,
        1.180328,
        0.6025739999999999,
        2.166748,
        1.007313,
        1.0860699999999999,
        1.101709,
        1.198664,
        2.102059,
        0.939717,
        0.377241,
        1.572098,
        0.0,
        0.327535,
        0.044979,
        0.45129,
        0.7284149999999999,
        0.632677,
        0.459161,
        1.266683,
        0.969982,
        0.039911,
        1.499781,
        0.005984,
        0.388552,
        0.466899,
        0.74182,
        1.477523,
        0.648821,
        0.42698899999999995
    ],
    [
        0.345994,
        0.547158,
        1.355267,
        0.366192,
        0.5830339999999999,
        1.305007,
        0.843569,
        1.00052,
        0.540509,
        0.387167,
        0.6086,
        0.26604300000000003,
        1.375051,
        1.388924,
        0.0,
        0.381767,
        0.854457,
        0.5173669999999999,
        1.312355,
        0.875809,
        0.345994,
        0.547158,
        0.366192,
        0.5830339999999999,
        0.843569,
        0.540509,
        0.387167,
        0.6086,
        0.53989,
        0.26604300000000003,
        0.0,
        0.381767,
        0.854457,
        1.100156,
        0.5173669999999999,
        0.875809,
        0.328317,
        0.32867799999999997,
        1.0354670000000001,
        0.5244059999999999,
        1.396451,
        1.8643720000000001,
        1.388924,
        1.312355,
        1.375051,
        1.463579,
        1.989885,
        1.8894559999999998,
        1.515108,
        2.523462,
        1.410629,
        1.3801199999999998,
        1.792055,
        1.38294,
        1.373372,
        1.522846,
        1.948641,
        2.734302,
        1.9056,
        1.5032750000000001
    ],
    [
        0.13805,
        0.369565,
        1.230663,
        0.119022,
        0.344891,
        1.066864,
        0.5855739999999999,
        0.911144,
        0.362916,
        0.399023,
        0.805414,
        0.31414800000000004,
        1.166455,
        1.180328,
        0.381767,
        0.0,
        0.5964619999999999,
        0.259372,
        1.1432149999999999,
        0.644134,
        0.19647499999999998,
        0.369565,
        0.119022,
        0.351358,
        0.5855739999999999,
        0.362916,
        0.399023,
        0.805414,
        0.9042039999999999,
        0.31414800000000004,
        0.381767,
        0.0,
        0.5964619999999999,
        1.308617,
        0.259372,
        0.644134,
        0.52513,
        0.34053300000000003,
        1.243927,
        0.25346199999999997,
        1.2273109999999998,
        2.061185,
        1.199036,
        1.1432149999999999,
        1.185163,
        1.352809,
        1.812484,
        1.712056,
        1.402685,
        2.346062,
        1.607442,
        1.190232,
        1.988869,
        1.193052,
        1.204232,
        1.410423,
        1.798526,
        2.556901,
        1.728199,
        1.3724049999999999
    ],
    [
        0.452442,
        0.643831,
        0.649875,
        0.554772,
        0.45259,
        1.070369,
        0.169617,
        0.343569,
        0.637182,
        0.673289,
        0.475293,
        0.588414,
        0.588701,
        0.6025739999999999,
        0.854457,
        0.5964619999999999,
        0.0,
        0.423447,
        0.562427,
        0.6563680000000001,
        0.658341,
        0.643831,
        0.554772,
        0.45259,
        0.169617,
        0.637182,
        0.673289,
        0.480899,
        1.1784700000000001,
        0.588414,
        0.854457,
        0.5964619999999999,
        0.0,
        1.582883,
        0.423447,
        0.6563680000000001,
        0.779748,
        0.614799,
        1.518193,
        0.33714299999999997,
        0.6465230000000001,
        1.7986980000000001,
        0.6025739999999999,
        0.562427,
        0.588701,
        0.772021,
        1.231696,
        1.131268,
        0.8218970000000001,
        1.7652739999999998,
        1.2094269999999998,
        0.59377,
        1.7263810000000002,
        0.5965900000000001,
        0.623444,
        0.829634,
        1.217738,
        1.976114,
        1.147411,
        0.791617
    ],
    [
        0.329766,
        0.306741,
        1.057648,
        0.217682,
        0.24979400000000002,
        0.9717680000000001,
        0.412559,
        0.738129,
        0.30009199999999997,
        0.336199,
        0.7407699999999999,
        0.251324,
        0.9934400000000001,
        1.007313,
        0.5173669999999999,
        0.259372,
        0.423447,
        0.0,
        0.970201,
        0.54257,
        0.32125099999999995,
        0.306741,
        0.217682,
        0.24979400000000002,
        0.412559,
        0.30009199999999997,
        0.336199,
        0.737994,
        0.84138,
        0.251324,
        0.5173669999999999,
        0.259372,
        0.423447,
        1.245793,
        0.0,
        0.54257,
        0.66073,
        0.277709,
        1.181103,
        0.065954,
        1.0542960000000001,
        2.055793,
        1.0260209999999998,
        0.970201,
        1.012148,
        1.179794,
        1.639469,
        1.5390409999999999,
        1.22967,
        2.173047,
        1.531171,
        1.017217,
        1.983476,
        1.020037,
        1.031218,
        1.2374079999999998,
        1.625511,
        2.383886,
        1.555184,
        1.1993900000000002
    ],
    [
        0.964225,
        1.190584,
        0.084096,
        1.101526,
        0.999343,
        1.5726110000000002,
        0.717192,
        0.288234,
        1.1839359999999999,
        1.2200419999999998,
        0.701354,
        1.135168,
        0.372514,
        0.327535,
        1.312355,
        1.1432149999999999,
        0.562427,
        0.970201,
        0.0,
        1.203122,
        1.205094,
        1.190584,
        1.101526,
        0.999343,
        0.717192,
        1.1839359999999999,
        1.2200419999999998,
        0.701354,
        1.7252239999999999,
        1.135168,
        1.288754,
        1.1432149999999999,
        0.562427,
        2.129636,
        0.970201,
        1.203122,
        1.001539,
        1.161552,
        2.064947,
        0.8838959999999999,
        0.084096,
        1.244563,
        0.327535,
        0.0,
        0.372514,
        0.225895,
        0.683292,
        0.582863,
        0.273492,
        1.216869,
        0.661023,
        0.36744600000000005,
        1.1722460000000001,
        0.321551,
        0.061017,
        0.28123000000000004,
        0.669333,
        1.4277090000000001,
        0.599007,
        0.24321299999999998
    ],
    [
        0.6882079999999999,
        0.482742,
        1.2905689999999999,
        0.602444,
        0.29277600000000004,
        0.575235,
        0.491317,
        0.97105,
        0.47609300000000004,
        0.511093,
        0.9736910000000001,
        0.6097659999999999,
        1.0721969999999998,
        1.0860699999999999,
        0.875809,
        0.644134,
        0.6563680000000001,
        0.54257,
        1.203122,
        0.0,
        0.6882079999999999,
        0.477025,
        0.595977,
        0.29277600000000004,
        0.491317,
        0.47037599999999996,
        0.5053759999999999,
        0.970915,
        0.968207,
        0.6097659999999999,
        0.875809,
        0.637667,
        0.6563680000000001,
        1.272003,
        0.54257,
        0.0,
        1.019173,
        0.546002,
        1.2428350000000001,
        0.516306,
        1.287217,
        2.288714,
        1.0860699999999999,
        1.203122,
        1.079399,
        1.412715,
        1.8202429999999998,
        1.730964,
        1.462591,
        2.364969,
        1.764092,
        1.084468,
        2.2163969999999997,
        1.080086,
        1.264139,
        1.470329,
        1.840106,
        2.575809,
        1.747107,
        1.432311
    ],
    [
        0.0,
        0.359557,
        1.282337,
        0.1809,
        0.395433,
        1.117406,
        0.647453,
        0.92759,
        0.352908,
        0.362298,
        0.535671,
        0.235546,
        1.2283330000000001,
        1.242206,
        0.345994,
        0.19647499999999998,
        0.658341,
        0.32125099999999995,
        1.205094,
        0.6882079999999999,
        0.0,
        0.359557,
        0.1809,
        0.395433,
        0.5659460000000001,
        0.352908,
        0.362298,
        0.362986,
        0.867479,
        0.235546,
        0.345994,
        0.13805,
        0.452442,
        1.271892,
        0.329766,
        0.6882079999999999,
        0.46247000000000005,
        0.30380799999999997,
        1.207202,
        0.357171,
        1.0483209999999998,
        1.779836,
        1.027618,
        0.964225,
        1.013745,
        1.12569,
        1.605464,
        1.505036,
        1.177219,
        2.139042,
        1.326093,
        1.018813,
        1.707519,
        1.021633,
        1.025242,
        1.184957,
        1.591506,
        2.349882,
        1.52118,
        1.165386
    ],
    [
        0.359557,
        0.0,
        1.2780319999999998,
        0.34801,
        0.372407,
        1.00085,
        0.632943,
        0.9585130000000001,
        0.006649,
        0.028350999999999998,
        0.9708049999999999,
        0.281115,
        1.213823,
        1.227696,
        0.547158,
        0.369565,
        0.643831,
        0.306741,
        1.190584,
        0.477025,
        0.359557,
        0.0,
        0.34801,
        0.372407,
        0.632943,
        0.006649,
        0.028350999999999998,
        0.9708049999999999,
        0.871171,
        0.281115,
        0.547158,
        0.369565,
        0.643831,
        1.2387860000000002,
        0.306741,
        0.482742,
        0.6905209999999999,
        0.071875,
        1.210894,
        0.31377999999999995,
        1.27468,
        2.226576,
        1.246405,
        1.190584,
        1.232532,
        1.400177,
        1.859853,
        1.759425,
        1.450053,
        2.39343,
        1.772833,
        1.2376010000000002,
        2.154259,
        1.24042,
        1.2516010000000002,
        1.4577909999999998,
        1.845895,
        2.60427,
        1.775568,
        1.4197739999999999
    ],
    [
        0.1809,
        0.34801,
        1.188973,
        0.0,
        0.303201,
        1.025174,
        0.543884,
        0.8694550000000001,
        0.34136099999999997,
        0.377468,
        0.7898390000000001,
        0.292594,
        1.124765,
        1.1386379999999998,
        0.366192,
        0.119022,
        0.554772,
        0.217682,
        1.101526,
        0.595977,
        0.1809,
        0.34801,
        0.0,
        0.30966899999999997,
        0.543884,
        0.34136099999999997,
        0.377468,
        0.7898390000000001,
        0.8826499999999999,
        0.292594,
        0.366192,
        0.119022,
        0.554772,
        1.287062,
        0.217682,
        0.602444,
        0.509556,
        0.318978,
        1.2223730000000002,
        0.211772,
        1.185621,
        2.045611,
        1.157346,
        1.101526,
        1.1434739999999999,
        1.311119,
        1.7707950000000001,
        1.670366,
        1.360995,
        2.304372,
        1.5918679999999998,
        1.148542,
        1.973294,
        1.151362,
        1.1625429999999999,
        1.368733,
        1.756836,
        2.515212,
        1.68651,
        1.3307159999999998
    ],
    [
        0.395433,
        0.372407,
        1.0867909999999998,
        0.30966899999999997,
        0.0,
        0.721973,
        0.393512,
        0.7672720000000001,
        0.365759,
        0.401865,
        0.769913,
        0.31699099999999997,
        0.9743930000000001,
        0.988266,
        0.5830339999999999,
        0.351358,
        0.45259,
        0.24979400000000002,
        0.999343,
        0.29277600000000004,
        0.395433,
        0.372407,
        0.30966899999999997,
        0.0,
        0.393512,
        0.365759,
        0.401865,
        0.767137,
        0.907047,
        0.31699099999999997,
        0.5830339999999999,
        0.344891,
        0.45259,
        1.221049,
        0.24979400000000002,
        0.29277600000000004,
        0.7263970000000001,
        0.343375,
        1.24677,
        0.25683300000000003,
        1.083439,
        2.0849360000000003,
        0.988266,
        0.999343,
        0.9743930000000001,
        1.208936,
        1.668612,
        1.568184,
        1.2588130000000002,
        2.20219,
        1.560314,
        0.979461,
        2.012619,
        0.982281,
        1.06036,
        1.26655,
        1.654654,
        2.41303,
        1.584327,
        1.2285329999999999
    ],
    [
        0.5659460000000001,
        0.632943,
        0.801288,
        0.543884,
        0.393512,
        0.913822,
        0.0,
        0.519906,
        0.626294,
        0.6624009999999999,
        0.640514,
        0.577526,
        0.580866,
        0.594739,
        0.843569,
        0.5855739999999999,
        0.169617,
        0.412559,
        0.717192,
        0.491317,
        0.5659460000000001,
        0.632943,
        0.543884,
        0.393512,
        0.0,
        0.626294,
        0.6624009999999999,
        0.650516,
        1.1675820000000001,
        0.577526,
        0.843569,
        0.5855739999999999,
        0.169617,
        1.5719949999999998,
        0.412559,
        0.491317,
        0.949365,
        0.603911,
        1.5073050000000001,
        0.34698700000000005,
        0.801288,
        1.9617550000000001,
        0.594739,
        0.717192,
        0.580866,
        0.9430879999999999,
        1.333342,
        1.2324300000000001,
        0.9906849999999999,
        1.866436,
        1.378215,
        0.585934,
        1.889439,
        0.588754,
        0.7782100000000001,
        0.998422,
        1.3415730000000001,
        2.077276,
        1.2485730000000002,
        0.960405
    ],
    [
        0.352908,
        0.006649,
        1.271383,
        0.34136099999999997,
        0.365759,
        0.994201,
        0.626294,
        0.951864,
        0.0,
        0.035,
        0.9641559999999999,
        0.27446699999999996,
        1.2071749999999999,
        1.221047,
        0.540509,
        0.362916,
        0.637182,
        0.30009199999999997,
        1.1839359999999999,
        0.47037599999999996,
        0.352908,
        0.006649,
        0.34136099999999997,
        0.365759,
        0.626294,
        0.0,
        0.035,
        0.9641559999999999,
        0.864523,
        0.27446699999999996,
        0.540509,
        0.362916,
        0.637182,
        1.232137,
        0.30009199999999997,
        0.47609300000000004,
        0.6838730000000001,
        0.078524,
        1.2042449999999998,
        0.307131,
        1.268031,
        2.219927,
        1.239756,
        1.1839359999999999,
        1.225883,
        1.393529,
        1.8532039999999999,
        1.7527760000000001,
        1.443405,
        2.386782,
        1.766185,
        1.230952,
        2.147611,
        1.2337719999999999,
        1.244953,
        1.451143,
        1.8392460000000002,
        2.597622,
        1.7689190000000001,
        1.413125
    ],
    [
        0.362298,
        0.028350999999999998,
        1.30749,
        0.377468,
        0.401865,
        1.029201,
        0.6624009999999999,
        0.987971,
        0.035,
        0.0,
        0.8108139999999999,
        0.121125,
        1.2432809999999999,
        1.257154,
        0.387167,
        0.399023,
        0.673289,
        0.336199,
        1.2200419999999998,
        0.5053759999999999,
        0.362298,
        0.028350999999999998,
        0.377468,
        0.401865,
        0.6624009999999999,
        0.035,
        0.0,
        0.8108139999999999,
        0.622585,
        0.121125,
        0.387167,
        0.399023,
        0.673289,
        1.026998,
        0.336199,
        0.511093,
        0.530531,
        0.05849,
        0.9623079999999999,
        0.343238,
        1.304138,
        2.066585,
        1.275863,
        1.2200419999999998,
        1.26199,
        1.429635,
        1.889311,
        1.788883,
        1.479511,
        2.422888,
        1.612843,
        1.267059,
        1.994269,
        1.2698779999999998,
        1.281059,
        1.487249,
        1.875353,
        2.633728,
        1.805026,
        1.449232
    ],
    [
        0.362986,
        0.9708049999999999,
        0.763596,
        0.7898390000000001,
        0.767137,
        1.400112,
        0.650516,
        0.41445499999999996,
        0.9641559999999999,
        0.8108139999999999,
        0.0,
        0.689689,
        0.788986,
        0.78063,
        0.6086,
        0.805414,
        0.480899,
        0.737994,
        0.701354,
        0.970915,
        0.362986,
        0.9708049999999999,
        0.7898390000000001,
        0.767137,
        0.650516,
        0.9641559999999999,
        0.8108139999999999,
        0.0,
        1.148491,
        0.689689,
        0.6086,
        0.805414,
        0.475293,
        1.567496,
        0.7407699999999999,
        0.9736910000000001,
        0.321385,
        0.752324,
        1.502807,
        0.43330399999999997,
        0.785449,
        1.4221780000000002,
        0.802859,
        0.701354,
        0.788986,
        0.877514,
        1.357288,
        1.2568599999999999,
        0.929043,
        1.890866,
        0.9684349999999999,
        0.794055,
        1.3498610000000002,
        0.796875,
        0.762371,
        0.936781,
        1.34333,
        2.101706,
        1.2730039999999998,
        0.9172100000000001
    ],
    [
        0.867479,
        0.871171,
        1.8126710000000001,
        0.8826499999999999,
        0.907047,
        1.539457,
        1.1675820000000001,
        1.493153,
        0.864523,
        0.622585,
        1.148491,
        0.626306,
        1.7484629999999999,
        1.762336,
        0.53989,
        0.9042039999999999,
        1.1784700000000001,
        0.84138,
        1.7252239999999999,
        0.968207,
        0.867479,
        0.871171,
        0.8826499999999999,
        0.907047,
        1.1675820000000001,
        0.864523,
        0.622585,
        1.148491,
        0.0,
        0.626306,
        0.53989,
        0.9042039999999999,
        1.1784700000000001,
        0.560265,
        0.84138,
        0.968207,
        0.8827999999999999,
        0.652691,
        0.495576,
        0.848419,
        1.809319,
        2.418855,
        1.781044,
        1.7252239999999999,
        1.767172,
        1.934817,
        2.544368,
        2.2940639999999997,
        1.984693,
        2.92807,
        1.965112,
        1.77224,
        2.346538,
        1.7750599999999999,
        1.786241,
        1.992431,
        2.503125,
        3.1389099999999996,
        2.3102080000000003,
        1.954414
    ],
    [
        0.235546,
        0.281115,
        1.222615,
        0.292594,
        0.31699099999999997,
        1.038964,
        0.577526,
        0.9030969999999999,
        0.27446699999999996,
        0.121125,
        0.689689,
        0.0,
        1.158407,
        1.17228,
        0.26604300000000003,
        0.31414800000000004,
        0.588414,
        0.251324,
        1.135168,
        0.6097659999999999,
        0.235546,
        0.281115,
        0.292594,
        0.31699099999999997,
        0.577526,
        0.27446699999999996,
        0.121125,
        0.689689,
        0.626306,
        0.0,
        0.26604300000000003,
        0.31414800000000004,
        0.588414,
        1.030719,
        0.251324,
        0.6097659999999999,
        0.409406,
        0.062635,
        0.966029,
        0.258363,
        1.219264,
        1.945461,
        1.1909880000000002,
        1.135168,
        1.177116,
        1.3447609999999999,
        1.8044369999999998,
        1.704008,
        1.394637,
        2.3380140000000003,
        1.491718,
        1.182184,
        1.873144,
        1.185004,
        1.196185,
        1.402375,
        1.790478,
        2.548854,
        1.7201520000000001,
        1.364358
    ],
    [
        0.345994,
        0.547158,
        1.355267,
        0.366192,
        0.5830339999999999,
        1.305007,
        0.843569,
        1.00052,
        0.540509,
        0.387167,
        0.6086,
        0.26604300000000003,
        1.375051,
        1.388924,
        0.0,
        0.381767,
        0.854457,
        0.5173669999999999,
        1.288754,
        0.875809,
        0.345994,
        0.547158,
        0.366192,
        0.5830339999999999,
        0.843569,
        0.540509,
        0.387167,
        0.6086,
        0.53989,
        0.26604300000000003,
        0.0,
        0.381767,
        0.854457,
        1.100156,
        0.5173669999999999,
        0.875809,
        0.328317,
        0.32867799999999997,
        1.0354670000000001,
        0.5244059999999999,
        1.396451,
        1.8643720000000001,
        1.388924,
        1.312355,
        1.375051,
        1.463579,
        1.989885,
        1.8894559999999998,
        1.515108,
        2.523462,
        1.410629,
        1.3801199999999998,
        1.792055,
        1.38294,
        1.373372,
        1.522846,
        1.948641,
        2.734302,
        1.9056,
        1.5032750000000001
    ],
    [
        0.13805,
        0.369565,
        1.230663,
        0.119022,
        0.344891,
        1.066864,
        0.5855739999999999,
        0.911144,
        0.362916,
        0.399023,
        0.805414,
        0.31414800000000004,
        1.166455,
        1.180328,
        0.381767,
        0.0,
        0.5964619999999999,
        0.259372,
        1.1432149999999999,
        0.637667,
        0.13805,
        0.369565,
        0.119022,
        0.344891,
        0.5855739999999999,
        0.362916,
        0.399023,
        0.805414,
        0.9042039999999999,
        0.31414800000000004,
        0.381767,
        0.0,
        0.5964619999999999,
        1.308617,
        0.259372,
        0.644134,
        0.52513,
        0.34053300000000003,
        1.243927,
        0.25346199999999997,
        1.2273109999999998,
        2.061185,
        1.199036,
        1.1432149999999999,
        1.185163,
        1.352809,
        1.812484,
        1.712056,
        1.402685,
        2.346062,
        1.607442,
        1.190232,
        1.988869,
        1.193052,
        1.204232,
        1.410423,
        1.798526,
        2.556901,
        1.728199,
        1.3724049999999999
    ],
    [
        0.452442,
        0.643831,
        0.649875,
        0.554772,
        0.45259,
        1.070369,
        0.169617,
        0.343569,
        0.637182,
        0.673289,
        0.475293,
        0.588414,
        0.588701,
        0.6025739999999999,
        0.854457,
        0.5964619999999999,
        0.0,
        0.423447,
        0.562427,
        0.6563680000000001,
        0.452442,
        0.643831,
        0.554772,
        0.45259,
        0.169617,
        0.637182,
        0.673289,
        0.475293,
        1.1784700000000001,
        0.588414,
        0.854457,
