[
    [
        0.0,
        0.286344,
        1.170375,
        0.308037,
        0.6503909999999999,
        1.115188,
        0.626141,
        0.460851,
        0.6666839999999999,
        1.414404,
        0.187995,
        0.106571,
        0.063357,
        0.293262,
        0.33639600000000003,
        1.917894,
        1.7233340000000001,
        0.309026,
        0.314729,
        1.5652270000000001
    ],
    [
        0.286344,
        0.0,
        1.403004,
        0.27131099999999997,
        0.883021,
        1.346674,
        0.85877,
        0.378585,
        0.8784109999999999,
        1.647033,
        0.23555299999999998,
        0.188379,
        0.266625,
        0.410183,
        0.564457,
        2.150523,
        1.955963,
        0.541881,
        0.547584,
        1.77191
    ],
    [
        1.170375,
        1.403004,
        0.0,
        1.170549,
        0.654398,
        0.903991,
        0.679156,
        1.200342,
        0.873028,
        0.615854,
        1.1857360000000001,
        1.295812,
        1.2525979999999999,
        1.0374670000000001,
        0.8535739999999999,
        1.283072,
        0.643463,
        0.902274,
        0.896571,
        0.566655
    ],
    [
        0.308037,
        0.27131099999999997,
        1.170549,
        0.0,
        0.789706,
        1.083519,
        0.840697,
        0.152155,
        0.635015,
        1.4781980000000001,
        0.120041,
        0.286072,
        0.367004,
        0.14326,
        0.32192000000000004,
        1.986011,
        1.656771,
        0.27495800000000004,
        0.280661,
        1.545479
    ],
    [
        0.6503909999999999,
        0.883021,
        0.654398,
        0.789706,
        0.0,
        1.214519,
        0.054166,
        0.8350449999999999,
        0.876968,
        0.957072,
        0.744906,
        0.758578,
        0.6744629999999999,
        0.661898,
        0.467755,
        1.464885,
        1.1922190000000001,
        0.652274,
        0.657978,
        1.051002
    ],
    [
        1.115188,
        1.346674,
        0.903991,
        1.083519,
        1.214519,
        0.0,
        1.259599,
        0.997302,
        0.37116000000000005,
        1.575241,
        1.053749,
        1.1231410000000002,
        1.08444,
        0.8563310000000001,
        0.863885,
        2.2424589999999998,
        1.300392,
        0.712056,
        0.7063529999999999,
        0.641169
    ],
    [
        0.626141,
        0.85877,
        0.679156,
        0.840697,
        0.054166,
        1.259599,
        0.0,
        0.859803,
        0.901725,
        0.940442,
        0.7206549999999999,
        0.734328,
        0.6502129999999999,
        0.6866559999999999,
        0.492513,
        1.443932,
        1.2169770000000002,
        0.6770320000000001,
        0.682735,
        1.07576
    ],
    [
        0.460851,
        0.378585,
        1.200342,
        0.152155,
        0.8350449999999999,
        0.997302,
        0.859803,
        0.0,
        0.630332,
        1.5235370000000001,
        0.271654,
        0.438886,
        0.5198189999999999,
        0.17305299999999998,
        0.367259,
        2.0313499999999998,
        1.6902139999999999,
        0.304751,
        0.310454,
        1.523832
    ],
    [
        0.6666839999999999,
        0.8784109999999999,
        0.873028,
        0.635015,
        0.876968,
        0.37116000000000005,
        0.901725,
        0.630332,
        0.0,
        1.273228,
        0.69935,
        0.7687430000000001,
        0.7300420000000001,
        0.501933,
        0.506012,
        2.026778,
        1.162314,
        0.35765800000000003,
        0.35195499999999996,
        0.894876
    ],
    [
        1.414404,
        1.647033,
        0.615854,
        1.4781980000000001,
        0.957072,
        1.575241,
        0.940442,
        1.5235370000000001,
        1.273228,
        0.0,
        1.486199,
        1.524169,
        1.433567,
        1.348179,
        1.154036,
        0.815375,
        0.574936,
        1.3418379999999999,
        1.294229,
        1.041243
    ],
    [
        0.187995,
        0.23555299999999998,
        1.1857360000000001,
        0.120041,
        0.744906,
        1.053749,
        0.7206549999999999,
        0.271654,
        0.69935,
        1.486199,
        0.0,
        0.16603,
        0.246963,
        0.207595,
        0.332132,
        2.0124079999999998,
        1.721445,
        0.339293,
        0.34499599999999997,
        1.518695
    ],
    [
        0.106571,
        0.188379,
        1.295812,
        0.286072,
        0.758578,
        1.1231410000000002,
        0.734328,
        0.438886,
        0.7687430000000001,
        1.524169,
        0.16603,
        0.0,
        0.083708,
        0.29174500000000003,
        0.438455,
        2.009058,
        1.829962,
        0.411085,
        0.416788,
        1.671855
    ],
    [
        0.063357,
        0.266625,
        1.2525979999999999,
        0.367004,
        0.6744629999999999,
        1.08444,
        0.6502129999999999,
        0.5198189999999999,
        0.7300420000000001,
        1.433567,
        0.246963,
        0.083708,
        0.0,
        0.356619,
        0.399754,
        1.9419659999999999,
        1.786691,
        0.37238299999999996,
        0.37808600000000003,
        1.628584
    ],
    [
        0.293262,
        0.410183,
        1.0374670000000001,
        0.14326,
        0.661898,
        0.8563310000000001,
        0.6866559999999999,
        0.17305299999999998,
        0.501933,
        1.348179,
        0.207595,
        0.29174500000000003,
        0.356619,
        0.0,
        0.194112,
        1.858203,
        1.523689,
        0.141876,
        0.14757900000000002,
        1.380047
    ],
    [
        0.33639600000000003,
        0.564457,
        0.8535739999999999,
        0.32192000000000004,
        0.467755,
        0.863885,
        0.492513,
        0.367259,
        0.506012,
        1.154036,
        0.332132,
        0.438455,
        0.399754,
        0.194112,
        0.0,
        1.6640599999999999,
        1.3892829999999998,
        0.18448900000000001,
        0.190192,
        1.2311759999999998
    ],
    [
        1.917894,
        2.150523,
        1.283072,
        1.986011,
        1.464885,
        2.2424589999999998,
        1.443932,
        2.0313499999999998,
        2.026778,
        0.815375,
        2.0124079999999998,
        2.009058,
        1.9419659999999999,
        1.858203,
        1.6640599999999999,
        0.0,
        1.194462,
        1.8518620000000001,
        1.8575650000000001,
        1.67885
    ],
    [
        1.7233340000000001,
        1.955963,
        0.643463,
        1.656771,
        1.1922190000000001,
        1.300392,
        1.2169770000000002,
        1.6902139999999999,
        1.162314,
        0.574936,
        1.721445,
        1.829962,
        1.786691,
        1.523689,
        1.3892829999999998,
        1.194462,
        0.0,
        1.493452,
        1.487749,
        0.719724
    ],
    [
        0.309026,
        0.541881,
        0.902274,
        0.27495800000000004,
        0.652274,
        0.712056,
        0.6770320000000001,
        0.304751,
        0.35765800000000003,
        1.3418379999999999,
        0.339293,
        0.411085,
        0.37238299999999996,
        0.141876,
        0.18448900000000001,
        1.8518620000000001,
        1.493452,
        0.0,
        0.005703000000000001,
        1.22794
    ],
    [
        0.314729,
        0.547584,
        0.896571,
        0.280661,
        0.657978,
        0.7063529999999999,
        0.682735,
        0.310454,
        0.35195499999999996,
        1.294229,
        0.34499599999999997,
        0.416788,
        0.37808600000000003,
        0.14757900000000002,
        0.190192,
        1.8575650000000001,
        1.487749,
        0.005703000000000001,
        0.0,
        1.222237
    ],
    [
        1.5652270000000001,
        1.77191,
        0.566655,
        1.545479,
        1.051002,
        0.641169,
        1.07576,
        1.523832,
        0.894876,
        1.041243,
        1.518695,
        1.671855,
        1.628584,
        1.380047,
        1.2311759999999998,
        1.67885,
        0.719724,
        1.22794,
        1.222237,
        0.0
    ]
]