[
    [
        0.0,
        0.7709980000000001,
        1.268918,
        0.9911040000000001,
        1.293126,
        1.021096,
        1.634933,
        0.980146,
        2.001286,
        2.188893,
        0.956639,
        1.148839,
        1.161199,
        0.76221,
        2.624676,
        0.505242,
        1.0335560000000001,
        0.959197,
        1.121848,
        0.544807
    ],
    [
        0.7709980000000001,
        0.0,
        0.56592,
        0.286551,
        0.5901280000000001,
        0.316544,
        0.931935,
        0.33443900000000004,
        2.546245,
        1.553107,
        0.310933,
        1.6551500000000001,
        0.38038900000000003,
        0.168965,
        3.142271,
        0.396625,
        0.330558,
        0.254645,
        0.467265,
        0.386304
    ],
    [
        1.268918,
        0.56592,
        0.0,
        0.313658,
        0.024207999999999997,
        0.246626,
        0.540375,
        0.37421499999999996,
        3.08578,
        1.351735,
        0.39772199999999996,
        1.718056,
        0.19125899999999998,
        0.516173,
        3.489478,
        0.774968,
        0.243431,
        0.324667,
        0.253432,
        0.764648
    ],
    [
        0.9911040000000001,
        0.286551,
        0.313658,
        0.0,
        0.337866,
        0.067032,
        0.679673,
        0.154658,
        2.8327959999999996,
        1.466815,
        0.178164,
        1.742955,
        0.145761,
        0.26717799999999997,
        3.240341,
        0.508049,
        0.080171,
        0.061944000000000006,
        0.35679700000000003,
        0.497921
    ],
    [
        1.293126,
        0.5901280000000001,
        0.024207999999999997,
        0.337866,
        0.0,
        0.270834,
        0.5353049999999999,
        0.398423,
        3.1099870000000003,
        1.375943,
        0.42193,
        1.693848,
        0.21546600000000002,
        0.54038,
        3.513687,
        0.799176,
        0.267639,
        0.348875,
        0.27764,
        0.788855
    ],
    [
        1.021096,
        0.316544,
        0.246626,
        0.067032,
        0.270834,
        0.0,
        0.612583,
        0.127589,
        2.8627890000000003,
        1.399783,
        0.151096,
        1.7729480000000002,
        0.063845,
        0.297028,
        3.270333,
        0.525592,
        0.064193,
        0.078041,
        0.289766,
        0.5152720000000001
    ],
    [
        1.634933,
        0.931935,
        0.540375,
        0.679673,
        0.5353049999999999,
        0.612583,
        0.0,
        0.738933,
        3.450497,
        1.188169,
        0.76244,
        1.865791,
        0.5559769999999999,
        0.882188,
        3.855494,
        1.136936,
        0.609446,
        0.689385,
        0.608756,
        1.126616
    ],
    [
        0.980146,
        0.33443900000000004,
        0.37421499999999996,
        0.154658,
        0.398423,
        0.127589,
        0.738933,
        0.0,
        2.7335059999999998,
        1.3555160000000002,
        0.023507,
        1.846613,
        0.206146,
        0.370902,
        3.3439360000000002,
        0.611773,
        0.140555,
        0.165667,
        0.269673,
        0.601644
    ],
    [
        2.001286,
        2.546245,
        3.08578,
        2.8327959999999996,
        3.1099870000000003,
        2.8627890000000003,
        3.450497,
        2.7335059999999998,
        0.0,
        3.634247,
        2.70254,
        2.6476930000000003,
        2.898828,
        2.625511,
        1.7775530000000002,
        2.36851,
        2.871465,
        2.7955520000000003,
        2.8602510000000003,
        2.408074
    ],
    [
        2.188893,
        1.553107,
        1.351735,
        1.466815,
        1.375943,
        1.399783,
        1.188169,
        1.3555160000000002,
        3.634247,
        0.0,
        1.3342260000000001,
        3.072689,
        1.3459649999999999,
        1.695038,
        4.646367000000001,
        1.943827,
        1.422297,
        1.479374,
        1.135593,
        1.933507
    ],
    [
        0.956639,
        0.310933,
        0.39772199999999996,
        0.178164,
        0.42193,
        0.151096,
        0.76244,
        0.023507,
        2.70254,
        1.3342260000000001,
        0.0,
        1.8701199999999998,
        0.229653,
        0.394409,
        3.414121,
        0.63528,
        0.164062,
        0.189174,
        0.246166,
        0.6251509999999999
    ],
    [
        1.148839,
        1.6551500000000001,
        1.718056,
        1.742955,
        1.693848,
        1.7729480000000002,
        1.865791,
        1.846613,
        2.6476930000000003,
        3.072689,
        1.8701199999999998,
        0.0,
        1.837697,
        1.5066400000000002,
        2.813502,
        1.2806590000000002,
        1.757635,
        1.711953,
        1.9879069999999999,
        1.320223
    ],
    [
        1.161199,
        0.38038900000000003,
        0.19125899999999998,
        0.145761,
        0.21546600000000002,
        0.063845,
        0.5559769999999999,
        0.206146,
        2.898828,
        1.3459649999999999,
        0.229653,
        1.837697,
        0.0,
        0.362006,
        3.3341790000000002,
        0.602877,
        0.08786,
        0.156771,
        0.234398,
        0.592748
    ],
    [
        0.76221,
        0.168965,
        0.516173,
        0.26717799999999997,
        0.54038,
        0.297028,
        0.882188,
        0.370902,
        2.625511,
        1.695038,
        0.394409,
        1.5066400000000002,
        0.362006,
        0.0,
        2.98277,
        0.26626,
        0.29641500000000004,
        0.23527199999999998,
        0.585596,
        0.256132
    ],
    [
        2.624676,
        3.142271,
        3.489478,
        3.240341,
        3.513687,
        3.270333,
        3.855494,
        3.3439360000000002,
        1.7775530000000002,
        4.646367000000001,
        3.414121,
        2.813502,
        3.3341790000000002,
        2.98277,
        0.0,
        2.768865,
        3.297221,
        3.22282,
        3.570528,
        2.809219
    ],
    [
        0.505242,
        0.396625,
        0.774968,
        0.508049,
        0.799176,
        0.525592,
        1.136936,
        0.611773,
        2.36851,
        1.943827,
        0.63528,
        1.2806590000000002,
        0.602877,
        0.26626,
        2.768865,
        0.0,
        0.5372859999999999,
        0.476143,
        0.8153579999999999,
        0.06451000000000001
    ],
    [
        1.0335560000000001,
        0.330558,
        0.243431,
        0.080171,
        0.267639,
        0.064193,
        0.609446,
        0.140555,
        2.871465,
        1.422297,
        0.164062,
        1.757635,
        0.08786,
        0.29641500000000004,
        3.297221,
        0.5372859999999999,
        0.0,
        0.091181,
        0.31285399999999997,
        0.527158
    ],
    [
        0.959197,
        0.254645,
        0.324667,
        0.061944000000000006,
        0.348875,
        0.078041,
        0.689385,
        0.165667,
        2.7955520000000003,
        1.479374,
        0.189174,
        1.711953,
        0.156771,
        0.23527199999999998,
        3.22282,
        0.476143,
        0.091181,
        0.0,
        0.367807,
        0.466014
    ],
    [
        1.121848,
        0.467265,
        0.253432,
        0.35679700000000003,
        0.27764,
        0.289766,
        0.608756,
        0.269673,
        2.8602510000000003,
        1.135593,
        0.246166,
        1.9879069999999999,
        0.234398,
        0.585596,
        3.570528,
        0.8153579999999999,
        0.31285399999999997,
        0.367807,
        0.0,
        0.805037
    ],
    [
        0.544807,
        0.386304,
        0.764648,
        0.497921,
        0.788855,
        0.5152720000000001,
        1.126616,
        0.601644,
        2.408074,
        1.933507,
        0.6251509999999999,
        1.320223,
        0.592748,
        0.256132,
        2.809219,
        0.06451000000000001,
        0.527158,
        0.466014,
        0.805037,
        0.0
    ]
]