[
    [
        0.0,
        1.028845,
        0.44231,
        2.5804699999999996,
        0.801202,
        1.957643,
        2.033083,
        1.942642,
        1.19638,
        2.3054810000000003,
        2.130097,
        1.670193,
        1.800829,
        0.6181019999999999,
        0.961056,
        2.714763,
        3.2070700000000003,
        1.4123409999999998,
        3.196941,
        1.616503
    ],
    [
        1.028845,
        0.0,
        1.173819,
        2.4268919999999996,
        1.738828,
        2.2056660000000003,
        2.2285749999999998,
        2.113125,
        1.689749,
        3.025949,
        2.405754,
        2.085309,
        2.3179160000000003,
        0.390832,
        1.898682,
        3.4823739999999996,
        3.3046149999999996,
        2.557912,
        3.365449,
        1.845353
    ],
    [
        0.44231,
        1.173819,
        0.0,
        2.172182,
        1.0758720000000002,
        1.621796,
        1.644209,
        1.529751,
        0.833973,
        2.144287,
        1.821884,
        1.3468900000000001,
        1.4775260000000001,
        0.8542029999999999,
        1.301721,
        2.550224,
        2.7498739999999997,
        1.579907,
        2.779246,
        1.261483
    ],
    [
        2.5804699999999996,
        2.4268919999999996,
        2.172182,
        0.0,
        3.2381840000000004,
        1.561796,
        1.482058,
        1.5613119999999998,
        2.06237,
        2.596067,
        1.789903,
        1.9212529999999999,
        2.026704,
        2.615325,
        3.172094,
        3.590277,
        1.011813,
        3.417511,
        2.224589,
        1.747276
    ],
    [
        0.801202,
        1.738828,
        1.0758720000000002,
        3.2381840000000004,
        0.0,
        2.3867779999999996,
        2.462219,
        2.3717770000000002,
        1.69333,
        2.366881,
        2.559867,
        2.078465,
        1.983685,
        1.146066,
        0.273857,
        2.2060079999999997,
        3.824494,
        1.0635,
        3.5326419999999996,
        2.0911950000000004
    ],
    [
        1.957643,
        2.2056660000000003,
        1.621796,
        1.561796,
        2.3867779999999996,
        0.0,
        0.113913,
        0.09476000000000001,
        0.7916810000000001,
        1.16043,
        0.42827499999999996,
        0.445575,
        0.5669740000000001,
        2.277552,
        2.090656,
        2.130547,
        1.71556,
        1.977392,
        1.257984,
        0.45948
    ],
    [
        2.033083,
        2.2285749999999998,
        1.644209,
        1.482058,
        2.462219,
        0.113913,
        0.0,
        0.117096,
        0.869694,
        1.1363699999999999,
        0.306145,
        0.51303,
        0.544569,
        2.313437,
        2.168669,
        2.108142,
        1.6358219999999999,
        2.055406,
        1.178205,
        0.524557
    ],
    [
        1.942642,
        2.113125,
        1.529751,
        1.5613119999999998,
        2.3717770000000002,
        0.09476000000000001,
        0.117096,
        0.0,
        0.7766799999999999,
        1.253466,
        0.423241,
        0.430574,
        0.577711,
        2.198561,
        2.076326,
        2.2222049999999998,
        1.715076,
        1.9623920000000001,
        1.257106,
        0.40968
    ],
    [
        1.19638,
        1.689749,
        0.833973,
        2.06237,
        1.69333,
        0.7916810000000001,
        0.869694,
        0.7766799999999999,
        0.0,
        1.575339,
        0.964135,
        0.541538,
        0.6721739999999999,
        1.566548,
        1.5250540000000001,
        2.193752,
        2.2091239999999996,
        1.579589,
        2.0316140000000003,
        0.492965
    ],
    [
        2.3054810000000003,
        3.025949,
        2.144287,
        2.596067,
        2.366881,
        1.16043,
        1.1363699999999999,
        1.253466,
        1.575339,
        0.0,
        0.8487659999999999,
        1.046879,
        0.889193,
        2.770018,
        1.9657200000000001,
        1.448733,
        2.294395,
        1.857232,
        1.401278,
        1.399304
    ],
    [
        2.130097,
        2.405754,
        1.821884,
        1.789903,
        2.559867,
        0.42827499999999996,
        0.306145,
        0.423241,
        0.964135,
        0.8487659999999999,
        0.0,
        0.615236,
        0.60558,
        2.450641,
        2.263781,
        2.1166810000000003,
        1.889547,
        2.1498470000000003,
        1.012808,
        0.673504
    ],
    [
        1.670193,
        2.085309,
        1.3468900000000001,
        1.9212529999999999,
        2.078465,
        0.445575,
        0.51303,
        0.430574,
        0.541538,
        1.046879,
        0.615236,
        0.0,
        0.232606,
        1.990421,
        1.639563,
        1.835617,
        2.087765,
        1.525629,
        1.605423,
        0.352425
    ],
    [
        1.800829,
        2.3179160000000003,
        1.4775260000000001,
        2.026704,
        1.983685,
        0.5669740000000001,
        0.544569,
        0.577711,
        0.6721739999999999,
        0.889193,
        0.60558,
        0.232606,
        0.0,
        2.121058,
        1.7436980000000002,
        1.686885,
        2.166022,
        1.629764,
        1.612606,
        0.585031
    ],
    [
        0.6181019999999999,
        0.390832,
        0.8542029999999999,
        2.615325,
        1.146066,
        2.277552,
        2.313437,
        2.198561,
        1.566548,
        2.770018,
        2.450641,
        1.990421,
        2.121058,
        0.0,
        1.334933,
        3.187838,
        3.406359,
        2.0275060000000003,
        3.568922,
        1.988483
    ],
    [
        0.961056,
        1.898682,
        1.301721,
        3.172094,
        0.273857,
        2.090656,
        2.168669,
        2.076326,
        1.5250540000000001,
        1.9657200000000001,
        2.263781,
        1.639563,
        1.7436980000000002,
        1.334933,
        0.0,
        2.157283,
        3.8721819999999996,
        1.0265799999999998,
        3.2898519999999998,
        1.7950719999999998
    ],
    [
        2.714763,
        3.4823739999999996,
        2.550224,
        3.590277,
        2.2060079999999997,
        2.130547,
        2.108142,
        2.2222049999999998,
        2.193752,
        1.448733,
        2.1166810000000003,
        1.835617,
        1.686885,
        3.187838,
        2.157283,
        0.0,
        3.6667020000000003,
        1.671141,
        2.591972,
        2.1769760000000002
    ],
    [
        3.2070700000000003,
        3.3046149999999996,
        2.7498739999999997,
        1.011813,
        3.824494,
        1.71556,
        1.6358219999999999,
        1.715076,
        2.2091239999999996,
        2.294395,
        1.889547,
        2.087765,
        2.166022,
        3.406359,
        3.8721819999999996,
        3.6667020000000003,
        0.0,
        3.564721,
        1.683631,
        1.8944860000000001
    ],
    [
        1.4123409999999998,
        2.557912,
        1.579907,
        3.417511,
        1.0635,
        1.977392,
        2.055406,
        1.9623920000000001,
        1.579589,
        1.857232,
        2.1498470000000003,
        1.525629,
        1.629764,
        2.0275060000000003,
        1.0265799999999998,
        1.671141,
        3.564721,
        0.0,
        3.1759180000000002,
        1.681138
    ],
    [
        3.196941,
        3.365449,
        2.779246,
        2.224589,
        3.5326419999999996,
        1.257984,
        1.178205,
        1.257106,
        2.0316140000000003,
        1.401278,
        1.012808,
        1.605423,
        1.612606,
        3.568922,
        3.2898519999999998,
        2.591972,
        1.683631,
        3.1759180000000002,
        0.0,
        1.657446
    ],
    [
        1.616503,
        1.845353,
        1.261483,
        1.747276,
        2.0911950000000004,
        0.45948,
        0.524557,
        0.40968,
        0.492965,
        1.399304,
        0.673504,
        0.352425,
        0.585031,
        1.988483,
        1.7950719999999998,
        2.1769760000000002,
        1.8944860000000001,
        1.681138,
        1.657446,
        0.0
    ]
]