[
    [
        0.0,
        2.1729540000000003,
        2.583774,
        3.395578,
        3.652569,
        2.175646,
        2.488739,
        2.179683,
        4.319668
    ],
    [
        2.1729540000000003,
        0.0,
        0.544845,
        1.228758,
        1.7137200000000001,
        0.025868,
        0.32192000000000004,
        0.029905,
        2.350076
    ],
    [
        2.583774,
        0.544845,
        0.0,
        1.177394,
        1.168876,
        0.564578,
        0.222925,
        0.568616,
        2.5183310000000003
    ],
    [
        3.395578,
        1.228758,
        1.177394,
        0.0,
        0.895614,
        1.248492,
        0.994923,
        1.25253,
        2.347812
    ],
    [
        3.652569,
        1.7137200000000001,
        1.168876,
        0.895614,
        0.0,
        1.733453,
        1.3918009999999998,
        1.737491,
        2.9516419999999997
    ],
    [
        2.175646,
        0.025868,
        0.564578,
        1.248492,
        1.733453,
        0.0,
        0.34165300000000004,
        0.004038,
        2.34911
    ],
    [
        2.488739,
        0.32192000000000004,
        0.222925,
        0.994923,
        1.3918009999999998,
        0.34165300000000004,
        0.0,
        0.34569099999999997,
        2.295406
    ],
    [
        2.179683,
        0.029905,
        0.568616,
        1.25253,
        1.737491,
        0.004038,
        0.34569099999999997,
        0.0,
        2.345072
    ],
    [
        4.319668,
        2.350076,
        2.5183310000000003,
        2.347812,
        2.9516419999999997,
        2.34911,
        2.295406,
        2.345072,
        0.0
    ]
]