[
    [
        0.0,
        1.325896,
        1.2465419999999998,
        0.127842,
        0.9278540000000001,
        0.009224999999999999,
        1.90802,
        1.803648,
        1.316391,
        2.043844,
        0.767706,
        1.21706,
        2.050179,
        0.699222,
        1.339641,
        2.915149,
        0.847235,
        0.912095,
        1.759315,
        2.475471,
        2.63431,
        2.7349360000000003,
        0.525466,
        0.745011,
        0.487654,
        1.560275,
        0.855311,
        1.040756,
        3.175919,
        1.688414,
        0.563279,
        2.832223,
        1.729627,
        2.9070300000000002,
        2.593014,
        1.126921,
        1.567506,
        2.6586060000000002,
        0.801419,
        1.195631,
        1.336001,
        1.112555,
        0.8335940000000001,
        1.424198,
        0.48636900000000005,
        1.879495,
        0.833151,
        1.519814,
        1.1238599999999999,
        1.545895,
        2.78299,
        1.377219,
        1.397287,
        2.0300789999999997,
        1.537241,
        2.850998,
        2.251174,
        1.8961199999999998,
        2.206785,
        2.142255
    ],
    [
        1.325896,
        0.0,
        1.5446739999999999,
        1.2193219999999998,
        0.9923930000000001,
        1.268465,
        2.989402,
        0.5711280000000001,
        2.200257,
        0.6355299999999999,
        1.364411,
        2.298442,
        1.153569,
        1.7168240000000001,
        0.834705,
        2.017214,
        0.992597,
        1.9906089999999999,
        2.840697,
        3.558802,
        2.221851,
        1.8370009999999999,
        1.6087529999999999,
        1.793134,
        0.752955,
        0.634649,
        1.903434,
        2.122138,
        4.10593,
        0.238456,
        1.667061,
        2.5152759999999996,
        0.39400799999999997,
        3.554532,
        1.527835,
        0.278616,
        0.406422,
        2.096863,
        1.167019,
        2.236286,
        0.443542,
        2.354446,
        0.7228859999999999,
        1.120678,
        1.701714,
        1.498102,
        0.56868,
        0.146727,
        0.735313,
        1.51576,
        2.034366,
        2.4586010000000003,
        2.639179,
        0.621764,
        0.220695,
        3.096749,
        1.919467,
        0.487805,
        1.7840429999999998,
        3.2570140000000003
    ],
    [
        1.2465419999999998,
        1.5446739999999999,
        0.0,
        1.260257,
        1.676188,
        1.3460750000000001,
        3.063852,
        1.447067,
        2.472223,
        1.903558,
        1.765539,
        2.372892,
        2.491678,
        1.8192329999999999,
        2.044271,
        3.229034,
        1.8377560000000002,
        2.067927,
        2.915147,
        2.660723,
        1.361464,
        3.04882,
        1.2974539999999999,
        1.900843,
        1.2489649999999999,
        2.2424,
        2.011143,
        2.196588,
        2.972837,
        1.821501,
        1.355762,
        1.559377,
        2.001759,
        2.178328,
        2.038444,
        1.46708,
        1.2570640000000002,
        3.447817,
        1.79194,
        2.3514630000000003,
        1.314738,
        1.212858,
        0.972093,
        2.330244,
        1.429278,
        2.634267,
        1.372568,
        1.6529010000000002,
        0.927334,
        2.300667,
        3.278105,
        2.533052,
        1.9436069999999999,
        1.8777709999999999,
        1.8503530000000001,
        1.741244,
        3.005946,
        1.868746,
        3.0417710000000002,
        2.388997
    ],
    [
        0.127842,
        1.2193219999999998,
        1.260257,
        0.0,
        1.1588800000000001,
        0.240251,
        1.958029,
        1.6758279999999999,
        1.366399,
        1.916024,
        0.998732,
        1.267068,
        2.434064,
        0.7634310000000001,
        1.570666,
        3.297708,
        1.078261,
        0.9621029999999999,
        1.809323,
        2.4406790000000003,
        2.506489,
        3.117495,
        0.435475,
        0.795019,
        0.718679,
        1.981492,
        0.90532,
        1.0907639999999998,
        3.141128,
        1.5605930000000001,
        0.501941,
        2.704402,
        1.7408510000000001,
        2.872238,
        2.465194,
        1.204481,
        1.4396849999999999,
        2.889632,
        1.0324449999999998,
        1.24564,
        1.20818,
        1.077763,
        0.7056180000000001,
        1.655224,
        0.42502999999999996,
        2.1105210000000003,
        1.064177,
        1.391993,
        0.996039,
        1.776921,
        3.314861,
        1.4272280000000002,
        1.3624949999999998,
        1.902258,
        1.589445,
        2.723177,
        2.4821999999999997,
        1.7683,
        2.437811,
        2.107463
    ],
    [
        0.9278540000000001,
        0.9923930000000001,
        1.676188,
        1.1588800000000001,
        0.0,
        0.923515,
        2.368589,
        1.5338779999999999,
        1.1625,
        1.627922,
        0.459236,
        1.6776289999999998,
        1.429313,
        1.049903,
        0.7187749999999999,
        2.294283,
        0.721226,
        1.369796,
        2.219884,
        3.365275,
        3.0429009999999996,
        2.1140700000000003,
        1.2757290000000001,
        1.126213,
        0.630916,
        1.053586,
        1.236514,
        1.501325,
        4.063406,
        1.225305,
        1.3340370000000001,
        3.336326,
        1.247652,
        3.7945160000000002,
        2.408861,
        0.7775380000000001,
        1.2705009999999999,
        2.0275309999999998,
        0.261843,
        1.1985299999999999,
        1.2323389999999999,
        2.000041,
        0.880487,
        0.793123,
        1.3321720000000001,
        1.213546,
        0.6725869999999999,
        1.169206,
        1.4292909999999999,
        0.373668,
        2.151915,
        1.837788,
        2.284774,
        1.6141569999999998,
        1.055267,
        3.798667,
        1.585226,
        1.347364,
        1.540837,
        3.029741
    ],
    [
        0.009224999999999999,
        1.268465,
        1.3460750000000001,
        0.240251,
        0.923515,
        0.0,
        2.010142,
        1.794423,
        1.418512,
        2.0346189999999997,
        0.758481,
        1.319182,
        2.040954,
        0.812175,
        1.330415,
        2.905924,
        0.83801,
        1.014217,
        1.861437,
        2.49511,
        2.6250839999999998,
        2.72571,
        0.51624,
        0.847133,
        0.478428,
        1.55105,
        0.957433,
        1.1428779999999998,
        3.193241,
        1.679189,
        0.5540539999999999,
        2.822998,
        1.720402,
        2.924352,
        2.5837890000000003,
        1.1176949999999999,
        1.558281,
        2.649381,
        0.792194,
        1.297753,
        1.3267760000000002,
        1.1298759999999999,
        0.824214,
        1.414973,
        0.477144,
        1.870269,
        0.823926,
        1.510589,
        1.114635,
        1.53667,
        2.773765,
        1.4793409999999998,
        1.414609,
        2.020854,
        1.528016,
        2.8417719999999997,
        2.241949,
        1.886895,
        2.1975599999999997,
        2.159577
    ],
    [
        1.90802,
        2.989402,
        3.063852,
        1.958029,
        2.368589,
        2.010142,
        0.0,
        3.7351439999999996,
        1.402175,
        3.97534,
        1.909293,
        0.89861,
        3.649972,
        1.532905,
        2.864502,
        4.576294,
        2.254713,
        1.282309,
        0.6707110000000001,
        1.302577,
        4.597096,
        4.5272250000000005,
        2.169464,
        1.447474,
        2.40489,
        3.3783499999999997,
        1.3784049999999999,
        1.097974,
        3.584801,
        3.3824270000000003,
        2.168017,
        4.79501,
        3.547701,
        3.161781,
        4.52451,
        2.944995,
        3.499002,
        4.101674,
        2.278221,
        1.4601169999999999,
        3.2674969999999997,
        2.476509,
        2.764935,
        2.862547,
        2.10407,
        2.8886999999999996,
        2.6512260000000003,
        3.451309,
        3.055355,
        2.552288,
        4.272695,
        1.081053,
        1.513552,
        3.961574,
        3.3553159999999997,
        4.399573,
        3.260379,
        3.8276149999999998,
        3.2159899999999997,
        1.857999
    ],
    [
        1.803648,
        0.5711280000000001,
        1.447067,
        1.6758279999999999,
        1.5338779999999999,
        1.794423,
        3.7351439999999996,
        0.0,
        2.751652,
        0.575078,
        1.905896,
        2.685581,
        1.1631980000000002,
        2.1039630000000002,
        1.531817,
        1.9005530000000002,
        1.5340820000000002,
        2.377748,
        3.2278350000000002,
        3.533837,
        2.022379,
        1.72034,
        1.8325879999999999,
        2.180273,
        1.282337,
        1.174587,
        2.2905729999999997,
        2.509277,
        4.092944,
        0.706004,
        1.890895,
        2.192018,
        0.7587999999999999,
        3.4511999999999996,
        1.006312,
        0.807998,
        0.30317700000000003,
        2.1193359999999997,
        1.7085039999999998,
        2.610074,
        0.467647,
        2.578281,
        0.9663339999999999,
        1.826391,
        1.925548,
        2.048677,
        1.0980619999999999,
        0.537404,
        0.885185,
        2.057246,
        1.949624,
        2.8457399999999997,
        2.816721,
        0.5492910000000001,
        0.773778,
        2.899089,
        2.057208,
        0.53762,
        1.9217840000000002,
        3.23205
    ],
    [
        1.316391,
        2.200257,
        2.472223,
        1.366399,
        1.1625,
        1.418512,
        1.402175,
        2.751652,
        0.0,
        2.661703,
        0.7721570000000001,
        0.6801159999999999,
        2.2768,
        0.656811,
        1.4913299999999998,
        3.203122,
        1.2192319999999999,
        0.475267,
        0.759147,
        2.3590940000000002,
        3.8026999999999997,
        3.1540529999999998,
        1.406358,
        0.571379,
        1.6085260000000001,
        1.829334,
        0.461071,
        0.552376,
        3.8665760000000002,
        2.249777,
        1.417875,
        4.0006129999999995,
        2.127641,
        3.593216,
        3.7614050000000003,
        2.148631,
        2.7358960000000003,
        2.7307159999999997,
        1.2507329999999999,
        0.086945,
        2.504391,
        1.883022,
        2.001829,
        1.489375,
        1.340965,
        1.515528,
        1.854862,
        2.364212,
        2.29225,
        0.948837,
        2.8995230000000003,
        0.519624,
        2.083473,
        2.6479369999999998,
        2.00557,
        4.019388,
        1.887208,
        2.382615,
        1.842818,
        2.8719859999999997
    ],
    [
        2.043844,
        0.6355299999999999,
        1.903558,
        1.916024,
        1.627922,
        2.0346189999999997,
        3.97534,
        0.575078,
        2.661703,
        0.0,
        2.0652559999999998,
        2.8698780000000004,
        0.6805549999999999,
        2.28826,
        1.296351,
        1.392095,
        1.693441,
        2.562045,
        3.412133,
        3.990329,
        2.4788710000000003,
        1.2118820000000001,
        2.137982,
        2.36457,
        1.4416969999999998,
        0.923088,
        2.4748699999999997,
        2.693574,
        4.537457000000001,
        0.6028300000000001,
        2.19629,
        2.7340259999999996,
        0.5933849999999999,
        3.907692,
        1.11382,
        0.967357,
        0.741542,
        1.609035,
        1.867863,
        2.691859,
        0.924139,
        2.883676,
        1.252115,
        1.567592,
        2.2309430000000003,
        1.825339,
        1.257422,
        0.5240309999999999,
        1.2645419999999998,
        1.876418,
        1.429914,
        3.0300369999999996,
        3.168408,
        0.025786999999999997,
        0.7174210000000001,
        3.35558,
        1.7590340000000002,
        0.35962900000000003,
        1.62361,
        3.688542
    ],
    [
        0.767706,
        1.364411,
        1.765539,
        0.998732,
        0.459236,
        0.758481,
        1.909293,
        1.905896,
        0.7721570000000001,
        2.0652559999999998,
        0.0,
        1.054889,
        1.797738,
        0.385509,
        1.0872,
        2.6627080000000003,
        0.481858,
        0.644415,
        1.597144,
        2.805484,
        3.1265,
        2.4824949999999997,
        1.034299,
        0.46181900000000004,
        0.907142,
        1.422011,
        0.572119,
        0.8785850000000001,
        3.578799,
        1.676993,
        1.045817,
        3.324413,
        1.5775050000000002,
        3.305438,
        2.864838,
        1.2335150000000001,
        1.726478,
        2.395956,
        0.197393,
        0.8479450000000001,
        1.582621,
        1.510963,
        1.325629,
        1.161548,
        0.9689059999999999,
        1.7937509999999999,
        1.153478,
        1.625183,
        1.616051,
        0.961982,
        2.52034,
        1.05385,
        1.795696,
        2.070133,
        1.441387,
        3.402708,
        2.1654299999999997,
        1.8296759999999999,
        2.121041,
        2.540664
    ],
    [
        1.21706,
        2.298442,
        2.372892,
        1.267068,
        1.6776289999999998,
        1.319182,
        0.89861,
        2.685581,
        0.6801159999999999,
        2.8698780000000004,
        1.054889,
        0.0,
        3.017816,
        0.6704690000000001,
        2.2323449999999996,
        3.9441379999999997,
        1.392277,
        0.419873,
        0.578429,
        1.6229,
        3.7033690000000004,
        3.895068,
        1.307028,
        0.5850380000000001,
        1.542455,
        2.5159140000000004,
        0.515969,
        0.235538,
        3.569487,
        2.5199920000000002,
        1.305582,
        3.901283,
        2.685266,
        3.296126,
        3.662074,
        2.08256,
        2.6365659999999997,
        3.469518,
        1.415785,
        0.738058,
        2.4050610000000003,
        1.614073,
        1.902499,
        2.230391,
        1.241634,
        2.256544,
        1.7887899999999999,
        2.588873,
        2.19292,
        1.689853,
        3.6405390000000004,
        0.21861699999999998,
        1.448256,
        3.099138,
        2.49288,
        3.920057,
        2.6282229999999998,
        2.9651799999999997,
        2.583834,
        2.149503
    ],
    [
        2.050179,
        1.153569,
        2.491678,
        2.434064,
        1.429313,
        2.040954,
        3.649972,
        1.1631980000000002,
        2.2768,
        0.6805549999999999,
        1.797738,
        3.017816,
        0.0,
        2.591688,
        0.899199,
        0.8715660000000001,
        1.6964860000000002,
        2.826691,
        3.05763,
        4.578448000000001,
        3.0669899999999997,
        0.691353,
        2.659982,
        2.6440960000000002,
        1.854892,
        0.6081570000000001,
        2.710308,
        2.952061,
        5.137556,
        0.973538,
        2.71829,
        3.322146,
        0.88681,
        4.495812,
        1.752886,
        1.489357,
        1.329661,
        0.990753,
        1.791199,
        2.360252,
        1.4947709999999998,
        3.405676,
        1.774115,
        1.198944,
        2.752943,
        1.2464790000000001,
        1.5974469999999998,
        1.046031,
        1.7865419999999999,
        1.538739,
        0.888718,
        2.814844,
        3.6904079999999997,
        0.706341,
        1.013532,
        3.9436999999999998,
        1.180174,
        0.7198920000000001,
        1.04475,
        4.276661
    ],
    [
        0.699222,
        1.7168240000000001,
        1.8192329999999999,
        0.7634310000000001,
        1.049903,
        0.812175,
        1.532905,
        2.1039630000000002,
        0.656811,
        2.28826,
        0.385509,
        0.6704690000000001,
        2.591688,
        0.0,
        1.713661,
        3.28917,
        0.766098,
        0.268026,
        1.212724,
        2.421064,
        3.199732,
        3.1089569999999997,
        0.8033899999999999,
        0.08543099999999999,
        0.9608369999999999,
        1.934296,
        0.195731,
        0.486694,
        3.283424,
        1.938374,
        0.814907,
        3.397645,
        2.103648,
        3.010063,
        3.1584369999999997,
        1.500942,
        2.1329279999999997,
        2.9959670000000003,
        0.78806,
        0.515232,
        1.901424,
        1.280054,
        1.3988610000000001,
        1.75684,
        0.7379969999999999,
        1.7829929999999998,
        1.2071720000000001,
        1.864628,
        1.6892829999999999,
        1.216302,
        3.166988,
        0.677461,
        1.500321,
        2.374893,
        1.911262,
        3.416419,
        2.154672,
        2.20336,
        2.110283,
        2.245288
    ],
    [
        1.339641,
        0.834705,
        2.044271,
        1.570666,
        0.7187749999999999,
        1.330415,
        2.864502,
        1.531817,
        1.4913299999999998,
        1.296351,
        1.0872,
        2.2323449999999996,
        0.899199,
        1.713661,
        0.0,
        1.692925,
        0.808827,
        1.9804970000000002,
        2.211437,
        3.724995,
        2.951626,
        1.512712,
        1.7680989999999999,
        1.7979020000000001,
        1.059589,
        0.40431,
        1.864114,
        2.1058670000000004,
        4.425444000000001,
        0.884225,
        1.826407,
        3.245051,
        0.762089,
        4.156554,
        2.305858,
        0.720345,
        1.1674980000000001,
        1.692709,
        0.960757,
        1.514058,
        1.129335,
        2.362079,
        1.3255899999999998,
        0.353872,
        1.8245429999999998,
        0.730092,
        0.802145,
        0.998659,
        1.338017,
        0.6925439999999999,
        1.657499,
        1.96865,
        2.6468119999999997,
        1.2823849999999999,
        0.640018,
        3.707392,
        1.287747,
        1.017063,
        1.1176389999999998,
        3.391779
    ],
    [
        2.915149,
        2.017214,
        3.229034,
        3.297708,
        2.294283,
        2.905924,
        4.576294,
        1.9005530000000002,
        3.203122,
        1.392095,
        2.6627080000000003,
        3.9441379999999997,
        0.8715660000000001,
        3.28917,
        1.692925,
        0.0,
        2.432996,
        3.4416219999999997,
        3.657346,
        5.366501,
        3.855043,
        0.180229,
        3.534884,
        3.259027,
        2.6491700000000002,
        1.4624300000000001,
        3.325239,
        3.566991,
        5.925609000000001,
        1.84844,
        3.593192,
        4.107203999999999,
        1.737263,
        5.2838639999999995,
        1.939241,
        2.2936750000000004,
        2.117715,
        1.124246,
        2.584925,
        2.975183,
        2.300312,
        4.02851,
        2.6490169999999997,
        1.666186,
        3.627844,
        1.713721,
        2.3917260000000002,
        1.920932,
        2.661444,
        2.332464,
        0.348734,
        3.428074,
        4.313243000000001,
        1.4174200000000001,
        1.864609,
        4.731752999999999,
        1.583068,
        1.594794,
        1.447645,
        5.064714
    ],
    [
        0.847235,
        0.992597,
        1.8377560000000002,
        1.078261,
        0.721226,
        0.83801,
        2.254713,
        1.5340820000000002,
        1.2192319999999999,
        1.693441,
        0.481858,
        1.392277,
        1.6964860000000002,
        0.766098,
        0.808827,
        2.432996,
        0.0,
        1.084103,
        1.93419,
        3.149248,
        3.043104,
        2.123621,
        1.1945350000000001,
        0.901591,
        0.5395399999999999,
        1.057053,
        1.011892,
        1.215632,
        3.847379,
        1.225509,
        1.2528430000000002,
        3.33653,
        1.247856,
        3.5784890000000003,
        2.409065,
        0.7777419999999999,
        1.270705,
        2.052719,
        0.309368,
        1.286952,
        1.232543,
        1.784014,
        0.8717630000000001,
        0.818311,
        1.2419570000000002,
        1.221442,
        0.672791,
        1.16941,
        1.429495,
        0.846708,
        2.1771019999999996,
        1.552095,
        2.0687469999999997,
        1.6143599999999998,
        1.0554700000000001,
        3.540289,
        1.593121,
        1.3475679999999999,
        1.548732,
        2.813714
    ],
    [
        0.912095,
        1.9906089999999999,
        2.067927,
        0.9621029999999999,
        1.369796,
        1.014217,
        1.282309,
        2.377748,
        0.475267,
        2.562045,
        0.644415,
        0.419873,
        2.826691,
        0.268026,
        1.9804970000000002,
        3.4416219999999997,
        1.084103,
        0.0,
        0.9621280000000001,
        2.170468,
        3.398404,
        3.382842,
        1.002063,
        0.182595,
        1.2347219999999999,
        2.208182,
        0.23216,
        0.310135,
        3.4398470000000003,
        2.21226,
        1.0135800000000001,
        3.596318,
        2.377533,
        3.166487,
        3.357109,
        1.774827,
        2.331601,
        3.2309699999999997,
        1.1080530000000002,
        0.530613,
        2.100096,
        1.427403,
        1.597534,
        1.991844,
        0.936669,
        2.017996,
        1.481058,
        2.283909,
        1.8879549999999998,
        1.451305,
        3.4019909999999998,
        0.488447,
        1.656745,
        2.794174,
        2.1851480000000003,
        3.615092,
        2.389675,
        2.660215,
        2.345286,
        2.401712
    ],
    [
        1.759315,
        2.840697,
        2.915147,
        1.809323,
        2.219884,
        1.861437,
        0.6707110000000001,
        3.2278350000000002,
        0.759147,
        3.412133,
        1.597144,
        0.578429,
        3.05763,
        1.212724,
        2.211437,
        3.657346,
        1.93419,
        0.9621280000000001,
        0.0,
        1.677953,
        4.245623999999999,
        3.8441889999999996,
        1.8492819999999999,
        1.1272929999999999,
        2.0847089999999997,
        2.5194699999999997,
        1.0582239999999998,
        0.777793,
        3.6392379999999998,
        3.0622469999999997,
        1.847836,
        4.443537999999999,
        3.22752,
        3.370348,
        4.2043289999999995,
        2.6248139999999998,
        3.178821,
        3.418638,
        1.95804,
        0.7770819999999999,
        2.947315,
        2.156328,
        2.444753,
        2.1795120000000003,
        1.7838889999999998,
        2.205664,
        2.331045,
        3.1311280000000004,
        2.7351750000000004,
        1.638973,
        3.589659,
        0.5893999999999999,
        1.722119,
        3.641393,
        3.0351350000000004,
        4.608140000000001,
        2.577344,
        3.507435,
        2.532955,
        2.231604
    ],
    [
        2.475471,
        3.558802,
        2.660723,
        2.4406790000000003,
        3.365275,
        2.49511,
        1.302577,
        3.533837,
        2.3590940000000002,
        3.990329,
        2.805484,
        1.6229,
        4.578448000000001,
        2.421064,
        3.724995,
        5.366501,
        3.149248,
        2.170468,
        1.677953,
        0.0,
        3.9636810000000002,
        5.038936,
        2.049116,
        2.336921,
        2.824425,
        3.864275,
        2.267852,
        1.98742,
        2.344308,
        3.829312,
        1.9699680000000002,
        4.161595,
        4.00957,
        2.325691,
        4.357157,
        3.4732,
        3.524205,
        4.991121,
        3.100918,
        2.349564,
        3.4769,
        2.173128,
        2.974337,
        3.728198,
        2.184529,
        3.778147,
        3.137151,
        3.660712,
        3.0188040000000003,
        3.441735,
        5.162142,
        1.9705,
        1.124171,
        4.170977,
        3.8581640000000004,
        3.5550770000000003,
        4.149827,
        4.037019,
        4.105438,
        0.617506
    ],
    [
        2.63431,
        2.221851,
        1.361464,
        2.506489,
        3.0429009999999996,
        2.6250839999999998,
        4.597096,
        2.022379,
        3.8026999999999997,
        2.4788710000000003,
        3.1265,
        3.7033690000000004,
        3.0669899999999997,
        3.199732,
        2.951626,
        3.855043,
        3.043104,
        3.398404,
        4.245623999999999,
        3.9636810000000002,
        0.0,
        3.746542,
        2.636497,
        3.239886,
        2.588008,
        2.882728,
        3.350187,
        3.535631,
        2.815116,
        2.414144,
        2.6948049999999997,
        0.367332,
        2.56595,
        1.965036,
        2.3019830000000003,
        2.389086,
        1.9315470000000001,
        4.145537999999999,
        3.130983,
        3.690506,
        1.952799,
        2.551901,
        2.127993,
        3.336771,
        2.768321,
        3.8543879999999997,
        2.534047,
        2.2455439999999998,
        1.714364,
        3.6654389999999997,
        3.975827,
        3.872095,
        2.8465369999999997,
        2.575493,
        2.5236729999999996,
        1.202685,
        4.03965,
        2.54323,
        3.9042269999999997,
        3.041391
    ],
    [
        2.7349360000000003,
        1.8370009999999999,
        3.04882,
        3.117495,
        2.1140700000000003,
        2.72571,
        4.5272250000000005,
        1.72034,
        3.1540529999999998,
        1.2118820000000001,
        2.4824949999999997,
        3.895068,
        0.691353,
        3.1089569999999997,
        1.512712,
        0.180229,
        2.123621,
        3.382842,
        3.8441889999999996,
        5.038936,
        3.746542,
        0.0,
        3.355134,
        3.217661,
        2.469419,
        1.2822170000000002,
        3.2838730000000003,
        3.5256260000000004,
        5.745858,
        1.668689,
        3.4134409999999997,
        3.922373,
        1.557512,
        5.104113999999999,
        1.75949,
        2.113924,
        1.937964,
        1.0582170000000002,
        2.404712,
        2.933818,
        2.1205610000000004,
        3.848759,
        2.469266,
        1.62482,
        3.448094,
        1.672356,
        2.211975,
        1.741182,
        2.4816930000000004,
        2.152251,
        0.286355,
        3.3867089999999997,
        4.133492,
        1.2376690000000001,
        1.684858,
        4.552002000000001,
        1.54194,
        1.4150429999999998,
        1.406516,
        4.884963
    ],
    [
        0.525466,
        1.6087529999999999,
        1.2974539999999999,
        0.435475,
        1.2757290000000001,
        0.51624,
        2.169464,
        1.8325879999999999,
        1.406358,
        2.137982,
        1.034299,
        1.307028,
        2.659982,
        0.8033899999999999,
        1.7680989999999999,
        3.534884,
        1.1945350000000001,
        1.002063,
        1.8492819999999999,
        2.049116,
        2.636497,
        3.355134,
        0.0,
        0.915981,
        0.963063,
        2.141797,
        1.026281,
        1.158605,
        2.74976,
        1.720899,
        0.079148,
        2.88905,
        1.9011559999999998,
        2.48087,
        2.6254989999999996,
        1.364786,
        1.599991,
        3.5505079999999998,
        1.327321,
        1.3666010000000002,
        1.368486,
        0.462885,
        0.865924,
        1.9501,
        0.28069700000000003,
        2.405396,
        1.270274,
        1.5522989999999999,
        1.156345,
        2.071796,
        3.475166,
        1.495068,
        0.971128,
        2.062564,
        1.74975,
        2.63404,
        2.777075,
        1.9286050000000001,
        2.732687,
        1.716095
    ],
    [
        0.745011,
        1.793134,
        1.900843,
        0.795019,
        1.126213,
        0.847133,
        1.447474,
        2.180273,
        0.571379,
        2.36457,
        0.46181900000000004,
        0.5850380000000001,
        2.6440960000000002,
        0.08543099999999999,
        1.7979020000000001,
        3.259027,
        0.901591,
        0.182595,
        1.1272929999999999,
        2.336921,
        3.239886,
        3.217661,
        0.915981,
        0.0,
        1.037147,
        2.010606,
        0.1103,
        0.403603,
        3.3364949999999998,
        2.014684,
        0.846496,
        3.429234,
        2.179958,
        3.063134,
        3.190025,
        1.5772519999999999,
        2.164517,
        3.048375,
        0.86437,
        0.56764,
        1.933012,
        1.3116430000000001,
        1.43045,
        1.809248,
        0.7695850000000001,
        1.835401,
        1.283482,
        2.116825,
        1.720871,
        1.268709,
        3.219396,
        0.59203,
        1.553392,
        2.62709,
        1.987572,
        3.4480079999999997,
        2.20708,
        2.27967,
        2.1626909999999997,
        2.298359
    ],
    [
        0.487654,
        0.752955,
        1.2489649999999999,
        0.718679,
        0.630916,
        0.478428,
        2.40489,
        1.282337,
        1.6085260000000001,
        1.4416969999999998,
        0.907142,
        1.542455,
        1.854892,
        0.9608369999999999,
        1.059589,
        2.6491700000000002,
        0.5395399999999999,
        1.2347219999999999,
        2.0847089999999997,
        2.824425,
        2.588008,
        2.469419,
        0.963063,
        1.037147,
        0.0,
        1.215823,
        1.1474469999999999,
        1.3661510000000001,
        3.525069,
        1.126293,
        0.893261,
        2.866888,
        1.286529,
        3.256179,
        2.228955,
        0.68886,
        1.203447,
        2.361093,
        0.911119,
        1.4669480000000001,
        0.971942,
        1.461704,
        0.71001,
        1.126685,
        0.891397,
        1.581982,
        0.395091,
        1.099856,
        1.000431,
        1.248382,
        2.566303,
        1.702614,
        1.7464369999999998,
        1.6101210000000001,
        1.094144,
        3.026697,
        1.953661,
        1.476162,
        1.9092719999999999,
        2.491404
    ],
    [
        1.560275,
        0.634649,
        2.2424,
        1.981492,
        1.053586,
        1.55105,
        3.3783499999999997,
        1.174587,
        1.829334,
        0.923088,
        1.422011,
        2.5159140000000004,
        0.6081570000000001,
        1.934296,
        0.40431,
        1.4624300000000001,
        1.057053,
        2.208182,
        2.5194699999999997,
        3.864275,
        2.882728,
        1.2822170000000002,
        2.141797,
        2.010606,
        1.215823,
        0.0,
        2.215418,
        2.452268,
        4.712607,
        0.526996,
        2.261758,
        3.076982,
        0.40288999999999997,
        4.149229,
        1.9628189999999999,
        0.860327,
        1.00112,
        1.462214,
        1.2351050000000001,
        1.865363,
        1.0382390000000001,
        2.5951619999999997,
        1.317584,
        0.565759,
        2.0576260000000004,
        0.958006,
        0.9583780000000001,
        0.64143,
        1.33001,
        1.043849,
        1.427003,
        2.319954,
        2.879895,
        0.91979,
        0.41188600000000003,
        3.660266,
        1.286886,
        0.6437999999999999,
        1.151463,
        3.851712
    ],
    [
        0.855311,
        1.903434,
        2.011143,
        0.90532,
        1.236514,
        0.957433,
        1.3784049999999999,
        2.2905729999999997,
        0.461071,
        2.4748699999999997,
        0.572119,
        0.515969,
        2.710308,
        0.195731,
        1.864114,
        3.325239,
        1.011892,
        0.23216,
        1.0582239999999998,
        2.267852,
        3.350187,
        3.2838730000000003,
        1.026281,
        0.1103,
        1.1474469999999999,
        2.215418,
        0.0,
        0.402791,
        3.405497,
        2.124984,
        0.9567960000000001,
        3.539534,
        2.2902579999999997,
        3.132136,
        3.300325,
        1.687552,
        2.274817,
        3.1145869999999998,
        0.9746699999999999,
        0.516417,
        2.043312,
        1.421943,
        1.54075,
        1.8754600000000001,
        0.879885,
        1.901613,
        1.393783,
        2.227125,
        1.831171,
        1.334922,
        3.2856080000000003,
        0.519521,
        1.6223940000000001,
        2.73739,
        2.097873,
        3.558308,
        2.273292,
        2.38997,
        2.228903,
        2.367362
    ],
    [
        1.040756,
        2.122138,
        2.196588,
        1.0907639999999998,
        1.501325,
        1.1428779999999998,
        1.097974,
        2.509277,
        0.552376,
        2.693574,
        0.8785850000000001,
        0.235538,
        2.952061,
        0.486694,
        2.1058670000000004,
        3.566991,
        1.215632,
        0.310135,
        0.777793,
        1.98742,
        3.535631,
        3.5256260000000004,
        1.158605,
        0.403603,
        1.3661510000000001,
        2.452268,
        0.402791,
        0.0,
        3.450213,
        2.343688,
        1.129277,
        3.724979,
        2.508962,
        3.176853,
        3.48577,
        1.906255,
        2.460262,
        3.35978,
        1.239481,
        0.607722,
        2.228757,
        1.437769,
        1.726195,
        2.120653,
        1.0653299999999999,
        2.146806,
        1.612486,
        2.41257,
        2.016616,
        1.580115,
        3.530801,
        0.40547000000000005,
        1.6671099999999999,
        2.922835,
        2.316576,
        3.7437530000000003,
        2.518485,
        2.788876,
        2.474096,
        2.412078
    ],
    [
        3.175919,
        4.10593,
        2.972837,
        3.141128,
        4.063406,
        3.193241,
        3.584801,
        4.092944,
        3.8665760000000002,
        4.537457000000001,
        3.578799,
        3.569487,
        5.137556,
        3.283424,
        4.425444000000001,
        5.925609000000001,
        3.847379,
        3.4398470000000003,
        3.6392379999999998,
        2.344308,
        2.815116,
        5.745858,
        2.74976,
        3.3364949999999998,
        3.525069,
        4.712607,
        3.405497,
        3.450213,
        0.0,
        4.3273280000000005,
        2.6687060000000002,
        2.9755320000000003,
        4.507585,
        0.936801,
        4.771514,
        3.9612559999999997,
        3.938562,
        6.129314,
        3.7996570000000003,
        3.759255,
        3.820565,
        2.871866,
        3.4662689999999996,
        4.426937,
        2.883267,
        5.027016,
        3.866744,
        4.158728,
        3.43316,
        4.548633,
        5.959603,
        3.780299,
        2.140189,
        4.5592690000000005,
        4.35618,
        2.307835,
        5.398695,
        4.535035,
        5.3543069999999995,
        1.90846
    ],
    [
        1.688414,
        0.238456,
        1.821501,
        1.5605930000000001,
        1.225305,
        1.679189,
        3.3824270000000003,
        0.706004,
        2.249777,
        0.6028300000000001,
        1.676993,
        2.5199920000000002,
        0.973538,
        1.938374,
        0.884225,
        1.84844,
        1.225509,
        2.21226,
        3.0622469999999997,
        3.829312,
        2.414144,
        1.668689,
        1.720899,
        2.014684,
        1.126293,
        0.526996,
        2.124984,
        2.343688,
        4.3273280000000005,
        0.0,
        1.84086,
        2.608398,
        0.181474,
        3.7283310000000003,
        1.6209570000000002,
        0.517072,
        0.580221,
        1.945044,
        1.392916,
        2.285806,
        0.617341,
        2.528245,
        0.896685,
        1.170198,
        1.8755119999999998,
        1.497914,
        0.807137,
        0.1686,
        0.9091119999999999,
        1.464292,
        1.869702,
        2.674607,
        2.812978,
        0.5890639999999999,
        0.235732,
        3.191683,
        1.742593,
        0.257083,
        1.60717,
        3.430813
    ],
    [
        0.563279,
        1.667061,
        1.355762,
        0.501941,
        1.3340370000000001,
        0.5540539999999999,
        2.168017,
        1.890895,
        1.417875,
        2.19629,
        1.045817,
        1.305582,
        2.71829,
        0.814907,
        1.826407,
        3.593192,
        1.2528430000000002,
        1.0135800000000001,
        1.847836,
        1.9699680000000002,
        2.6948049999999997,
        3.4134409999999997,
        0.079148,
        0.846496,
        0.893261,
        2.261758,
        0.9567960000000001,
        1.129277,
        2.6687060000000002,
        1.84086,
        0.0,
        2.947357,
        1.9594639999999999,
        2.4017220000000004,
        2.683807,
        1.423094,
        1.658298,
        3.608815,
        1.3187119999999999,
        1.342777,
        1.426793,
        0.40856,
        0.924231,
        1.945992,
        0.339004,
        2.401288,
        1.3285820000000002,
        1.610606,
        1.214653,
        2.067688,
        3.533474,
        1.465741,
        0.89198,
        2.120871,
        1.808058,
        2.692348,
        2.7729679999999997,
        1.986913,
        2.7285790000000003,
        1.636947
    ],
    [
        2.832223,
        2.5152759999999996,
        1.559377,
        2.704402,
        3.336326,
        2.822998,
        4.79501,
        2.192018,
        4.0006129999999995,
        2.7340259999999996,
        3.324413,
        3.901283,
        3.322146,
        3.397645,
        3.245051,
        4.107203999999999,
        3.33653,
        3.596318,
        4.443537999999999,
        4.161595,
        0.367332,
        3.922373,
        2.88905,
        3.429234,
        2.866888,
        3.076982,
        3.539534,
        3.724979,
        2.9755320000000003,
        2.608398,
        2.947357,
        0.0,
        2.856343,
        2.105529,
        2.455492,
        2.6794789999999997,
        2.221939,
        4.3036270000000005,
        3.2590079999999997,
        3.8185320000000003,
        2.243191,
        2.439487,
        2.4183850000000002,
        3.627163,
        2.896346,
        4.14478,
        2.824439,
        2.535937,
        2.004756,
        3.955832,
        4.133915,
        4.00012,
        3.123839,
        2.734009,
        2.8140650000000003,
        1.0018719999999999,
        4.2386099999999995,
        2.746081,
        4.103187,
        3.318693
    ],
    [
        1.729627,
        0.39400799999999997,
        2.001759,
        1.7408510000000001,
        1.247652,
        1.720402,
        3.547701,
        0.7587999999999999,
        2.127641,
        0.5933849999999999,
        1.5775050000000002,
        2.685266,
        0.88681,
        2.103648,
        0.762089,
        1.737263,
        1.247856,
        2.377533,
        3.22752,
        4.00957,
        2.56595,
        1.557512,
        1.9011559999999998,
        2.179958,
