[
    [
        0.0,
        1.877515,
        0.359678,
        3.863437,
        0.33669099999999996,
        2.408528,
        1.023686,
        0.918153,
        0.22180699999999998,
        0.963337,
        1.840146,
        0.09578400000000001,
        0.995582,
        1.881747,
        0.20585900000000001,
        2.2173380000000003,
        0.567894,
        1.578553,
        1.0567929999999999,
        1.2946199999999999
    ],
    [
        1.877515,
        0.0,
        1.864201,
        4.714816,
        1.802619,
        2.493481,
        1.4687629999999998,
        1.5686579999999999,
        1.727023,
        1.625829,
        3.2538850000000004,
        1.83118,
        1.216127,
        0.482033,
        1.938888,
        0.73425,
        1.409716,
        0.228943,
        2.5631939999999998,
        2.519204
    ],
    [
        0.359678,
        1.864201,
        0.0,
        3.460133,
        0.409716,
        2.7451909999999997,
        1.337024,
        1.213811,
        0.527778,
        1.258996,
        1.498712,
        0.46102499999999996,
        1.346616,
        1.946532,
        0.17890999999999999,
        2.282123,
        0.918928,
        1.643338,
        0.9987469999999999,
        1.236574
    ],
    [
        3.863437,
        4.714816,
        3.460133,
        0.0,
        3.228141,
        3.919134,
        3.42272,
        3.300756,
        3.621531,
        3.233154,
        2.28479,
        3.6991970000000003,
        3.6753560000000003,
        5.076085,
        3.5480810000000003,
        5.459469,
        3.318177,
        4.687141,
        3.605722,
        3.943498
    ],
    [
        0.33669099999999996,
        1.802619,
        0.409716,
        3.228141,
        0.0,
        2.145108,
        0.738641,
        0.615428,
        0.30338299999999996,
        0.660613,
        1.520907,
        0.240905,
        0.92533,
        2.1358539999999997,
        0.266168,
        2.5192379999999996,
        0.452952,
        1.7469100000000002,
        1.325182,
        1.563008
    ],
    [
        2.408528,
        2.493481,
        2.7451909999999997,
        3.919134,
        2.145108,
        0.0,
        1.406156,
        1.544978,
        2.140331,
        1.590415,
        2.531695,
        2.217998,
        1.525302,
        2.600254,
        2.3257060000000003,
        2.99867,
        1.805749,
        2.413027,
        3.3022750000000003,
        3.540102
    ],
    [
        1.023686,
        1.4687629999999998,
        1.337024,
        3.42272,
        0.738641,
        1.406156,
        0.0,
        0.138823,
        0.7558010000000001,
        0.16909800000000003,
        1.85993,
        0.833468,
        0.25263599999999997,
        1.731395,
        0.941176,
        2.114779,
        0.421219,
        1.342451,
        1.9177449999999998,
        2.1555720000000003
    ],
    [
        0.918153,
        1.5686579999999999,
        1.213811,
        3.300756,
        0.615428,
        1.544978,
        0.138823,
        0.0,
        0.7447,
        0.060795,
        1.737967,
        0.822367,
        0.391459,
        1.790939,
        0.9300750000000001,
        2.174323,
        0.40828,
        1.4019949999999999,
        1.815204,
        2.1444699999999997
    ],
    [
        0.22180699999999998,
        1.727023,
        0.527778,
        3.621531,
        0.30338299999999996,
        2.140331,
        0.7558010000000001,
        0.7447,
        0.0,
        0.789884,
        2.002683,
        0.135053,
        0.877576,
        2.088099,
        0.242761,
        2.471483,
        0.44988799999999995,
        1.699155,
        1.21933,
        1.457157
    ],
    [
        0.963337,
        1.625829,
        1.258996,
        3.233154,
        0.660613,
        1.590415,
        0.16909800000000003,
        0.060795,
        0.789884,
        0.0,
        1.693316,
        0.8675510000000001,
        0.421734,
        1.900493,
        0.975259,
        2.283877,
        0.45346499999999995,
        1.511549,
        1.8591410000000002,
        2.189655
    ],
    [
        1.840146,
        3.2538850000000004,
        1.498712,
        2.28479,
        1.520907,
        2.531695,
        1.85993,
        1.737967,
        2.002683,
        1.693316,
        0.0,
        1.8995440000000001,
        2.1213800000000003,
        3.575721,
        1.585014,
        3.759817,
        1.866762,
        3.186777,
        1.5230789999999998,
        1.7495180000000001
    ],
    [
        0.09578400000000001,
        1.83118,
        0.46102499999999996,
        3.6991970000000003,
        0.240905,
        2.217998,
        0.833468,
        0.822367,
        0.135053,
        0.8675510000000001,
        1.8995440000000001,
        0.0,
        0.9719450000000001,
        1.9585709999999998,
        0.180283,
        2.2941619999999996,
        0.544257,
        1.6553769999999999,
        1.152577,
        1.390404
    ],
    [
        0.995582,
        1.216127,
        1.346616,
        3.6753560000000003,
        0.92533,
        1.525302,
        0.25263599999999997,
        0.391459,
        0.877576,
        0.421734,
        2.1213800000000003,
        0.9719450000000001,
        0.0,
        1.478759,
        1.056739,
        1.862143,
        0.48749400000000004,
        1.089815,
        2.033307,
        2.271134
    ],
    [
        1.881747,
        0.482033,
        1.946532,
        5.076085,
        2.1358539999999997,
        2.600254,
        1.731395,
        1.790939,
        2.088099,
        1.900493,
        3.575721,
        1.9585709999999998,
        1.478759,
        0.0,
        2.2493980000000002,
        0.463341,
        1.720225,
        0.526736,
        2.645828,
        2.601839
    ],
    [
        0.20585900000000001,
        1.938888,
        0.17890999999999999,
        3.5480810000000003,
        0.266168,
        2.3257060000000003,
        0.941176,
        0.9300750000000001,
        0.242761,
        0.975259,
        1.585014,
        0.180283,
        1.056739,
        2.2493980000000002,
        0.0,
        2.2842249999999997,
        0.689704,
        1.64544,
        1.0873119999999998,
        1.3251389999999998
    ],
    [
        2.2173380000000003,
        0.73425,
        2.282123,
        5.459469,
        2.5192379999999996,
        2.99867,
        2.114779,
        2.174323,
        2.471483,
        2.283877,
        3.759817,
        2.2941619999999996,
        1.862143,
        0.463341,
        2.2842249999999997,
        0.0,
        2.12169,
        0.8681559999999999,
        3.125547,
        2.9854119999999997
    ],
    [
        0.567894,
        1.409716,
        0.918928,
        3.318177,
        0.452952,
        1.805749,
        0.421219,
        0.40828,
        0.44988799999999995,
        0.45346499999999995,
        1.866762,
        0.544257,
        0.48749400000000004,
        1.720225,
        0.689704,
        2.12169,
        0.0,
        1.33723,
        1.571423,
        1.80925
    ],
    [
        1.578553,
        0.228943,
        1.643338,
        4.687141,
        1.7469100000000002,
        2.413027,
        1.342451,
        1.4019949999999999,
        1.699155,
        1.511549,
        3.186777,
        1.6553769999999999,
        1.089815,
        0.526736,
        1.64544,
        0.8681559999999999,
        1.33723,
        0.0,
        2.325636,
        2.281647
    ],
    [
        1.0567929999999999,
        2.5631939999999998,
        0.9987469999999999,
        3.605722,
        1.325182,
        3.3022750000000003,
        1.9177449999999998,
        1.815204,
        1.21933,
        1.8591410000000002,
        1.5230789999999998,
        1.152577,
        2.033307,
        2.645828,
        1.0873119999999998,
        3.125547,
        1.571423,
        2.325636,
        0.0,
        0.36586799999999997
    ],
    [
        1.2946199999999999,
        2.519204,
        1.236574,
        3.943498,
        1.563008,
        3.540102,
        2.1555720000000003,
        2.1444699999999997,
        1.457157,
        2.189655,
        1.7495180000000001,
        1.390404,
        2.271134,
        2.601839,
        1.3251389999999998,
        2.9854119999999997,
        1.80925,
        2.281647,
        0.36586799999999997,
        0.0
    ]
]