[
  [
    0.0, 0.265427, 0.38949700000000004, 0.507877, 0.400871, 1.181633, 1.109629,
    1.308781, 0.8978959999999999, 0.29858100000000004, 0.415132, 0.261257,
    0.470349, 1.33734, 1.588916, 0.328418, 0.147197, 0.658001, 0.374893,
    0.20455299999999998, 0.914354, 1.634265, 1.5118589999999998,
    0.41196499999999997, 0.019899, 0.947838, 1.07524, 0.371233, 0.231267,
    0.439137, 0.583164, 0.187235, 1.530842, 0.17413599999999999, 0.591163,
    0.730952, 0.429394
  ],
  [
    0.265427, 0.0, 0.35163900000000003, 0.27105, 0.13544499999999998, 1.44706,
    0.844202, 1.043355, 0.734052, 0.5640080000000001, 0.149705,
    0.22339900000000001, 0.23352199999999998, 1.071914, 1.3234890000000001,
    0.29056099999999996, 0.412623, 0.923427, 0.109466, 0.18669, 0.648927,
    1.368838, 1.246432, 0.328432, 0.285326, 0.7839940000000001, 0.911396,
    0.382625, 0.18510300000000002, 0.17371, 0.41464100000000004,
    0.45266199999999995, 1.796268, 0.091291, 0.602555, 0.750694, 0.34586
  ],
  [
    0.38949700000000004, 0.35163900000000003, 0.0, 0.51297, 0.503315,
    1.5711300000000001, 1.122638, 1.179638, 0.8188949999999999, 0.688077,
    0.517575, 0.12824000000000002, 0.47544200000000003, 1.208197,
    1.4597719999999998, 0.061079, 0.536693, 1.0474970000000001,
    0.46110500000000004, 0.18494300000000002, 0.927363, 1.5051210000000002,
    1.382715, 0.274012, 0.40939600000000004, 0.868838, 0.99624,
    0.11527599999999999, 0.5367419999999999, 0.522725, 0.766281, 0.576732,
    1.9203379999999999, 0.30959800000000004, 0.6657569999999999, 1.102333,
    0.29144099999999995
  ],
  [
    0.507877, 0.27105, 0.51297, 0.0, 0.133297, 1.635792, 0.609669, 0.808821,
    0.49951799999999996, 0.810716, 0.119037, 0.38473, 0.037528, 0.83738,
    1.088955, 0.45189100000000004, 0.659332, 1.1121590000000001, 0.221082,
    0.372618, 0.41439299999999996, 1.134304, 1.011899, 0.333409,
    0.5277759999999999, 0.549461, 0.6768630000000001, 0.51924,
    0.32597899999999996, 0.09503199999999999, 0.454223, 0.69937, 1.985,
    0.360033, 0.836911, 0.790276, 0.31598000000000004
  ],
  [
    0.400871, 0.13544499999999998, 0.503315, 0.133297, 0.0, 1.502494, 0.708758,
    0.90791, 0.598607, 0.677419, 0.01426, 0.375075, 0.095769, 0.936469,
    1.188044, 0.44223700000000005, 0.526034, 0.978861, 0.087784,
    0.32213400000000003, 0.513482, 1.233393, 1.110988, 0.38142899999999996,
    0.420771, 0.64855, 0.775952, 0.518069, 0.19268100000000002, 0.038265,
    0.39296, 0.5660729999999999, 1.851702, 0.226736, 0.7379990000000001,
    0.729013, 0.364
  ],
  [
    1.181633, 1.44706, 1.5711300000000001, 1.635792, 1.502494, 0.0,
    2.1255230000000003, 2.3246759999999997, 2.015373, 0.883053, 1.516754,
    1.44289, 1.600571, 2.353235, 2.60481, 1.510051, 1.089642, 0.542413,
    1.476515, 1.3861869999999998, 1.930248, 2.650159, 2.527753, 1.593599,
    1.1617339999999998, 2.065315, 2.192717, 1.499357, 1.328564, 1.540759,
    1.469818, 1.129681, 0.716604, 1.355769, 1.622588, 1.3068620000000002,
    1.611027
  ],
  [
    1.109629, 0.844202, 1.122638, 0.609669, 0.708758, 2.1255230000000003, 0.0,
    0.219416, 0.292385, 1.3861759999999999, 0.6944969999999999, 0.994398,
    0.647197, 0.247975, 0.473416, 1.0615599999999998, 1.234792,
    1.6018910000000002, 0.7965420000000001, 0.982286, 0.195275, 0.518765,
    0.39635899999999996, 0.9430769999999999, 1.129528, 0.258061,
    0.09255100000000001, 1.1289090000000002, 0.901439, 0.6819930000000001,
    0.766512, 1.2748309999999998, 2.244453, 0.935493, 1.446757, 0.986344,
    0.925648
  ],
  [
    1.308781, 1.043355, 1.179638, 0.808821, 0.90791, 2.3246759999999997,
    0.219416, 0.0, 0.38059699999999996, 1.585329, 0.8936499999999999, 1.111086,
    0.846349, 0.028559, 0.280134, 1.178247, 1.4339439999999999, 1.801043,
    0.995694, 1.098974, 0.394428, 0.325483, 0.203078, 1.032103, 1.254132,
    0.346273, 0.180763, 1.245597, 1.1005909999999999, 0.881146, 0.965664,
    1.473983, 2.443605, 1.134646, 1.563268, 1.185497, 1.014674
  ],
  [
    0.8978959999999999, 0.734052, 0.8188949999999999, 0.49951799999999996,
    0.598607, 2.015373, 0.292385, 0.38059699999999996, 0.0, 1.1747070000000002,
    0.584347, 0.7529790000000001, 0.537046, 0.40648500000000004, 0.65806,
    0.820141, 1.023323, 1.49174, 0.686392, 0.7408669999999999, 0.232089,
    0.703409, 0.581003, 0.6739959999999999, 0.896025, 0.049942, 0.197163,
    0.88749, 0.791289, 0.571843, 0.656362, 1.063361, 2.134302, 0.736461,
    1.2051610000000001, 0.8761939999999999, 0.656567
  ],
  [
    0.29858100000000004, 0.5640080000000001, 0.688077, 0.810716, 0.677419,
    0.883053, 1.3861759999999999, 1.585329, 1.1747070000000002, 0.0,
    0.6916789999999999, 0.559838, 0.76893, 1.613888, 1.8654629999999999,
    0.626999, 0.20659, 0.35942, 0.65144, 0.503134, 1.190901, 1.910812, 1.788406,
    0.710546, 0.27868200000000004, 1.2464190000000002, 1.373821, 0.616305,
    0.503489, 0.715684, 0.736281, 0.246628, 1.232261, 0.472716, 0.739536,
    0.674257, 0.727975
  ],
  [
    0.415132, 0.149705, 0.517575, 0.119037, 0.01426, 1.516754,
    0.6944969999999999, 0.8936499999999999, 0.584347, 0.6916789999999999, 0.0,
    0.389335, 0.081509, 0.922209, 1.1737840000000002, 0.45649700000000004,
    0.5402939999999999, 0.993121, 0.102044, 0.336395, 0.499222, 1.219133,
    1.0967280000000001, 0.36716899999999997, 0.435031, 0.634289, 0.761691,
    0.5323300000000001, 0.206941, 0.024005, 0.375465, 0.580333, 1.865963,
    0.24099600000000002, 0.752259, 0.711518, 0.34974
  ],
  [
    0.261257, 0.22339900000000001, 0.12824000000000002, 0.38473, 0.375075,
    1.44289, 0.994398, 1.111086, 0.7529790000000001, 0.559838, 0.389335, 0.0,
    0.347202, 1.2221099999999998, 1.473685, 0.067161, 0.40845299999999995,
    0.919257, 0.332865, 0.056703, 0.799123, 1.519034, 1.396628, 0.224532,
    0.281156, 0.8246910000000001, 0.952093, 0.158988, 0.40850200000000003,
    0.39448500000000003, 0.6380410000000001, 0.448492, 1.7920989999999999,
    0.181358, 0.5921960000000001, 0.974094, 0.24196
  ],
  [
    0.470349, 0.23352199999999998, 0.47544200000000003, 0.037528, 0.095769,
    1.600571, 0.647197, 0.846349, 0.537046, 0.76893, 0.081509, 0.347202, 0.0,
    0.874908, 1.126483, 0.414363, 0.621804, 1.0746310000000001, 0.183554,
    0.33509, 0.451921, 1.1718320000000002, 1.0494269999999999,
    0.29588099999999995, 0.490248, 0.586989, 0.714391, 0.481712, 0.288451,
    0.057504, 0.420465, 0.6618419999999999, 1.9474719999999999, 0.322505,
    0.7993830000000001, 0.7565170000000001, 0.278452
  ],
  [
    1.33734, 1.071914, 1.208197, 0.83738, 0.936469, 2.353235, 0.247975,
    0.028559, 0.40648500000000004, 1.613888, 0.922209, 1.2221099999999998,
    0.874908, 0.0, 0.251575, 1.206807, 1.4625029999999999, 1.8296020000000002,
    1.0242529999999999, 1.127533, 0.422987, 0.29692399999999997, 0.174519,
    1.060662, 1.282691, 0.374832, 0.209322, 1.2741559999999998, 1.12915,
    0.909705, 0.994223, 1.5025419999999998, 2.4721640000000003,
    1.1632049999999998, 1.591827, 1.214056, 1.0432329999999999
  ],
  [
    1.588916, 1.3234890000000001, 1.4597719999999998, 1.088955, 1.188044,
    2.60481, 0.473416, 0.280134, 0.65806, 1.8654629999999999,
    1.1737840000000002, 1.473685, 1.126483, 0.251575, 0.0, 1.458382, 1.714078,
    2.0811770000000003, 1.275828, 1.379108, 0.674562, 0.073468, 0.104247,
    1.312237, 1.5342660000000001, 0.626407, 0.460897, 1.525731, 1.380725,
    1.1612799999999999, 1.245798, 1.754117, 2.723739, 1.41478, 1.843402,
    1.4656310000000001, 1.294808
  ],
  [
    0.328418, 0.29056099999999996, 0.061079, 0.45189100000000004,
    0.44223700000000005, 1.510051, 1.0615599999999998, 1.178247, 0.820141,
    0.626999, 0.45649700000000004, 0.067161, 0.414363, 1.206807, 1.458382, 0.0,
    0.475615, 0.9864189999999999, 0.40002699999999997, 0.12386499999999999,
    0.8662839999999999, 1.5661990000000001, 1.443794, 0.291693, 0.348317,
    0.891852, 1.019254, 0.09182699999999999, 0.475664, 0.461646, 0.705202,
    0.515653, 1.85926, 0.24851900000000002, 0.5930599999999999, 1.041255,
    0.309122
  ],
  [
    0.147197, 0.412623, 0.536693, 0.659332, 0.526034, 1.089642, 1.234792,
    1.4339439999999999, 1.023323, 0.20659, 0.5402939999999999,
    0.40845299999999995, 0.621804, 1.4625029999999999, 1.714078, 0.475615, 0.0,
    0.566009, 0.500056, 0.35175, 1.039517, 1.7594280000000002, 1.637022,
    0.559162, 0.127297, 1.095035, 1.222437, 0.46492, 0.352104,
    0.5642999999999999, 0.7031470000000001, 0.040039, 1.43885, 0.321332,
    0.687728, 0.71416, 0.576591
  ],
  [
    0.658001, 0.923427, 1.0474970000000001, 1.1121590000000001, 0.978861,
    0.542413, 1.6018910000000002, 1.801043, 1.49174, 0.35942, 0.993121,
    0.919257, 1.0746310000000001, 1.8296020000000002, 2.0811770000000003,
    0.9864189999999999, 0.566009, 0.0, 0.952883, 0.8625539999999999, 1.406615,
    2.1265259999999997, 2.004121, 1.069966, 0.638102, 1.541682, 1.669084,
    0.975724, 0.8049310000000001, 1.017127, 0.9461849999999999, 0.606048,
    0.891621, 0.832136, 1.098955, 0.7832290000000001, 1.087395
  ],
  [
    0.374893, 0.109466, 0.46110500000000004, 0.221082, 0.087784, 1.476515,
    0.7965420000000001, 0.995694, 0.686392, 0.65144, 0.102044, 0.332865,
    0.183554, 1.0242529999999999, 1.275828, 0.40002699999999997, 0.500056,
    0.952883, 0.0, 0.29615600000000003, 0.6012670000000001, 1.3211780000000002,
    1.198772, 0.437898, 0.394792, 0.7363339999999999, 0.863736, 0.492091,
    0.166702, 0.12605, 0.30517500000000003, 0.5400940000000001, 1.825724,
    0.20075700000000002, 0.7120209999999999, 0.6412279999999999, 0.451784
  ],
  [
    0.20455299999999998, 0.18669, 0.18494300000000002, 0.372618,
    0.32213400000000003, 1.3861869999999998, 0.982286, 1.098974,
    0.7408669999999999, 0.503134, 0.336395, 0.056703, 0.33509, 1.127533,
    1.379108, 0.12386499999999999, 0.35175, 0.8625539999999999,
    0.29615600000000003, 0.0, 0.787011, 1.506922, 1.384517, 0.218331, 0.224453,
    0.8125789999999999, 0.939981, 0.191214, 0.37179199999999996, 0.3604,
    0.6013310000000001, 0.391789, 1.735395, 0.124654, 0.533588, 0.937384,
    0.235759
  ],
  [
    0.914354, 0.648927, 0.927363, 0.41439299999999996, 0.513482, 1.930248,
    0.195275, 0.394428, 0.232089, 1.190901, 0.499222, 0.799123, 0.451921,
    0.422987, 0.674562, 0.8662839999999999, 1.039517, 1.406615,
    0.6012670000000001, 0.787011, 0.0, 0.719911, 0.597505, 0.747802, 0.934253,
    0.28203100000000003, 0.267562, 0.933633, 0.706163, 0.48671800000000004,
    0.571237, 1.079555, 2.0491770000000002, 0.7402179999999999, 1.251482,
    0.7910689999999999, 0.730373
  ],
  [
    1.634265, 1.368838, 1.5051210000000002, 1.134304, 1.233393, 2.650159,
    0.518765, 0.325483, 0.703409, 1.910812, 1.219133, 1.519034,
    1.1718320000000002, 0.29692399999999997, 0.073468, 1.5661990000000001,
    1.7594280000000002, 2.1265259999999997, 1.3211780000000002, 1.506922,
    0.719911, 0.0, 0.149596, 1.357586, 1.579616, 0.671756, 0.506246, 1.57108,
    1.426074, 1.206629, 1.291148, 1.7994659999999998, 2.769088, 1.460129,
    1.888751, 1.51098, 1.3401569999999998
  ],
  [
    1.5118589999999998, 1.246432, 1.382715, 1.011899, 1.110988, 2.527753,
    0.39635899999999996, 0.203078, 0.581003, 1.788406, 1.0967280000000001,
    1.396628, 1.0494269999999999, 0.174519, 0.104247, 1.443794, 1.637022,
    2.004121, 1.198772, 1.384517, 0.597505, 0.149596, 0.0, 1.235181,
    1.4572100000000001, 0.54935, 0.38383999999999996, 1.448674,
    1.3036690000000002, 1.084223, 1.168742, 1.677061, 2.646683, 1.337724,
    1.766346, 1.388574, 1.217752
  ],
  [
    0.41196499999999997, 0.328432, 0.274012, 0.333409, 0.38142899999999996,
    1.593599, 0.9430769999999999, 1.032103, 0.6739959999999999, 0.710546,
    0.36716899999999997, 0.224532, 0.29588099999999995, 1.060662, 1.312237,
    0.291693, 0.559162, 1.069966, 0.437898, 0.218331, 0.747802, 1.357586,
    1.235181, 0.0, 0.43186399999999997, 0.7457079999999999, 0.87311, 0.359042,
    0.38479199999999997, 0.339815, 0.6143310000000001, 0.5992000000000001,
    1.942807, 0.265895, 0.741, 0.950384, 0.017429
  ],
  [
    0.019899, 0.285326, 0.40939600000000004, 0.5277759999999999, 0.420771,
    1.1617339999999998, 1.129528, 1.254132, 0.896025, 0.27868200000000004,
    0.435031, 0.281156, 0.490248, 1.282691, 1.5342660000000001, 0.348317,
    0.127297, 0.638102, 0.394792, 0.224453, 0.934253, 1.579616,
    1.4572100000000001, 0.43186399999999997, 0.0, 0.967737, 1.0951389999999999,
    0.391132, 0.251166, 0.459036, 0.603063, 0.167336, 1.510943,
    0.19403499999999999, 0.611062, 0.711052, 0.449293
  ],
  [
    0.947838, 0.7839940000000001, 0.868838, 0.549461, 0.64855, 2.065315,
    0.258061, 0.346273, 0.049942, 1.2464190000000002, 0.634289,
    0.8246910000000001, 0.586989, 0.374832, 0.626407, 0.891852, 1.095035,
    1.541682, 0.7363339999999999, 0.8125789999999999, 0.28203100000000003,
    0.671756, 0.54935, 0.7457079999999999, 0.967737, 0.0, 0.16551, 0.937432,
    0.841231, 0.6217849999999999, 0.7063039999999999, 1.113304, 2.184244,
    0.786404, 1.255104, 0.926136, 0.70651
  ],
  [
    1.07524, 0.911396, 0.99624, 0.6768630000000001, 0.775952, 2.192717,
    0.09255100000000001, 0.180763, 0.197163, 1.373821, 0.761691, 0.952093,
    0.714391, 0.209322, 0.460897, 1.019254, 1.222437, 1.669084, 0.863736,
    0.939981, 0.267562, 0.506246, 0.38383999999999996, 0.87311,
    1.0951389999999999, 0.16551, 0.0, 1.064834, 0.9686330000000001, 0.749187,
    0.8337060000000001, 1.2407059999999999, 2.311646, 0.913806, 1.382505,
    1.053538, 0.833912
  ],
  [
    0.371233, 0.382625, 0.11527599999999999, 0.51924, 0.518069, 1.499357,
    1.1289090000000002, 1.245597, 0.88749, 0.616305, 0.5323300000000001,
    0.158988, 0.481712, 1.2741559999999998, 1.525731, 0.09182699999999999,
    0.46492, 0.975724, 0.492091, 0.191214, 0.933633, 1.57108, 1.448674,
    0.359042, 0.391132, 0.937432, 1.064834, 0.0, 0.5430130000000001, 0.528995,
    0.7725510000000001, 0.504959, 1.848566, 0.291334, 0.5101600000000001,
    1.1086040000000001, 0.376471
  ],
  [
    0.231267, 0.18510300000000002, 0.5367419999999999, 0.32597899999999996,
    0.19268100000000002, 1.328564, 0.901439, 1.1005909999999999, 0.791289,
    0.503489, 0.206941, 0.40850200000000003, 0.288451, 1.12915, 1.380725,
    0.475664, 0.352104, 0.8049310000000001, 0.166702, 0.37179199999999996,
    0.706163, 1.426074, 1.3036690000000002, 0.38479199999999997, 0.251166,
    0.841231, 0.9686330000000001, 0.5430130000000001, 0.0, 0.230947, 0.351897,
    0.39214299999999996, 1.677772, 0.27639400000000003, 0.787657,
    0.5422319999999999, 0.530963
  ],
  [
    0.439137, 0.17371, 0.522725, 0.09503199999999999, 0.038265, 1.540759,
    0.6819930000000001, 0.881146, 0.571843, 0.715684, 0.024005,
    0.39448500000000003, 0.057504, 0.909705, 1.1612799999999999, 0.461646,
    0.5642999999999999, 1.017127, 0.12605, 0.3604, 0.48671800000000004,
    1.206629, 1.084223, 0.339815, 0.459036, 0.6217849999999999, 0.749187,
    0.528995, 0.230947, 0.0, 0.36296100000000003, 0.6043379999999999, 1.889968,
    0.265001, 0.776265, 0.699013, 0.325735
  ],
  [
    0.583164, 0.41464100000000004, 0.766281, 0.454223, 0.39296, 1.469818,
    0.766512, 0.965664, 0.656362, 0.736281, 0.375465, 0.6380410000000001,
    0.420465, 0.994223, 1.245798, 0.705202, 0.7031470000000001,
    0.9461849999999999, 0.30517500000000003, 0.6013310000000001, 0.571237,
    1.291148, 1.168742, 0.6143310000000001, 0.603063, 0.7063039999999999,
    0.8337060000000001, 0.7725510000000001, 0.351897, 0.36296100000000003, 0.0,
    0.743186, 1.599956, 0.505932, 1.017196, 0.336053, 0.6886950000000001
  ],
  [
    0.187235, 0.45266199999999995, 0.576732, 0.69937, 0.5660729999999999,
    1.129681, 1.2748309999999998, 1.473983, 1.063361, 0.246628, 0.580333,
    0.448492, 0.6618419999999999, 1.5025419999999998, 1.754117, 0.515653,
    0.040039, 0.606048, 0.5400940000000001, 0.391789, 1.079555,
    1.7994659999999998, 1.677061, 0.5992000000000001, 0.167336, 1.113304,
    1.2407059999999999, 0.504959, 0.39214299999999996, 0.6043379999999999,
    0.743186, 0.0, 1.478889, 0.361371, 0.6476900000000001, 0.7541979999999999,
    0.616629
  ],
  [
    1.530842, 1.796268, 1.9203379999999999, 1.985, 1.851702, 0.716604, 2.244453,
    2.443605, 2.134302, 1.232261, 1.865963, 1.7920989999999999,
    1.9474719999999999, 2.4721640000000003, 2.723739, 1.85926, 1.43885,
    0.891621, 1.825724, 1.735395, 2.0491770000000002, 2.769088, 2.646683,
    1.942807, 1.510943, 2.184244, 2.311646, 1.848566, 1.677772, 1.889968,
    1.599956, 1.478889, 0.0, 1.704978, 1.971797, 1.4441469999999998, 1.960236
  ],
  [
    0.17413599999999999, 0.091291, 0.30959800000000004, 0.360033, 0.226736,
    1.355769, 0.935493, 1.134646, 0.736461, 0.472716, 0.24099600000000002,
    0.181358, 0.322505, 1.1632049999999998, 1.41478, 0.24851900000000002,
    0.321332, 0.832136, 0.20075700000000002, 0.124654, 0.7402179999999999,
    1.460129, 1.337724, 0.265895, 0.19403499999999999, 0.786404, 0.913806,
    0.291334, 0.27639400000000003, 0.265001, 0.505932, 0.361371, 1.704978, 0.0,
    0.511264, 0.841985, 0.349495
  ],
  [
    0.591163, 0.602555, 0.6657569999999999, 0.836911, 0.7379990000000001,
    1.622588, 1.446757, 1.563268, 1.2051610000000001, 0.739536, 0.752259,
    0.5921960000000001, 0.7993830000000001, 1.591827, 1.843402,
    0.5930599999999999, 0.687728, 1.098955, 0.7120209999999999, 0.533588,
    1.251482, 1.888751, 1.766346, 0.741, 0.611062, 1.255104, 1.382505,
    0.5101600000000001, 0.787657, 0.776265, 1.017196, 0.6476900000000001,
    1.971797, 0.511264, 0.0, 1.259433, 0.758429
  ],
  [
    0.730952, 0.750694, 1.102333, 0.790276, 0.729013, 1.3068620000000002,
    0.986344, 1.185497, 0.8761939999999999, 0.674257, 0.711518, 0.974094,
    0.7565170000000001, 1.214056, 1.4656310000000001, 1.041255, 0.71416,
    0.7832290000000001, 0.6412279999999999, 0.937384, 0.7910689999999999,
    1.51098, 1.388574, 0.950384, 0.711052, 0.926136, 1.053538,
    1.1086040000000001, 0.5422319999999999, 0.699013, 0.336053,
    0.7541979999999999, 1.4441469999999998, 0.841985, 1.259433, 0.0, 1.019334
  ],
  [
    0.429394, 0.34586, 0.29144099999999995, 0.31598000000000004, 0.364,
    1.611027, 0.925648, 1.014674, 0.656567, 0.727975, 0.34974, 0.24196,
    0.278452, 1.0432329999999999, 1.294808, 0.309122, 0.576591, 1.087395,
    0.451784, 0.235759, 0.730373, 1.3401569999999998, 1.217752, 0.017429,
    0.449293, 0.70651, 0.833912, 0.376471, 0.530963, 0.325735,
    0.6886950000000001, 0.616629, 1.960236, 0.349495, 0.758429, 1.019334, 0.0
  ]
]
