[
    [
        0.0,
        2.014532,
        2.149971,
        3.0749679999999997,
        1.768127,
        1.3321990000000001,
        2.159118,
        0.702933,
        0.333868,
        2.222654,
        1.586189,
        1.824403,
        1.017585,
        2.287477,
        0.630428,
        3.0288139999999997,
        1.760151,
        2.704206,
        3.8792869999999997,
        1.541044
    ],
    [
        2.014532,
        0.0,
        0.205535,
        2.111864,
        0.6068239999999999,
        1.8263530000000001,
        0.254077,
        1.461969,
        2.029084,
        1.6939380000000002,
        2.412831,
        0.434517,
        2.577269,
        0.347802,
        2.023533,
        1.5383699999999998,
        0.301885,
        0.857957,
        3.402653,
        3.5493270000000003
    ],
    [
        2.149971,
        0.205535,
        0.0,
        2.251266,
        0.576052,
        1.76227,
        0.048542,
        1.4311980000000002,
        2.081305,
        1.556908,
        2.348748,
        0.403745,
        2.72759,
        0.142266,
        2.173854,
        1.332834,
        0.445587,
        0.739069,
        3.197117,
        3.6015479999999997
    ],
    [
        3.0749679999999997,
        2.111864,
        2.251266,
        0.0,
        2.520112,
        3.551446,
        2.282095,
        2.799194,
        3.050404,
        3.6835720000000003,
        4.074746,
        2.347804,
        2.592581,
        2.225558,
        2.375976,
        3.332529,
        2.080326,
        2.445303,
        5.200226,
        3.976978
    ],
    [
        1.768127,
        0.6068239999999999,
        0.576052,
        2.520112,
        0.0,
        1.411196,
        0.568879,
        1.0468119999999999,
        1.69692,
        1.1879359999999999,
        1.997674,
        0.24794300000000002,
        2.3851109999999998,
        0.590476,
        1.831375,
        1.347291,
        0.437245,
        0.95631,
        2.926421,
        3.217163
    ],
    [
        1.3321990000000001,
        1.8263530000000001,
        1.76227,
        3.551446,
        1.411196,
        0.0,
        1.7113450000000001,
        0.909725,
        1.135147,
        0.990947,
        0.637023,
        1.463394,
        2.110314,
        1.732942,
        1.7231569999999998,
        2.063775,
        1.652696,
        2.055384,
        2.611306,
        2.5911350000000004
    ],
    [
        2.159118,
        0.254077,
        0.048542,
        2.282095,
        0.568879,
        1.7113450000000001,
        0.0,
        1.440345,
        2.0904520000000004,
        1.508367,
        2.300206,
        0.412892,
        2.7369850000000002,
        0.09505,
        2.18325,
        1.258048,
        0.45498200000000005,
        0.68867,
        3.122331,
        3.610696
    ],
    [
        0.702933,
        1.461969,
        1.4311980000000002,
        2.799194,
        1.0468119999999999,
        0.909725,
        1.440345,
        0.0,
        0.576851,
        1.503881,
        1.434183,
        1.105629,
        1.4773699999999999,
        1.568703,
        1.080559,
        2.31004,
        1.103627,
        1.985433,
        3.312435,
        2.13896
    ],
    [
        0.333868,
        2.029084,
        2.081305,
        3.050404,
        1.69692,
        1.135147,
        2.0904520000000004,
        0.576851,
        0.0,
        2.0870509999999998,
        1.309173,
        1.638074,
        1.303366,
        2.1011480000000002,
        0.9162100000000001,
        2.842485,
        1.636073,
        2.517878,
        3.731826,
        1.504305
    ],
    [
        2.222654,
        1.6939380000000002,
        1.556908,
        3.6835720000000003,
        1.1879359999999999,
        0.990947,
        1.508367,
        1.503881,
        2.0870509999999998,
        0.0,
        1.2686590000000002,
        1.3354359999999998,
        3.056696,
        1.3797629999999999,
        2.4839659999999997,
        1.3094000000000001,
        1.5247380000000001,
        1.6285260000000001,
        2.032372,
        3.573286
    ],
    [
        1.586189,
        2.412831,
        2.348748,
        4.074746,
        1.997674,
        0.637023,
        2.300206,
        1.434183,
        1.309173,
        1.2686590000000002,
        0.0,
        2.060993,
        2.557337,
        2.326306,
        2.1701799999999998,
        2.463743,
        2.250295,
        2.648748,
        2.554754,
        2.712604
    ],
    [
        1.824403,
        0.434517,
        0.403745,
        2.347804,
        0.24794300000000002,
        1.463394,
        0.412892,
        1.105629,
        1.638074,
        1.3354359999999998,
        2.060993,
        0.0,
        2.443927,
        0.5412509999999999,
        1.890191,
        1.422093,
        0.26747899999999997,
        1.0319829999999999,
        3.119593,
        3.27598
    ],
    [
        1.017585,
        2.577269,
        2.72759,
        2.592581,
        2.3851109999999998,
        2.110314,
        2.7369850000000002,
        1.4773699999999999,
        1.303366,
        3.056696,
        2.557337,
        2.443927,
        0.0,
        2.9441979999999996,
        0.59097,
        3.872763,
        2.406948,
        3.321618,
        4.637341,
        1.5597919999999998
    ],
    [
        2.287477,
        0.347802,
        0.142266,
        2.225558,
        0.590476,
        1.732942,
        0.09505,
        1.568703,
        2.1011480000000002,
        1.3797629999999999,
        2.326306,
        0.5412509999999999,
        2.9441979999999996,
        0.0,
        2.316121,
        1.190568,
        0.587853,
        0.6007380000000001,
        3.054851,
        3.739054
    ],
    [
        0.630428,
        2.023533,
        2.173854,
        2.375976,
        1.831375,
        1.7231569999999998,
        2.18325,
        1.080559,
        0.9162100000000001,
        2.4839659999999997,
        2.1701799999999998,
        1.890191,
        0.59097,
        2.316121,
        0.0,
        3.319027,
        1.77405,
        2.795962,
        4.268890000000001,
        1.646072
    ],
    [
        3.0288139999999997,
        1.5383699999999998,
        1.332834,
        3.332529,
        1.347291,
        2.063775,
        1.258048,
        2.31004,
        2.842485,
        1.3094000000000001,
        2.463743,
        1.422093,
        3.872763,
        1.190568,
        3.319027,
        0.0,
        1.56708,
        0.889363,
        2.691738,
        4.4682319999999995
    ],
    [
        1.760151,
        0.301885,
        0.445587,
        2.080326,
        0.437245,
        1.652696,
        0.45498200000000005,
        1.103627,
        1.636073,
        1.5247380000000001,
        2.250295,
        0.26747899999999997,
        2.406948,
        0.587853,
        1.77405,
        1.56708,
        0.0,
        1.106963,
        3.250856,
        3.294947
    ],
    [
        2.704206,
        0.857957,
        0.739069,
        2.445303,
        0.95631,
        2.055384,
        0.68867,
        1.985433,
        2.517878,
        1.6285260000000001,
        2.648748,
        1.0319829999999999,
        3.321618,
        0.6007380000000001,
        2.795962,
        0.889363,
        1.106963,
        0.0,
        3.296073,
        4.164363000000001
    ],
    [
        3.8792869999999997,
        3.402653,
        3.197117,
        5.200226,
        2.926421,
        2.611306,
        3.122331,
        3.312435,
        3.731826,
        2.032372,
        2.554754,
        3.119593,
        4.637341,
        3.054851,
        4.268890000000001,
        2.691738,
        3.250856,
        3.296073,
        0.0,
        5.080675
    ],
    [
        1.541044,
        3.5493270000000003,
        3.6015479999999997,
        3.976978,
        3.217163,
        2.5911350000000004,
        3.610696,
        2.13896,
        1.504305,
        3.573286,
        2.712604,
        3.27598,
        1.5597919999999998,
        3.739054,
        1.646072,
        4.4682319999999995,
        3.294947,
        4.164363000000001,
        5.080675,
        0.0
    ]
]