[
    [
        0.0,
        0.39506,
        0.31621499999999997,
        0.5934400000000001,
        1.75552,
        0.7749320000000001,
        0.809041,
        0.880137,
        0.635227,
        0.668292,
        0.399677,
        0.6273529999999999
    ],
    [
        0.39506,
        0.0,
        0.078845,
        0.25460499999999997,
        1.36046,
        0.379873,
        0.413981,
        0.485077,
        0.300122,
        0.27323200000000003,
        0.039588,
        0.265569
    ],
    [
        0.31621499999999997,
        0.078845,
        0.0,
        0.300175,
        1.4393040000000001,
        0.458717,
        0.49282600000000004,
        0.563922,
        0.319012,
        0.352077,
        0.08346200000000001,
        0.31113799999999997
    ],
    [
        0.5934400000000001,
        0.25460499999999997,
        0.300175,
        0.0,
        1.5899159999999999,
        0.6093289999999999,
        0.643437,
        0.65559,
        0.5295789999999999,
        0.502689,
        0.216713,
        0.093572
    ],
    [
        1.75552,
        1.36046,
        1.4393040000000001,
        1.5899159999999999,
        0.0,
        1.0246099999999998,
        0.9464790000000001,
        1.069222,
        1.1395119999999999,
        1.087228,
        1.402387,
        1.548267
    ],
    [
        0.7749320000000001,
        0.379873,
        0.458717,
        0.6093289999999999,
        1.0246099999999998,
        0.0,
        0.078131,
        0.10520399999999999,
        0.158925,
        0.10664,
        0.421799,
        0.58425
    ],
    [
        0.809041,
        0.413981,
        0.49282600000000004,
        0.643437,
        0.9464790000000001,
        0.078131,
        0.0,
        0.12274299999999999,
        0.19303299999999998,
        0.14074899999999999,
        0.45590800000000004,
        0.601788
    ],
    [
        0.880137,
        0.485077,
        0.563922,
        0.65559,
        1.069222,
        0.10520399999999999,
        0.12274299999999999,
        0.0,
        0.264129,
        0.211845,
        0.49317500000000003,
        0.56047
    ],
    [
        0.635227,
        0.300122,
        0.319012,
        0.5295789999999999,
        1.1395119999999999,
        0.158925,
        0.19303299999999998,
        0.264129,
        0.0,
        0.098895,
        0.339711,
        0.5405420000000001
    ],
    [
        0.668292,
        0.27323200000000003,
        0.352077,
        0.502689,
        1.087228,
        0.10664,
        0.14074899999999999,
        0.211845,
        0.098895,
        0.0,
        0.312821,
        0.503984
    ],
    [
        0.399677,
        0.039588,
        0.08346200000000001,
        0.216713,
        1.402387,
        0.421799,
        0.45590800000000004,
        0.49317500000000003,
        0.339711,
        0.312821,
        0.0,
        0.227676
    ],
    [
        0.6273529999999999,
        0.265569,
        0.31113799999999997,
        0.093572,
        1.548267,
        0.58425,
        0.601788,
        0.56047,
        0.5405420000000001,
        0.503984,
        0.227676,
        0.0
    ]
]