[
    [
        0.0,
        0.705726,
        0.585525,
        0.108184,
        3.677579,
        0.031492,
        2.366433,
        0.043059,
        3.932131,
        0.191102,
        1.5656459999999999,
        2.8826799999999997,
        3.943993,
        2.5214380000000003,
        1.481657,
        2.580699,
        1.1893150000000001,
        0.836228,
        1.76425,
        1.522754
    ],
    [
        0.705726,
        0.0,
        0.774923,
        0.7324729999999999,
        3.334503,
        0.693837,
        2.29785,
        0.713565,
        3.69639,
        0.6882480000000001,
        1.016902,
        2.357999,
        3.87541,
        2.452855,
        1.4130740000000002,
        2.344959,
        1.398498,
        0.148872,
        1.109113,
        0.974011
    ],
    [
        0.585525,
        0.774923,
        0.0,
        0.627371,
        3.089982,
        0.573637,
        1.780907,
        0.57505,
        3.346605,
        0.5497329999999999,
        1.117806,
        2.297155,
        3.358468,
        1.935913,
        0.896131,
        1.995174,
        0.7896190000000001,
        0.781322,
        1.686285,
        1.074914
    ],
    [
        0.108184,
        0.7324729999999999,
        0.627371,
        0.0,
        3.6908510000000003,
        0.096295,
        2.379679,
        0.151243,
        3.944001,
        0.299286,
        1.591243,
        2.895951,
        3.9572399999999996,
        2.534685,
        1.494903,
        2.5925700000000003,
        1.297499,
        0.8707050000000001,
        1.692498,
        1.548351
    ],
    [
        3.677579,
        3.334503,
        3.089982,
        3.6908510000000003,
        0.0,
        3.651869,
        2.679873,
        3.6356170000000003,
        2.161826,
        3.584641,
        2.4593339999999997,
        1.176365,
        2.596787,
        3.2867379999999997,
        2.518475,
        1.403713,
        3.280889,
        3.18416,
        2.768426,
        2.39657
    ],
    [
        0.031492,
        0.693837,
        0.573637,
        0.096295,
        3.651869,
        0.0,
        2.3545439999999997,
        0.074551,
        3.920242,
        0.222594,
        1.553757,
        2.870792,
        3.932104,
        2.5095500000000004,
        1.469768,
        2.568811,
        1.220806,
        0.824339,
        1.752362,
        1.510866
    ],
    [
        2.366433,
        2.29785,
        1.780907,
        2.379679,
        2.679873,
        2.3545439999999997,
        0.0,
        2.373386,
        1.592275,
        2.3224099999999996,
        1.848282,
        2.1627310000000004,
        1.602713,
        0.22166999999999998,
        1.048155,
        1.3209179999999998,
        1.444501,
        2.352178,
        2.962177,
        1.805391
    ],
    [
        0.043059,
        0.713565,
        0.57505,
        0.151243,
        3.6356170000000003,
        0.074551,
        2.373386,
        0.0,
        3.9216550000000003,
        0.148043,
        1.5726969999999998,
        2.872205,
        3.933518,
        2.5109630000000003,
        1.471181,
        2.570224,
        1.146255,
        0.844067,
        1.800836,
        1.529806
    ],
    [
        3.932131,
        3.69639,
        3.346605,
        3.944001,
        2.161826,
        3.920242,
        1.592275,
        3.9216550000000003,
        0.0,
        3.947027,
        2.8073180000000004,
        1.962547,
        0.422694,
        1.4718930000000001,
        2.544173,
        1.327624,
        3.124349,
        3.541926,
        3.700759,
        2.764427
    ],
    [
        0.191102,
        0.6882480000000001,
        0.5497329999999999,
        0.299286,
        3.584641,
        0.222594,
        2.3224099999999996,
        0.148043,
        3.947027,
        0.0,
        1.611864,
        2.7912130000000004,
        3.852501,
        2.4299459999999997,
        1.3901649999999999,
        2.489133,
        1.01837,
        0.81875,
        1.775519,
        1.568972
    ],
    [
        1.5656459999999999,
        1.016902,
        1.117806,
        1.591243,
        2.4593339999999997,
        1.553757,
        1.848282,
        1.5726969999999998,
        2.8073180000000004,
        1.611864,
        0.0,
        1.413649,
        3.076101,
        2.037797,
        1.172915,
        1.460562,
        1.75053,
        0.86803,
        1.146634,
        0.042892
    ],
    [
        2.8826799999999997,
        2.357999,
        2.297155,
        2.895951,
        1.176365,
        2.870792,
        2.1627310000000004,
        2.872205,
        1.962547,
        2.7912130000000004,
        1.413649,
        0.0,
        2.3522220000000003,
        2.128784,
        2.0851979999999997,
        1.013921,
        2.847613,
        2.2081399999999998,
        1.750883,
        1.4249269999999998
    ],
    [
        3.943993,
        3.87541,
        3.358468,
        3.9572399999999996,
        2.596787,
        3.932104,
        1.602713,
        3.933518,
        0.422694,
        3.852501,
        3.076101,
        2.3522220000000003,
        0.0,
        1.453911,
        2.5653110000000003,
        1.599218,
        2.974592,
        3.8234209999999997,
        4.06425,
        3.045922
    ],
    [
        2.5214380000000003,
        2.452855,
        1.935913,
        2.534685,
        3.2867379999999997,
        2.5095500000000004,
        0.22166999999999998,
        2.5109630000000003,
        1.4718930000000001,
        2.4299459999999997,
        2.037797,
        2.128784,
        1.453911,
        0.0,
        1.1527560000000001,
        1.27745,
        1.5935489999999999,
        2.501226,
        3.066778,
        1.909991
    ],
    [
        1.481657,
        1.4130740000000002,
        0.896131,
        1.494903,
        2.518475,
        1.469768,
        1.048155,
        1.471181,
        2.544173,
        1.3901649999999999,
        1.172915,
        2.0851979999999997,
        2.5653110000000003,
        1.1527560000000001,
        0.0,
        1.247039,
        0.922085,
        1.488942,
        2.25951,
        1.102724
    ],
    [
        2.580699,
        2.344959,
        1.995174,
        2.5925700000000003,
        1.403713,
        2.568811,
        1.3209179999999998,
        2.570224,
        1.327624,
        2.489133,
        1.460562,
        1.013921,
        1.599218,
        1.27745,
        1.247039,
        0.0,
        2.0050850000000002,
        2.200535,
        2.5798229999999998,
        1.423036
    ],
    [
        1.1893150000000001,
        1.398498,
        0.7896190000000001,
        1.297499,
        3.280889,
        1.220806,
        1.444501,
        1.146255,
        3.124349,
        1.01837,
        1.75053,
        2.847613,
        2.974592,
        1.5935489999999999,
        0.922085,
        2.0050850000000002,
        0.0,
        1.4404590000000002,
        2.345423,
        1.707309
    ],
    [
        0.836228,
        0.148872,
        0.781322,
        0.8707050000000001,
        3.18416,
        0.824339,
        2.352178,
        0.844067,
        3.541926,
        0.81875,
        0.86803,
        2.2081399999999998,
        3.8234209999999997,
        2.501226,
        1.488942,
        2.200535,
        1.4404590000000002,
        0.0,
        0.960241,
        0.825139
    ],
    [
        1.76425,
        1.109113,
        1.686285,
        1.692498,
        2.768426,
        1.752362,
        2.962177,
        1.800836,
        3.700759,
        1.775519,
        1.146634,
        1.750883,
        4.06425,
        3.066778,
        2.25951,
        2.5798229999999998,
        2.345423,
        0.960241,
        0.0,
        1.1579110000000001
    ],
    [
        1.522754,
        0.974011,
        1.074914,
        1.548351,
        2.39657,
        1.510866,
        1.805391,
        1.529806,
        2.764427,
        1.568972,
        0.042892,
        1.4249269999999998,
        3.045922,
        1.909991,
        1.102724,
        1.423036,
        1.707309,
        0.825139,
        1.1579110000000001,
        0.0
    ]
]