[
    [
        0.0,
        0.552138,
        2.95963,
        2.853088,
        2.982717,
        2.62873,
        1.041428,
        2.543784,
        2.0813870000000003,
        2.84263,
        3.019454,
        0.733558,
        2.309598,
        1.150436,
        2.830232,
        1.903713,
        1.170104,
        4.154934,
        4.003929,
        3.9863150000000003
    ],
    [
        0.552138,
        0.0,
        2.4082660000000002,
        2.300949,
        2.431354,
        2.077367,
        0.9830720000000001,
        1.991646,
        1.529248,
        2.2912660000000002,
        2.46809,
        0.930184,
        1.75746,
        0.963178,
        2.2780929999999997,
        1.845357,
        0.982847,
        3.6027959999999997,
        3.451016,
        3.434177
    ],
    [
        2.95963,
        2.4082660000000002,
        0.0,
        0.328595,
        0.16366399999999998,
        0.41522699999999996,
        2.613292,
        0.87495,
        1.185349,
        0.117,
        0.059823999999999995,
        3.1084870000000002,
        0.688287,
        2.500004,
        0.6924049999999999,
        2.596123,
        2.480336,
        2.537922,
        0.394557,
        2.172455
    ],
    [
        2.853088,
        2.300949,
        0.328595,
        0.0,
        0.176944,
        0.308685,
        2.5067510000000004,
        0.768409,
        1.078807,
        0.211595,
        0.38841899999999996,
        3.001946,
        0.581746,
        2.393462,
        0.585863,
        2.4895810000000003,
        2.3737939999999997,
        2.4313800000000003,
        0.723152,
        2.065913
    ],
    [
        2.982717,
        2.431354,
        0.16366399999999998,
        0.176944,
        0.0,
        0.43831400000000004,
        2.63638,
        0.898038,
        1.2084359999999998,
        0.34122399999999997,
        0.223488,
        3.1315749999999998,
        0.711375,
        2.523091,
        0.643525,
        2.61921,
        2.5034229999999997,
        2.561009,
        0.636984,
        2.195542
    ],
    [
        2.62873,
        2.077367,
        0.41522699999999996,
        0.308685,
        0.43831400000000004,
        0.0,
        2.286559,
        0.498799,
        0.858615,
        0.29822699999999996,
        0.47505000000000003,
        2.781754,
        0.361554,
        2.173271,
        0.378224,
        2.26939,
        2.153602,
        2.223741,
        0.809784,
        1.8582750000000001
    ],
    [
        1.041428,
        0.9830720000000001,
        2.613292,
        2.5067510000000004,
        2.63638,
        2.286559,
        0.0,
        2.571199,
        2.384226,
        2.528536,
        2.692621,
        1.520984,
        2.105701,
        1.748871,
        2.352284,
        0.900269,
        1.768539,
        3.5869389999999997,
        3.5124679999999997,
        3.41832
    ],
    [
        2.543784,
        1.991646,
        0.87495,
        0.768409,
        0.898038,
        0.498799,
        2.571199,
        0.0,
        0.7482920000000001,
        0.58413,
        0.760953,
        3.048696,
        0.6284959999999999,
        2.439297,
        0.889876,
        2.781042,
        2.420544,
        2.735393,
        1.738988,
        2.369927
    ],
    [
        2.0813870000000003,
        1.529248,
        1.185349,
        1.078807,
        1.2084359999999998,
        0.858615,
        2.384226,
        0.7482920000000001,
        0.0,
        1.0346099999999998,
        1.211433,
        2.266111,
        0.501579,
        1.434971,
        1.063018,
        2.5702510000000003,
        1.4153030000000002,
        2.852951,
        1.88476,
        2.487484
    ],
    [
        2.84263,
        2.2912660000000002,
        0.117,
        0.211595,
        0.34122399999999997,
        0.29822699999999996,
        2.528536,
        0.58413,
        1.0346099999999998,
        0.0,
        0.176823,
        2.991488,
        0.571288,
        2.383004,
        0.5754049999999999,
        2.4791239999999997,
        2.363336,
        2.420922,
        0.511557,
        2.055456
    ],
    [
        3.019454,
        2.46809,
        0.059823999999999995,
        0.38841899999999996,
        0.223488,
        0.47505000000000003,
        2.692621,
        0.760953,
        1.211433,
        0.176823,
        0.0,
        3.168311,
        0.748111,
        2.5598270000000003,
        0.7522279999999999,
        2.6559470000000003,
        2.540159,
        2.5977449999999997,
        0.334734,
        2.232279
    ],
    [
        0.733558,
        0.930184,
        3.1084870000000002,
        3.001946,
        3.1315749999999998,
        2.781754,
        1.520984,
        3.048696,
        2.266111,
        2.991488,
        3.168311,
        0.0,
        2.41796,
        0.898887,
        2.938593,
        2.345708,
        0.9185549999999999,
        4.263295,
        4.111516,
        4.094677
    ],
    [
        2.309598,
        1.75746,
        0.688287,
        0.581746,
        0.711375,
        0.361554,
        2.105701,
        0.6284959999999999,
        0.501579,
        0.571288,
        0.748111,
        2.41796,
        0.0,
        1.8117159999999999,
        0.5614389999999999,
        2.4147089999999998,
        1.792048,
        2.351372,
        1.839723,
        1.985906
    ],
    [
        1.150436,
        0.963178,
        2.500004,
        2.393462,
        2.523091,
        2.173271,
        1.748871,
        2.439297,
        1.434971,
        2.383004,
        2.5598270000000003,
        0.898887,
        1.8117159999999999,
        0.0,
        2.349468,
        2.597531,
        0.019667999999999998,
        3.677949,
        3.5223910000000003,
        3.509331
    ],
    [
        2.830232,
        2.2780929999999997,
        0.6924049999999999,
        0.585863,
        0.643525,
        0.378224,
        2.352284,
        0.889876,
        1.063018,
        0.5754049999999999,
        0.7522279999999999,
        2.938593,
        0.5614389999999999,
        2.349468,
        0.0,
        2.3003270000000002,
        2.312948,
        1.879563,
        1.034505,
        1.514097
    ],
    [
        1.903713,
        1.845357,
        2.596123,
        2.4895810000000003,
        2.61921,
        2.26939,
        0.900269,
        2.781042,
        2.5702510000000003,
        2.4791239999999997,
        2.6559470000000003,
        2.345708,
        2.4147089999999998,
        2.597531,
        2.3003270000000002,
        0.0,
        2.6242829999999997,
        3.326743,
        3.442069,
        3.1395410000000004
    ],
    [
        1.170104,
        0.982847,
        2.480336,
        2.3737939999999997,
        2.5034229999999997,
        2.153602,
        1.768539,
        2.420544,
        1.4153030000000002,
        2.363336,
        2.540159,
        0.9185549999999999,
        1.792048,
        0.019667999999999998,
        2.312948,
        2.6242829999999997,
        0.0,
        3.658281,
        3.502723,
        3.489663
    ],
    [
        4.154934,
        3.6027959999999997,
        2.537922,
        2.4313800000000003,
        2.561009,
        2.223741,
        3.5869389999999997,
        2.735393,
        2.852951,
        2.420922,
        2.5977449999999997,
        4.263295,
        2.351372,
        3.677949,
        1.879563,
        3.326743,
        3.658281,
        0.0,
        2.488913,
        0.211989
    ],
    [
        4.003929,
        3.451016,
        0.394557,
        0.723152,
        0.636984,
        0.809784,
        3.5124679999999997,
        1.738988,
        1.88476,
        0.511557,
        0.334734,
        4.111516,
        1.839723,
        3.5223910000000003,
        1.034505,
        3.442069,
        3.502723,
        2.488913,
        0.0,
        2.334657
    ],
    [
        3.9863150000000003,
        3.434177,
        2.172455,
        2.065913,
        2.195542,
        1.8582750000000001,
        3.41832,
        2.369927,
        2.487484,
        2.055456,
        2.232279,
        4.094677,
        1.985906,
        3.509331,
        1.514097,
        3.1395410000000004,
        3.489663,
        0.211989,
        2.334657,
        0.0
    ]
]