[
    [
        0.0,
        1.3955440000000001,
        1.9350370000000001,
        1.133391,
        1.427699,
        0.770475,
        1.516077,
        1.736124,
        1.946032,
        1.740007,
        3.7438130000000003,
        1.516077,
        1.792414,
        1.021329,
        0.46289199999999997,
        1.948126,
        1.659274,
        0.704237,
        1.584158,
        0.816683
    ],
    [
        1.3955440000000001,
        0.0,
        0.874536,
        0.709467,
        0.730272,
        0.7246630000000001,
        0.504564,
        0.675624,
        1.639662,
        1.130189,
        3.3964830000000004,
        0.504564,
        0.945612,
        1.1137739999999998,
        0.947471,
        1.726899,
        1.352904,
        0.737475,
        1.738928,
        1.343572
    ],
    [
        1.9350370000000001,
        0.874536,
        0.0,
        0.842263,
        0.831264,
        1.2637070000000001,
        0.546523,
        0.350985,
        1.7460609999999999,
        1.231181,
        3.3687289999999996,
        0.546523,
        0.08154600000000001,
        1.237569,
        1.486515,
        1.8278910000000002,
        1.459303,
        1.292403,
        1.848071,
        1.562861
    ],
    [
        1.133391,
        0.709467,
        0.842263,
        0.0,
        0.291668,
        0.525475,
        0.414829,
        0.642331,
        1.180603,
        0.7700670000000001,
        3.061598,
        0.414829,
        0.91232,
        0.44538900000000003,
        0.726478,
        1.2767789999999999,
        0.893845,
        0.827673,
        1.0558910000000001,
        0.722698
    ],
    [
        1.427699,
        0.730272,
        0.831264,
        0.291668,
        0.0,
        0.829292,
        0.346926,
        0.631966,
        0.9927440000000001,
        0.497257,
        2.873739,
        0.346926,
        0.900981,
        0.556705,
        1.044337,
        1.08892,
        0.705986,
        0.862427,
        1.0732629999999999,
        1.0232269999999999
    ],
    [
        0.770475,
        0.7246630000000001,
        1.2637070000000001,
        0.525475,
        0.829292,
        0.0,
        0.85949,
        1.0697860000000001,
        1.4203160000000001,
        1.192375,
        3.2534099999999997,
        0.85949,
        1.3397739999999998,
        0.57031,
        0.328752,
        1.468591,
        1.133558,
        0.6187910000000001,
        1.244742,
        0.737891
    ],
    [
        1.516077,
        0.504564,
        0.546523,
        0.414829,
        0.346926,
        0.85949,
        0.0,
        0.36114999999999997,
        1.2250969999999999,
        0.715624,
        2.9721729999999997,
        0.0,
        0.629128,
        0.778005,
        1.0787840000000002,
        1.3123340000000001,
        0.939627,
        0.888522,
        1.366794,
        1.145364
    ],
    [
        1.736124,
        0.675624,
        0.350985,
        0.642331,
        0.631966,
        1.0697860000000001,
        0.36114999999999997,
        0.0,
        1.555118,
        1.0456459999999999,
        3.332975,
        0.360987,
        0.42251,
        1.051847,
        1.2880509999999998,
        1.642356,
        1.273768,
        1.081727,
        1.6623489999999999,
        1.36503
    ],
    [
        1.946032,
        1.639662,
        1.7460609999999999,
        1.180603,
        0.9927440000000001,
        1.4203160000000001,
        1.2250969999999999,
        1.555118,
        0.0,
        0.642765,
        2.264252,
        1.2250969999999999,
        1.8627529999999999,
        1.027934,
        1.5432059999999999,
        0.479433,
        0.492473,
        1.771816,
        0.720152,
        1.415687
    ],
    [
        1.740007,
        1.130189,
        1.231181,
        0.7700670000000001,
        0.497257,
        1.192375,
        0.715624,
        1.0456459999999999,
        0.642765,
        0.0,
        2.474326,
        0.718117,
        1.337051,
        0.810316,
        1.337722,
        0.689507,
        0.359646,
        1.262343,
        0.797791,
        1.33013
    ],
    [
        3.7438130000000003,
        3.3964830000000004,
        3.3687289999999996,
        3.061598,
        2.873739,
        3.2534099999999997,
        2.9721729999999997,
        3.332975,
        2.264252,
        2.474326,
        0.0,
        2.949703,
        3.4730149999999997,
        2.704258,
        3.327983,
        1.781862,
        2.3107849999999996,
        3.537547,
        2.2392890000000003,
        3.091282
    ],
    [
        1.516077,
        0.504564,
        0.546523,
        0.414829,
        0.346926,
        0.85949,
        0.0,
        0.360987,
        1.2250969999999999,
        0.718117,
        2.949703,
        0.0,
        0.629128,
        0.778005,
        1.0787840000000002,
        1.3123340000000001,
        0.939627,
        0.888522,
        1.366794,
        1.145364
    ],
    [
        1.792414,
        0.945612,
        0.08154600000000001,
        0.91232,
        0.900981,
        1.3397739999999998,
        0.629128,
        0.42251,
        1.8627529999999999,
        1.337051,
        3.4730149999999997,
        0.629128,
        0.0,
        1.320837,
        1.558039,
        1.934597,
        1.5563330000000002,
        1.258187,
        1.931339,
        1.635018
    ],
    [
        1.021329,
        1.1137739999999998,
        1.237569,
        0.44538900000000003,
        0.556705,
        0.57031,
        0.778005,
        1.051847,
        1.027934,
        0.810316,
        2.704258,
        0.778005,
        1.320837,
        0.0,
        0.6245170000000001,
        0.926797,
        0.6885589999999999,
        1.088609,
        0.674318,
        0.560505
    ],
    [
        0.46289199999999997,
        0.947471,
        1.486515,
        0.726478,
        1.044337,
        0.328752,
        1.0787840000000002,
        1.2880509999999998,
        1.5432059999999999,
        1.337722,
        3.327983,
        1.0787840000000002,
        1.558039,
        0.6245170000000001,
        0.0,
        1.551315,
        1.262463,
        0.716209,
        1.298835,
        0.704997
    ],
    [
        1.948126,
        1.726899,
        1.8278910000000002,
        1.2767789999999999,
        1.08892,
        1.468591,
        1.3123340000000001,
        1.642356,
        0.479433,
        0.689507,
        1.781862,
        1.3123340000000001,
        1.934597,
        0.926797,
        1.551315,
        0.0,
        0.534116,
        1.859053,
        0.48395699999999997,
        1.314549
    ],
    [
        1.659274,
        1.352904,
        1.459303,
        0.893845,
        0.705986,
        1.133558,
        0.939627,
        1.273768,
        0.492473,
        0.359646,
        2.3107849999999996,
        0.939627,
        1.5563330000000002,
        0.6885589999999999,
        1.262463,
        0.534116,
        0.0,
        1.485059,
        0.438144,
        1.081053
    ],
    [
        0.704237,
        0.737475,
        1.292403,
        0.827673,
        0.862427,
        0.6187910000000001,
        0.888522,
        1.081727,
        1.771816,
        1.262343,
        3.537547,
        0.888522,
        1.258187,
        1.088609,
        0.716209,
        1.859053,
        1.485059,
        0.0,
        1.767155,
        1.2603030000000002
    ],
    [
        1.584158,
        1.738928,
        1.848071,
        1.0558910000000001,
        1.0732629999999999,
        1.244742,
        1.366794,
        1.6623489999999999,
        0.720152,
        0.797791,
        2.2392890000000003,
        1.366794,
        1.931339,
        0.674318,
        1.298835,
        0.48395699999999997,
        0.438144,
        1.767155,
        0.0,
        0.877737
    ],
    [
        0.816683,
        1.343572,
        1.562861,
        0.722698,
        1.0232269999999999,
        0.737891,
        1.145364,
        1.36503,
        1.415687,
        1.33013,
        3.091282,
        1.145364,
        1.635018,
        0.560505,
        0.704997,
        1.314549,
        1.081053,
        1.2603030000000002,
        0.877737,
        0.0
    ]
]