[
    [
        0.0,
        0.12059399999999999,
        0.30699,
        0.041912,
        0.06614700000000001,
        0.263983,
        0.042069,
        0.380137,
        0.259055,
        0.128779,
        0.042661000000000004,
        2.062017,
        0.11490500000000001,
        0.328964,
        0.018104,
        1.0644280000000002,
        0.049938,
        0.188869,
        0.06967
    ],
    [
        0.12059399999999999,
        0.0,
        0.427584,
        0.162506,
        0.18674100000000002,
        0.384577,
        0.162663,
        0.486923,
        0.37964800000000004,
        0.24937299999999998,
        0.16325499999999998,
        1.941423,
        0.23549799999999999,
        0.20837,
        0.10249,
        1.185022,
        0.07065600000000001,
        0.23679499999999998,
        0.19026400000000002
    ],
    [
        0.30699,
        0.427584,
        0.0,
        0.282991,
        0.247689,
        0.043007,
        0.283147,
        0.66599,
        0.08702299999999999,
        0.369858,
        0.28374,
        2.35947,
        0.192086,
        0.6359539999999999,
        0.325094,
        1.028736,
        0.356928,
        0.31173,
        0.23732
    ],
    [
        0.041912,
        0.162506,
        0.282991,
        0.0,
        0.042147,
        0.239984,
        0.000157,
        0.338225,
        0.26302600000000004,
        0.086867,
        0.000749,
        2.103929,
        0.090905,
        0.370876,
        0.060016,
        1.0404280000000001,
        0.09185,
        0.19284,
        0.04567
    ],
    [
        0.06614700000000001,
        0.18674100000000002,
        0.247689,
        0.042147,
        0.0,
        0.20468199999999998,
        0.042304,
        0.380372,
        0.28726,
        0.12901400000000002,
        0.042896000000000004,
        2.1281640000000004,
        0.055604,
        0.395111,
        0.084251,
        1.0051269999999999,
        0.116085,
        0.217075,
        0.010369
    ],
    [
        0.263983,
        0.384577,
        0.043007,
        0.239984,
        0.20468199999999998,
        0.0,
        0.24014,
        0.622983,
        0.09517199999999999,
        0.326851,
        0.240733,
        2.326,
        0.14907900000000002,
        0.592947,
        0.282087,
        0.9857290000000001,
        0.313921,
        0.319879,
        0.19431299999999999
    ],
    [
        0.042069,
        0.162663,
        0.283147,
        0.000157,
        0.042304,
        0.24014,
        0.0,
        0.338068,
        0.263182,
        0.08671,
        0.000592,
        2.1040859999999997,
        0.091062,
        0.371033,
        0.060173000000000004,
        1.040585,
        0.092007,
        0.192997,
        0.045827
    ],
    [
        0.380137,
        0.486923,
        0.66599,
        0.338225,
        0.380372,
        0.622983,
        0.338068,
        0.0,
        0.60125,
        0.251358,
        0.337476,
        2.069665,
        0.40489299999999995,
        0.278552,
        0.398241,
        0.981167,
        0.430075,
        0.531065,
        0.35965800000000003
    ],
    [
        0.259055,
        0.37964800000000004,
        0.08702299999999999,
        0.26302600000000004,
        0.28726,
        0.09517199999999999,
        0.263182,
        0.60125,
        0.0,
        0.34989299999999995,
        0.263775,
        2.2956350000000003,
        0.244251,
        0.588019,
        0.277159,
        1.0809010000000001,
        0.30899200000000004,
        0.24789599999999998,
        0.290783
    ],
    [
        0.128779,
        0.24937299999999998,
        0.369858,
        0.086867,
        0.12901400000000002,
        0.326851,
        0.08671,
        0.251358,
        0.34989299999999995,
        0.0,
        0.086118,
        2.195634,
        0.153535,
        0.406698,
        0.146883,
        0.958712,
        0.17871700000000001,
        0.279707,
        0.10830100000000001
    ],
    [
        0.042661000000000004,
        0.16325499999999998,
        0.28374,
        0.000749,
        0.042896000000000004,
        0.240733,
        0.000592,
        0.337476,
        0.263775,
        0.086118,
        0.0,
        2.104678,
        0.091654,
        0.371625,
        0.060765,
        1.0411769999999998,
        0.092599,
        0.193589,
        0.046418999999999995
    ],
    [
        2.062017,
        1.941423,
        2.35947,
        2.103929,
        2.1281640000000004,
        2.326,
        2.1040859999999997,
        2.069665,
        2.2956350000000003,
        2.195634,
        2.104678,
        0.0,
        2.1769209999999997,
        1.845674,
        2.043913,
        3.01194,
        2.012079,
        2.1283119999999998,
        2.131687
    ],
    [
        0.11490500000000001,
        0.23549799999999999,
        0.192086,
        0.090905,
        0.055604,
        0.14907900000000002,
        0.091062,
        0.40489299999999995,
        0.244251,
        0.153535,
        0.091654,
        2.1769209999999997,
        0.0,
        0.443869,
        0.133009,
        0.949523,
        0.16484200000000002,
        0.265832,
        0.045235
    ],
    [
        0.328964,
        0.20837,
        0.6359539999999999,
        0.370876,
        0.395111,
        0.592947,
        0.371033,
        0.278552,
        0.588019,
        0.406698,
        0.371625,
        1.845674,
        0.443869,
        0.0,
        0.31086,
        1.220828,
        0.279026,
        0.44516500000000003,
        0.398634
    ],
    [
        0.018104,
        0.10249,
        0.325094,
        0.060016,
        0.084251,
        0.282087,
        0.060173000000000004,
        0.398241,
        0.277159,
        0.146883,
        0.060765,
        2.043913,
        0.133009,
        0.31086,
        0.0,
        1.0825319999999998,
        0.031834,
        0.20697300000000002,
        0.087774
    ],
    [
        1.0644280000000002,
        1.185022,
        1.028736,
        1.0404280000000001,
        1.0051269999999999,
        0.9857290000000001,
        1.040585,
        0.981167,
        1.0809010000000001,
        0.958712,
        1.0411769999999998,
        3.01194,
        0.949523,
        1.220828,
        1.0825319999999998,
        0.0,
        1.114366,
        1.215356,
        0.994758
    ],
    [
        0.049938,
        0.07065600000000001,
        0.356928,
        0.09185,
        0.116085,
        0.313921,
        0.092007,
        0.430075,
        0.30899200000000004,
        0.17871700000000001,
        0.092599,
        2.012079,
        0.16484200000000002,
        0.279026,
        0.031834,
        1.114366,
        0.0,
        0.22603800000000002,
        0.119607
    ],
    [
        0.188869,
        0.23679499999999998,
        0.31173,
        0.19284,
        0.217075,
        0.319879,
        0.192997,
        0.531065,
        0.24789599999999998,
        0.279707,
        0.193589,
        2.1283119999999998,
        0.265832,
        0.44516500000000003,
        0.20697300000000002,
        1.215356,
        0.22603800000000002,
        0.0,
        0.22059700000000002
    ],
    [
        0.06967,
        0.19026400000000002,
        0.23732,
        0.04567,
        0.010369,
        0.19431299999999999,
        0.045827,
        0.35965800000000003,
        0.290783,
        0.10830100000000001,
        0.046418999999999995,
        2.131687,
        0.045235,
        0.398634,
        0.087774,
        0.994758,
        0.119607,
        0.22059700000000002,
        0.0
    ]
]