[
    [
        0.0,
        1.617318,
        1.313011,
        1.248761,
        1.4313820000000002,
        1.276327,
        0.825148,
        2.614659,
        2.838634,
        1.039198,
        0.0837,
        1.6918440000000001,
        2.171728,
        2.8808119999999997,
        1.269942,
        1.524181,
        0.904903,
        2.055043,
        0.8666950000000001,
        2.780102,
        0.705345,
        1.1695119999999999,
        0.45651400000000003,
        2.086436,
        1.529749,
        0.7177319999999999,
        2.8047750000000002,
        3.734772,
        0.9513680000000001,
        1.947786,
        1.074162,
        1.245037,
        1.331063,
        1.3690740000000001,
        1.534,
        2.667244,
        0.739124,
        1.559821
    ],
    [
        1.617318,
        0.0,
        2.1425349999999996,
        2.866079,
        0.18593600000000002,
        0.34099,
        0.955634,
        1.1016890000000001,
        1.325664,
        0.6984049999999999,
        1.701018,
        2.948159,
        2.862502,
        1.367842,
        0.7890119999999999,
        0.4352,
        2.3956060000000003,
        0.542074,
        0.87174,
        1.2671320000000001,
        1.003255,
        2.78683,
        1.225693,
        0.8477100000000001,
        0.113745,
        0.899586,
        1.291806,
        2.487429,
        0.8497290000000001,
        2.63856,
        1.135327,
        0.771765,
        1.382941,
        0.867259,
        0.642079,
        1.1542750000000002,
        0.916153,
        0.17231
    ],
    [
        1.313011,
        2.1425349999999996,
        0.0,
        1.563266,
        1.956599,
        1.8015450000000002,
        1.748684,
        3.028429,
        3.252404,
        1.739305,
        1.2228510000000001,
        1.051513,
        0.858717,
        3.2697559999999997,
        1.83757,
        2.091808,
        1.995223,
        2.414304,
        1.435496,
        3.169045,
        1.58368,
        2.127535,
        1.299547,
        3.084843,
        2.054967,
        1.592657,
        3.218545,
        4.585018,
        1.795642,
        0.634775,
        2.164482,
        1.812665,
        2.421384,
        1.936701,
        2.270763,
        3.081014,
        1.670828,
        2.085039
    ],
    [
        1.248761,
        2.866079,
        1.563266,
        0.0,
        2.71711,
        2.562056,
        2.112485,
        3.80846,
        4.0324349999999995,
        2.324926,
        1.202028,
        1.168116,
        1.70446,
        4.074613,
        2.55567,
        2.809909,
        1.687534,
        3.194334,
        2.1524229999999998,
        3.973902,
        1.991073,
        1.584583,
        1.742242,
        3.137515,
        2.815478,
        2.00346,
        3.998576,
        4.785852,
        2.2370970000000003,
        1.5848550000000001,
        2.125241,
        2.5307649999999997,
        2.382143,
        2.654802,
        2.5850790000000003,
        3.8610450000000003,
        2.024852,
        2.845549
    ],
    [
        1.4313820000000002,
        0.18593600000000002,
        1.956599,
        2.71711,
        0.0,
        0.155054,
        0.769698,
        1.1832770000000001,
        1.407252,
        0.5124690000000001,
        1.515082,
        2.762223,
        2.676566,
        1.44943,
        0.610734,
        0.456803,
        2.20967,
        0.623662,
        0.685803,
        1.34872,
        0.8173189999999999,
        2.600894,
        1.039757,
        0.9448529999999999,
        0.098368,
        0.71365,
        1.373394,
        2.584573,
        0.663792,
        2.4526239999999997,
        0.9909439999999999,
        0.5858289999999999,
        1.28978,
        0.709865,
        0.635758,
        1.2358630000000002,
        0.730217,
        0.128439
    ],
    [
        1.276327,
        0.34099,
        1.8015450000000002,
        2.562056,
        0.155054,
        0.0,
        0.614643,
        1.338332,
        1.5623070000000001,
        0.418176,
        1.360027,
        2.607169,
        2.521512,
        1.604485,
        0.516441,
        0.507869,
        2.0546149999999996,
        0.778716,
        0.530749,
        1.503774,
        0.662265,
        2.445839,
        0.884703,
        1.0999079999999999,
        0.253422,
        0.558596,
        1.528448,
        2.739627,
        0.5752619999999999,
        2.2975700000000003,
        0.893857,
        0.49153600000000003,
        1.192693,
        0.615572,
        0.686824,
        1.390917,
        0.5751620000000001,
        0.283493
    ],
    [
        0.825148,
        0.955634,
        1.748684,
        2.112485,
        0.769698,
        0.614643,
        0.0,
        1.952975,
        2.1769499999999997,
        0.339555,
        0.908848,
        2.2046,
        2.536355,
        2.219128,
        0.5177999999999999,
        0.8532240000000001,
        1.3260239999999999,
        1.393359,
        0.30832299999999996,
        2.118417,
        0.164959,
        1.99466,
        0.482134,
        1.4339380000000002,
        0.8680650000000001,
        0.27904500000000004,
        2.143092,
        3.082274,
        0.235877,
        2.312413,
        0.408994,
        0.492896,
        0.7078300000000001,
        0.616932,
        0.881502,
        2.00556,
        0.077856,
        0.898137
    ],
    [
        2.614659,
        1.1016890000000001,
        3.028429,
        3.80846,
        1.1832770000000001,
        1.338332,
        1.952975,
        0.0,
        0.29256099999999996,
        1.6957460000000002,
        2.698359,
        3.807494,
        3.7471799999999997,
        0.362301,
        1.794011,
        1.536889,
        3.392947,
        0.720418,
        1.869081,
        0.26159,
        2.000597,
        3.7841709999999997,
        2.223035,
        1.679773,
        1.121464,
        1.8969269999999998,
        0.25870299999999996,
        1.88125,
        1.84707,
        3.5232379999999996,
        2.174221,
        1.769106,
        2.473058,
        1.893143,
        1.743768,
        0.148733,
        1.9134939999999998,
        1.054838
    ],
    [
        2.838634,
        1.325664,
        3.252404,
        4.0324349999999995,
        1.407252,
        1.5623070000000001,
        2.1769499999999997,
        0.29256099999999996,
        0.0,
        1.919721,
        2.9223339999999998,
        4.03147,
        3.971155,
        0.14829499999999998,
        2.017986,
        1.760864,
        3.616922,
        0.944393,
        2.0930560000000002,
        0.149087,
        2.224572,
        4.008146,
        2.44701,
        1.809197,
        1.345439,
        2.120902,
        0.033859,
        1.608986,
        2.0710450000000002,
        3.7472130000000003,
        2.398197,
        1.9930809999999999,
        2.697032,
        2.117118,
        1.967743,
        0.245075,
        2.137469,
        1.2788130000000002
    ],
    [
        1.039198,
        0.6984049999999999,
        1.739305,
        2.324926,
        0.5124690000000001,
        0.418176,
        0.339555,
        1.6957460000000002,
        1.919721,
        0.0,
        1.1863920000000001,
        2.5025180000000002,
        2.459272,
        1.9618989999999998,
        0.17824500000000001,
        0.45362,
        1.639664,
        1.13613,
        0.426099,
        1.861189,
        0.450671,
        2.2722040000000003,
        0.767846,
        1.503419,
        0.610836,
        0.453946,
        1.8858620000000001,
        3.097042,
        0.15132400000000001,
        2.23533,
        0.47847500000000004,
        0.15334,
        0.7773110000000001,
        0.277377,
        0.632575,
        1.7483309999999999,
        0.363568,
        0.640908
    ],
    [
        0.0837,
        1.701018,
        1.2228510000000001,
        1.202028,
        1.515082,
        1.360027,
        0.908848,
        2.698359,
        2.9223339999999998,
        1.1863920000000001,
        0.0,
        1.6040450000000002,
        2.083929,
        2.964512,
        1.353642,
        1.6078810000000001,
        0.821203,
        2.138743,
        0.950394,
        2.863802,
        0.789045,
        1.085812,
        0.5402140000000001,
        2.002736,
        1.6134490000000001,
        0.801432,
        2.888475,
        3.651073,
        1.0350679999999999,
        1.859987,
        0.990462,
        1.328737,
        1.247363,
        1.4527739999999998,
        1.4503,
        2.750944,
        0.822824,
        1.643521
    ],
    [
        1.6918440000000001,
        2.948159,
        1.051513,
        1.168116,
        2.762223,
        2.607169,
        2.2046,
        3.807494,
        4.03147,
        2.5025180000000002,
        1.6040450000000002,
        0.0,
        0.536344,
        4.074864,
        2.600783,
        2.855022,
        2.361025,
        3.194585,
        2.197536,
        3.974153,
        2.039597,
        2.258075,
        1.7645950000000001,
        3.555589,
        2.860591,
        2.0485729999999998,
        3.9988270000000004,
        5.203925,
        2.3389879999999996,
        0.41673899999999997,
        2.543315,
        2.5758780000000003,
        2.800217,
        2.699915,
        3.0031529999999997,
        3.861296,
        2.126744,
        2.890662
    ],
    [
        2.171728,
        2.862502,
        0.858717,
        1.70446,
        2.676566,
        2.521512,
        2.536355,
        3.7471799999999997,
        3.971155,
        2.459272,
        2.083929,
        0.536344,
        0.0,
        3.989723,
        2.5575360000000003,
        2.811775,
        2.853939,
        3.134271,
        2.155462,
        3.889012,
        2.303647,
        2.7959940000000003,
        2.019514,
        3.804809,
        2.774934,
        2.312624,
        3.9385120000000002,
        5.304984999999999,
        2.515609,
        0.223942,
        2.779866,
        2.532631,
        3.0787020000000003,
        2.6566680000000003,
        2.99073,
        3.800981,
        2.390794,
        2.805005
    ],
    [
        2.8808119999999997,
        1.367842,
        3.2697559999999997,
        4.074613,
        1.44943,
        1.604485,
        2.219128,
        0.362301,
        0.14829499999999998,
        1.9618989999999998,
        2.964512,
        4.074864,
        3.989723,
        0.0,
        2.0601640000000003,
        1.8030419999999998,
        3.6591,
        0.986571,
        2.135234,
        0.100711,
        2.26675,
        4.050323,
        2.489188,
        1.946286,
        1.3876169999999999,
        2.163081,
        0.17094700000000002,
        1.740536,
        2.113223,
        3.549331,
        2.440374,
        2.035259,
        2.7392109999999996,
        2.159296,
        2.009921,
        0.213568,
        2.179647,
        1.320991
    ],
    [
        1.269942,
        0.7890119999999999,
        1.83757,
        2.55567,
        0.610734,
        0.516441,
        0.5177999999999999,
        1.794011,
        2.017986,
        0.17824500000000001,
        1.353642,
        2.600783,
        2.5575360000000003,
        2.0601640000000003,
        0.0,
        0.353811,
        1.817909,
        1.234395,
        0.524364,
        1.959453,
        0.6466069999999999,
        2.439454,
        0.8783179999999999,
        1.086569,
        0.709101,
        0.5522100000000001,
        1.984127,
        2.734906,
        0.329569,
        2.333594,
        0.656721,
        0.024905,
        0.955557,
        0.116575,
        0.532766,
        1.846596,
        0.559505,
        0.739173
    ],
    [
        1.524181,
        0.4352,
        2.091808,
        2.809909,
        0.456803,
        0.507869,
        0.8532240000000001,
        1.536889,
        1.760864,
        0.45362,
        1.6078810000000001,
        2.855022,
        2.811775,
        1.8030419999999998,
        0.353811,
        0.0,
        1.9231120000000002,
        0.977274,
        0.8061470000000001,
        1.7023320000000002,
        0.9283899999999999,
        2.721237,
        1.160101,
        0.702611,
        0.46015300000000003,
        0.8339930000000001,
        1.727006,
        2.350947,
        0.645244,
        2.615377,
        0.7001269999999999,
        0.349863,
        0.947741,
        0.432059,
        0.20687899999999998,
        1.589475,
        0.841288,
        0.526779
    ],
    [
        0.904903,
        2.3956060000000003,
        1.995223,
        1.687534,
        2.20967,
        2.0546149999999996,
        1.3260239999999999,
        3.392947,
        3.616922,
        1.639664,
        0.821203,
        2.361025,
        2.853939,
        3.6591,
        1.817909,
        1.9231120000000002,
        0.0,
        2.6715430000000002,
        1.574176,
        3.396601,
        1.311126,
        0.994949,
        1.361416,
        2.268669,
        2.1462489999999996,
        1.425213,
        3.421275,
        3.9170059999999998,
        1.48834,
        2.632359,
        1.256396,
        1.7930039999999998,
        1.5132970000000001,
        1.917041,
        1.716233,
        3.283744,
        1.3280139999999998,
        2.1763209999999997
    ],
    [
        2.055043,
        0.542074,
        2.414304,
        3.194334,
        0.623662,
        0.778716,
        1.393359,
        0.720418,
        0.944393,
        1.13613,
        2.138743,
        3.194585,
        3.134271,
        0.986571,
        1.234395,
        0.977274,
        2.6715430000000002,
        0.0,
        1.3094649999999999,
        0.88586,
        1.440981,
        3.2245549999999996,
        1.6634190000000002,
        1.1201569999999998,
        0.5618479999999999,
        1.3373119999999998,
        0.910534,
        2.2770070000000002,
        1.2874539999999999,
        2.9091129999999996,
        1.614606,
        1.20949,
        1.913442,
        1.3335270000000001,
        1.184152,
        0.773003,
        1.353878,
        0.495223
    ],
    [
        0.8666950000000001,
        0.87174,
        1.435496,
        2.1524229999999998,
        0.685803,
        0.530749,
        0.30832299999999996,
        1.869081,
        2.0930560000000002,
        0.426099,
        0.950394,
        2.197536,
        2.155462,
        2.135234,
        0.524364,
        0.8061470000000001,
        1.574176,
        1.3094649999999999,
        0.0,
        2.001434,
        0.293622,
        2.036206,
        0.47507,
        1.668766,
        0.751082,
        0.14896299999999998,
        2.026108,
        3.237287,
        0.391594,
        1.931521,
        0.643822,
        0.50878,
        0.942658,
        0.632816,
        0.966878,
        1.888577,
        0.268841,
        0.781154
    ],
    [
        2.780102,
        1.2671320000000001,
        3.169045,
        3.973902,
        1.34872,
        1.503774,
        2.118417,
        0.26159,
        0.149087,
        1.861189,
        2.863802,
        3.974153,
        3.889012,
        0.100711,
        1.959453,
        1.7023320000000002,
        3.396601,
        0.88586,
        2.001434,
        0.0,
        2.166039,
        3.949613,
        2.388477,
        1.8452149999999998,
        1.2869059999999999,
        2.06237,
        0.17174,
        1.741329,
        2.012512,
        3.555053,
        2.3396640000000004,
        1.934549,
        2.6385,
        2.058585,
        1.909211,
        0.112857,
        2.078936,
        1.220281
    ],
    [
        0.705345,
        1.003255,
        1.58368,
        1.991073,
        0.8173189999999999,
        0.662265,
        0.164959,
        2.000597,
        2.224572,
        0.450671,
        0.789045,
        2.039597,
        2.303647,
        2.26675,
        0.6466069999999999,
        0.9283899999999999,
        1.311126,
        1.440981,
        0.293622,
        2.166039,
        0.0,
        1.814308,
        0.317131,
        1.57652,
        0.915687,
        0.14465899999999998,
        2.190713,
        3.2248560000000004,
        0.299347,
        2.14741,
        0.5515760000000001,
        0.540517,
        0.8504120000000001,
        0.664554,
        1.024083,
        2.0531819999999996,
        0.087103,
        0.945759
    ],
    [
        1.1695119999999999,
        2.78683,
        2.127535,
        1.584583,
        2.600894,
        2.445839,
        1.99466,
        3.7841709999999997,
        4.008146,
        2.2722040000000003,
        1.085812,
        2.258075,
        2.7959940000000003,
        4.050323,
        2.439454,
        2.721237,
        0.994949,
        3.2245549999999996,
        2.036206,
        3.949613,
        1.814308,
        0.0,
        1.6181759999999998,
        2.987053,
        2.691411,
        1.879394,
        3.966437,
        4.63539,
        2.113031,
        2.6869340000000004,
        1.97478,
        2.406699,
        2.231681,
        2.530736,
        2.4346170000000003,
        3.828906,
        1.900786,
        2.721483
    ],
    [
        0.45651400000000003,
        1.225693,
        1.299547,
        1.742242,
        1.039757,
        0.884703,
        0.482134,
        2.223035,
        2.44701,
        0.767846,
        0.5402140000000001,
        1.7645950000000001,
        2.019514,
        2.489188,
        0.8783179999999999,
        1.160101,
        1.361416,
        1.6634190000000002,
        0.47507,
        2.388477,
        0.317131,
        1.6181759999999998,
        0.0,
        1.893695,
        1.1415350000000002,
        0.329517,
        2.416561,
        3.542031,
        0.616523,
        1.863277,
        0.8687509999999999,
        0.856823,
        1.167588,
        0.9808600000000001,
        1.341259,
        2.27903,
        0.404278,
        1.171607
    ],
    [
        2.086436,
        0.8477100000000001,
        3.084843,
        3.137515,
        0.9448529999999999,
        1.0999079999999999,
        1.4339380000000002,
        1.679773,
        1.809197,
        1.503419,
        2.002736,
        3.555589,
        3.804809,
        1.946286,
        1.086569,
        0.702611,
        2.268669,
        1.1201569999999998,
        1.668766,
        1.8452149999999998,
        1.57652,
        2.987053,
        1.893695,
        0.0,
        0.872663,
        1.690606,
        1.7753379999999999,
        1.714051,
        1.352095,
        3.723974,
        1.045684,
        1.093855,
        1.268676,
        1.176051,
        0.6148089999999999,
        1.7323579999999998,
        1.489417,
        0.939288
    ],
    [
        1.529749,
        0.113745,
        2.054967,
        2.815478,
        0.098368,
        0.253422,
        0.8680650000000001,
        1.121464,
        1.345439,
        0.610836,
        1.6134490000000001,
        2.860591,
        2.774934,
        1.3876169999999999,
        0.709101,
        0.46015300000000003,
        2.1462489999999996,
        0.5618479999999999,
        0.751082,
        1.2869059999999999,
        0.915687,
        2.691411,
        1.1415350000000002,
        0.872663,
        0.0,
        0.812018,
        1.31158,
        2.512382,
        0.76216,
        2.5509920000000004,
        1.0893119999999998,
        0.684196,
        1.388148,
        0.808233,
        0.6670320000000001,
        1.174049,
        0.828584,
        0.066626
    ],
    [
        0.7177319999999999,
        0.899586,
        1.592657,
        2.00346,
        0.71365,
        0.558596,
        0.27904500000000004,
        1.8969269999999998,
        2.120902,
        0.453946,
        0.801432,
        2.0485729999999998,
        2.312624,
        2.163081,
        0.5522100000000001,
        0.8339930000000001,
        1.425213,
        1.3373119999999998,
        0.14896299999999998,
        2.06237,
        0.14465899999999998,
        1.879394,
        0.329517,
        1.690606,
        0.812018,
        0.0,
        2.087043,
        3.298223,
        0.413434,
        1.9749839999999999,
        0.6656620000000001,
        0.5273049999999999,
        0.9644980000000001,
        0.651342,
        0.985404,
        1.9495129999999998,
        0.201189,
        0.8420890000000001
    ],
    [
        2.8047750000000002,
        1.291806,
        3.218545,
        3.998576,
        1.373394,
        1.528448,
        2.143092,
        0.25870299999999996,
        0.033859,
        1.8858620000000001,
        2.888475,
        3.9988270000000004,
        3.9385120000000002,
        0.17094700000000002,
        1.984127,
        1.727006,
        3.421275,
        0.910534,
        2.026108,
        0.17174,
        2.190713,
        3.966437,
        2.416561,
        1.7753379999999999,
        1.31158,
        2.087043,
        0.0,
        1.642844,
        2.0371859999999997,
        3.713354,
        2.364337,
        1.959222,
        2.663174,
        2.083259,
        1.933884,
        0.21121600000000001,
        2.10361,
        1.244954
    ],
    [
        3.734772,
        2.487429,
        4.585018,
        4.785852,
        2.584573,
        2.739627,
        3.082274,
        1.88125,
        1.608986,
        3.097042,
        3.651073,
        5.203925,
        5.304984999999999,
        1.740536,
        2.734906,
        2.350947,
        3.9170059999999998,
        2.2770070000000002,
        3.237287,
        1.741329,
        3.2248560000000004,
        4.63539,
        3.542031,
        1.714051,
        2.512382,
        3.298223,
        1.642844,
        0.0,
        3.000432,
        5.079827,
        2.694021,
        2.742192,
        2.917012,
        2.824387,
        2.2631460000000003,
        1.8337629999999998,
        3.137753,
        2.577672
    ],
    [
        0.9513680000000001,
        0.8497290000000001,
        1.795642,
        2.2370970000000003,
        0.663792,
        0.5752619999999999,
        0.235877,
        1.84707,
        2.0710450000000002,
        0.15132400000000001,
        1.0350679999999999,
        2.3389879999999996,
        2.515609,
        2.113223,
        0.329569,
        0.645244,
        1.48834,
        1.2874539999999999,
        0.391594,
        2.012512,
        0.299347,
        2.113031,
        0.616523,
        1.352095,
        0.76216,
        0.413434,
        2.0371859999999997,
        3.000432,
        0.0,
        2.446802,
        0.327152,
        0.304664,
        0.6259880000000001,
        0.428701,
        0.799659,
        1.8996549999999999,
        0.21224500000000002,
        0.7922319999999999
    ],
    [
        1.947786,
        2.63856,
        0.634775,
        1.5848550000000001,
        2.4526239999999997,
        2.2975700000000003,
        2.312413,
        3.5232379999999996,
        3.7472130000000003,
        2.23533,
        1.859987,
        0.41673899999999997,
        0.223942,
        3.549331,
        2.333594,
        2.615377,
        2.632359,
        2.9091129999999996,
        1.931521,
        3.555053,
        2.14741,
        2.6869340000000004,
        1.863277,
        3.723974,
        2.5509920000000004,
        1.9749839999999999,
        3.713354,
        5.079827,
        2.446802,
        0.0,
        2.555924,
        2.30869,
        2.85476,
        2.432726,
        2.766788,
        3.577039,
        2.166852,
        2.581063
    ],
    [
        1.074162,
        1.135327,
        2.164482,
        2.125241,
        0.9909439999999999,
        0.893857,
        0.408994,
        2.174221,
        2.398197,
        0.47847500000000004,
        0.990462,
        2.543315,
        2.779866,
        2.440374,
        0.656721,
        0.7001269999999999,
        1.256396,
        1.614606,
        0.643822,
        2.3396640000000004,
        0.5515760000000001,
        1.97478,
        0.8687509999999999,
        1.045684,
        1.0893119999999998,
        0.6656620000000001,
        2.364337,
        2.694021,
        0.327152,
        2.555924,
        0.0,
        0.631816,
        0.30585,
        0.755852,
        0.49324799999999996,
        2.226807,
        0.464473,
        1.119383
    ],
    [
        1.245037,
        0.771765,
        1.812665,
        2.5307649999999997,
        0.5858289999999999,
        0.49153600000000003,
        0.492896,
        1.769106,
        1.9930809999999999,
        0.15334,
        1.328737,
        2.5758780000000003,
        2.532631,
        2.035259,
        0.024905,
        0.349863,
        1.7930039999999998,
        1.20949,
        0.50878,
        1.934549,
        0.540517,
        2.406699,
        0.856823,
        1.093855,
        0.684196,
        0.5273049999999999,
        1.959222,
        2.742192,
        0.304664,
        2.30869,
        0.631816,
        0.0,
        0.930652,
        0.12403700000000001,
        0.528818,
        1.821691,
        0.5346000000000001,
        0.714268
    ],
    [
        1.331063,
        1.382941,
        2.421384,
        2.382143,
        1.28978,
        1.192693,
        0.7078300000000001,
        2.473058,
        2.697032,
        0.7773110000000001,
        1.247363,
        2.800217,
        3.0787020000000003,
        2.7392109999999996,
        0.955557,
        0.947741,
        1.5132970000000001,
        1.913442,
        0.942658,
        2.6385,
        0.8504120000000001,
        2.231681,
        1.167588,
        1.268676,
        1.388148,
        0.9644980000000001,
        2.663174,
        2.917012,
        0.6259880000000001,
        2.85476,
        0.30585,
        0.930652,
        0.0,
        1.054688,
        0.740862,
        2.525643,
        0.763309,
        1.4182190000000001
    ],
    [
        1.3690740000000001,
        0.867259,
        1.936701,
        2.654802,
        0.709865,
        0.615572,
        0.616932,
        1.893143,
        2.117118,
        0.277377,
        1.4527739999999998,
        2.699915,
        2.6566680000000003,
        2.159296,
        0.116575,
        0.432059,
        1.917041,
        1.3335270000000001,
        0.632816,
        2.058585,
        0.664554,
        2.530736,
        0.9808600000000001,
        1.176051,
        0.808233,
        0.651342,
        2.083259,
        2.824387,
        0.428701,
        2.432726,
        0.755852,
        0.12403700000000001,
        1.054688,
        0.0,
        0.531738,
        1.9457280000000001,
        0.658636,
        0.8383039999999999
    ],
    [
        1.534,
        0.642079,
        2.270763,
        2.5850790000000003,
        0.635758,
        0.686824,
        0.881502,
        1.743768,
        1.967743,
        0.632575,
        1.4503,
        3.0031529999999997,
        2.99073,
        2.009921,
        0.532766,
        0.20687899999999998,
        1.716233,
        1.184152,
        0.966878,
        1.909211,
        1.024083,
        2.4346170000000003,
        1.341259,
        0.6148089999999999,
        0.6670320000000001,
        0.985404,
        1.933884,
        2.2631460000000003,
        0.799659,
        2.766788,
        0.49324799999999996,
        0.528818,
        0.740862,
        0.531738,
        0.0,
        1.796353,
        0.93698,
        0.733657
    ],
    [
        2.667244,
        1.1542750000000002,
        3.081014,
        3.8610450000000003,
        1.2358630000000002,
        1.390917,
        2.00556,
        0.148733,
        0.245075,
        1.7483309999999999,
        2.750944,
        3.861296,
        3.800981,
        0.213568,
        1.846596,
        1.589475,
        3.283744,
        0.773003,
        1.888577,
        0.112857,
        2.0531819999999996,
        3.828906,
        2.27903,
        1.7323579999999998,
        1.174049,
        1.9495129999999998,
        0.21121600000000001,
        1.8337629999999998,
        1.8996549999999999,
        3.577039,
        2.226807,
        1.821691,
        2.525643,
        1.9457280000000001,
        1.796353,
        0.0,
        1.966079,
        1.107423
    ],
    [
        0.739124,
        0.916153,
        1.670828,
        2.024852,
        0.730217,
        0.5751620000000001,
        0.077856,
        1.9134939999999998,
        2.137469,
        0.363568,
        0.822824,
        2.126744,
        2.390794,
        2.179647,
        0.559505,
        0.841288,
        1.3280139999999998,
        1.353878,
        0.268841,
        2.078936,
        0.087103,
        1.900786,
        0.404278,
        1.489417,
        0.828584,
        0.201189,
        2.10361,
        3.137753,
        0.21224500000000002,
        2.166852,
        0.464473,
        0.5346000000000001,
        0.763309,
        0.658636,
        0.93698,
        1.966079,
        0.0,
        0.858656
    ],
    [
        1.559821,
        0.17231,
        2.085039,
        2.845549,
        0.128439,
        0.283493,
        0.898137,
        1.054838,
        1.2788130000000002,
        0.640908,
        1.643521,
        2.890662,
        2.805005,
        1.320991,
        0.739173,
        0.526779,
        2.1763209999999997,
        0.495223,
        0.781154,
        1.220281,
        0.945759,
        2.721483,
        1.171607,
        0.939288,
        0.066626,
        0.8420890000000001,
        1.244954,
        2.577672,
        0.7922319999999999,
        2.581063,
        1.119383,
        0.714268,
        1.4182190000000001,
        0.8383039999999999,
        0.733657,
        1.107423,
        0.858656,
        0.0
    ]
]