[
    [
        0.0,
        0.27876999999999996,
        0.125574,
        0.313558,
        4.398828000000001,
        0.636088,
        0.291606,
        0.026406,
        0.406404,
        4.408605,
        4.560861,
        1.263334
    ],
    [
        0.27876999999999996,
        0.0,
        0.404344,
        0.366762,
        4.677597,
        0.869794,
        0.338413,
        0.252364,
        0.465481,
        4.158307,
        4.8396300000000005,
        1.5421040000000001
    ],
    [
        0.125574,
        0.404344,
        0.0,
        0.422719,
        4.43615,
        0.630676,
        0.415158,
        0.15197999999999998,
        0.513983,
        4.53418,
        4.598183,
        1.300657
    ],
    [
        0.313558,
        0.366762,
        0.422719,
        0.0,
        4.712386,
        0.933041,
        0.028349,
        0.28715199999999996,
        0.456579,
        4.175765,
        4.874419,
        1.576893
    ],
    [
        4.398828000000001,
        4.677597,
        4.43615,
        4.712386,
        0.0,
        4.948765000000001,
        4.690434,
        4.425233,
        4.806042000000001,
        3.656222,
        0.473925,
        3.135493
    ],
    [
        0.636088,
        0.869794,
        0.630676,
        0.933041,
        4.948765000000001,
        0.0,
        0.930451,
        0.6652509999999999,
        0.503502,
        5.0474499999999995,
        5.110799,
        1.813272
    ],
    [
        0.291606,
        0.338413,
        0.415158,
        0.028349,
        4.690434,
        0.930451,
        0.0,
        0.2652,
        0.449018,
        4.141403,
        4.852467,
        1.55494
    ],
    [
        0.026406,
        0.252364,
        0.15197999999999998,
        0.28715199999999996,
        4.425233,
        0.6652509999999999,
        0.2652,
        0.0,
        0.379998,
        4.3822,
        4.587267,
        1.28974
    ],
    [
        0.406404,
        0.465481,
        0.513983,
        0.456579,
        4.806042000000001,
        0.503502,
        0.449018,
        0.379998,
        0.0,
        4.592048,
        4.968075,
        1.670549
    ],
    [
        4.408605,
        4.158307,
        4.53418,
        4.175765,
        3.656222,
        5.0474499999999995,
        4.141403,
        4.3822,
        4.592048,
        0.0,
        3.1759589999999998,
        3.5513939999999997
    ],
    [
        4.560861,
        4.8396300000000005,
        4.598183,
        4.874419,
        0.473925,
        5.110799,
        4.852467,
        4.587267,
        4.968075,
        3.1759589999999998,
        0.0,
        3.297526
    ],
    [
        1.263334,
        1.5421040000000001,
        1.300657,
        1.576893,
        3.135493,
        1.813272,
        1.55494,
        1.28974,
        1.670549,
        3.5513939999999997,
        3.297526,
        0.0
    ]
]