[
  [
    0.0, 1.051402, 0.817375, 1.542262, 0.671014, 0.7901849999999999,
    1.1360530000000002, 0.56711, 0.561484, 0.586217, 0.803745, 0.61701,
    1.008172, 0.820882, 0.743818, 0.7131280000000001, 0.891914, 1.041409,
    0.949005, 1.029023, 0.796548, 1.316036, 1.0047000000000001,
    0.6762229999999999, 0.428033, 0.933908, 0.404331, 0.9203669999999999,
    1.588903, 1.532329, 0.529785, 1.384194, 0.939064, 0.451536, 0.942525,
    1.637256, 0.29880900000000005, 0.736486, 0.517338, 1.59252, 0.276401,
    1.844836, 0.408197, 0.7407870000000001, 2.4595380000000002,
    1.0535409999999998, 1.64538, 2.148199, 1.571957, 0.457769, 0.987362,
    0.913173, 1.576301, 0.9144869999999999, 2.350894, 1.5709559999999998,
    1.6249310000000001, 0.948134, 1.246718, 1.065442, 1.0372999999999999,
    1.52708, 0.268267, 1.28996, 1.807133, 1.064234, 2.199637, 1.19246, 0.505844,
    1.2656020000000001, 0.6348239999999999, 1.097118, 1.1678119999999999,
    0.6137699999999999, 1.416703, 1.014287, 0.369525, 1.379807, 0.613417,
    0.574744, 1.601065, 1.3071030000000001, 0.845149, 0.995062, 0.369742,
    1.194361, 2.137368, 1.283558, 1.257075, 1.4617339999999999,
    1.0301790000000002, 1.093936, 1.952975, 0.601735, 0.188541,
    1.7335509999999998, 1.3719919999999999, 0.653543, 0.6479349999999999,
    0.793332, 0.508028, 1.221903, 0.999345, 0.859428, 0.8354210000000001,
    1.096396, 0.930845, 1.5754290000000002, 1.562143, 0.870254, 0.657239,
    0.628164, 1.083089, 1.1018219999999999, 1.237348, 1.713866, 1.292948,
    0.9883289999999999, 1.203603, 1.545192
  ],
  [
    1.051402, 0.0, 1.38413, 1.768711, 1.298656, 0.289737, 0.08465099999999999,
    0.592448, 1.5382390000000001, 1.253419, 0.276177, 0.434392,
    1.4467780000000001, 1.4929839999999999, 0.372899, 0.5088929999999999,
    0.7642140000000001, 0.142309, 1.578865, 0.26459699999999997, 0.442972,
    0.26463400000000004, 0.197529, 0.580549, 0.922983, 1.502635, 0.757086,
    0.5698099999999999, 1.152774, 1.2559559999999999, 1.025674, 0.967266,
    1.643475, 1.078953, 0.71981, 1.084806, 1.042983, 0.333445, 1.554834,
    2.2980639999999997, 0.8000900000000001, 1.575014, 0.795994,
    0.31061500000000003, 2.1897159999999998, 0.515942, 0.624407,
    1.0603030000000002, 1.141515, 1.264311, 0.308227, 0.42621699999999996,
    1.2999280000000002, 0.563626, 2.0810720000000003, 2.138912, 2.635333,
    0.415024, 0.699356, 1.9793640000000001, 0.989253, 0.475678,
    1.3021040000000002, 0.731836, 1.530759, 0.864936, 3.1499650000000003,
    0.992804, 0.585185, 0.7280030000000001, 1.131136, 1.1465560000000001,
    0.9681559999999999, 0.515397, 1.098953, 0.46692500000000003, 0.859467,
    0.732391, 1.4203800000000002, 1.1086880000000001, 1.331243, 1.841046,
    0.423195, 1.765886, 0.9498139999999999, 0.70624, 3.087695, 0.232156,
    1.791018, 0.862486, 0.739464, 1.0458900000000002, 1.272742, 0.605914,
    0.8554360000000001, 1.625454, 0.9461799999999999, 1.187486, 1.144247,
    1.289644, 0.796995, 1.5113409999999998, 0.8000470000000001, 0.528554,
    0.37394299999999997, 0.897098, 0.640969, 1.467332, 1.621676,
    1.8806559999999999, 1.737123, 1.646953, 0.46101400000000003,
    0.47974700000000003, 1.189301, 1.437493, 1.3423900000000002,
    0.6374690000000001, 0.586543, 0.9813590000000001
  ],
  [
    0.817375, 1.38413, 0.0, 2.186183, 0.146301, 1.1673959999999999, 1.510934,
    0.812367, 0.5248590000000001, 0.230673, 1.164954, 0.964817, 0.193269,
    1.541959, 1.034202, 1.0609359999999999, 1.229573, 1.3892159999999998,
    0.19353499999999998, 1.375378, 1.034702, 1.690917, 1.352508, 0.91274,
    0.5320349999999999, 0.116533, 0.683486, 1.158521, 1.692904, 0.971647,
    0.40915300000000004, 1.797262, 0.25814499999999996, 0.366123, 0.823207,
    1.995252, 0.518567, 1.073656, 0.7392430000000001, 1.011112,
    0.7026720000000001, 1.720528, 0.599346, 1.088594, 1.866082, 1.399895,
    1.9917349999999998, 2.386354, 1.675958, 0.360404, 1.333717, 1.151327,
    1.0156180000000001, 1.2608409999999999, 1.757438, 0.7535810000000001,
    1.4793720000000001, 1.186288, 1.484872, 0.594033, 1.395296, 1.638491,
    0.792894, 1.528114, 1.423788, 0.677658, 1.764635, 1.549213, 0.839019,
    1.611957, 0.26100599999999996, 1.5620589999999999, 1.524565, 0.961577,
    1.783453, 1.2524410000000001, 0.573525, 1.617961, 0.267425, 0.274667,
    1.3140180000000001, 0.485042, 1.0833030000000001, 0.380556, 0.434924,
    1.552357, 1.702365, 1.658439, 0.435014, 1.808088, 1.388175, 1.451932,
    2.29933, 0.778876, 0.711508, 1.0688199999999999, 1.600916, 0.195637,
    0.247895, 0.24924100000000002, 0.62842, 0.407, 0.718168, 1.120284, 1.073575,
    0.975764, 1.101414, 0.910698, 0.887729, 1.1658309999999998, 1.170713,
    1.239731, 1.321243, 1.339976, 1.595344, 1.182066, 1.9032170000000002,
    1.334684, 1.5499580000000002, 1.774117
  ],
  [
    1.542262, 1.768711, 2.186183, 0.0, 2.088567, 1.682892, 1.858223, 1.70351,
    1.983643, 2.04333, 1.68045, 1.48809, 2.310082, 1.04054, 1.632126, 1.584209,
    1.2858720000000001, 1.717482, 2.368777, 1.600508, 1.822433, 1.860627,
    1.662262, 1.812624, 1.7696120000000002, 2.2925459999999998,
    1.5498610000000002, 1.9770340000000002, 2.660053, 2.6631810000000002,
    1.8343019999999999, 0.96038, 2.433387, 1.868865, 2.197662, 1.335057,
    1.832894, 1.624794, 1.843644, 3.004558, 1.582714, 2.982239, 1.578619,
    1.479068, 3.59694, 1.516908, 1.989233, 2.537728, 2.648793, 2.054222,
    1.551563, 1.833441, 2.7071520000000002, 1.398989, 3.4882959999999996,
    2.928823, 2.706712, 1.822248, 2.10658, 2.4774789999999998,
    1.1653879999999999, 2.24925, 1.770225, 2.1390610000000003,
    2.9379839999999997, 2.342788, 3.370479, 1.110437, 1.410607, 1.388166,
    1.939562, 0.789191, 1.059049, 1.48485, 1.344677, 1.8741489999999998,
    1.642091, 2.2396689999999997, 2.210292, 1.898599, 2.738467, 2.630958,
    1.828782, 2.555797, 1.739726, 1.2150779999999999, 3.30821, 1.893105,
    2.5809290000000003, 1.5333489999999999, 1.363739, 1.2220239999999998,
    1.7264220000000001, 1.853712, 1.55253, 3.038657, 2.3534050000000004,
    1.977398, 1.952674, 2.098071, 1.849607, 2.523812, 2.277898, 1.797394,
    1.758296, 2.374949, 2.048194, 2.880535, 2.8672489999999997, 2.041096,
    1.8110119999999998, 1.741991, 1.942951, 1.961684, 1.1654090000000001,
    2.844718, 0.905741, 1.416211, 1.618148, 2.488637
  ],
  [
    0.671014, 1.298656, 0.146301, 2.088567, 0.0, 1.081922, 1.42546, 0.726893,
    0.378558, 0.14519900000000002, 1.07948, 0.879343, 0.33957,
    1.4564849999999998, 0.948727, 0.9754619999999999, 1.144099, 1.303742,
    0.339836, 1.289904, 0.949228, 1.605443, 1.2670340000000002, 0.827266,
    0.445183, 0.262834, 0.598012, 1.073047, 1.6060530000000002,
    1.1179480000000002, 0.322301, 1.711788, 0.404446, 0.280649, 0.736355,
    1.909778, 0.433092, 0.988182, 0.592942, 1.157414, 0.617198, 1.715558,
    0.513872, 1.00312, 2.0123830000000003, 1.314421, 1.906261, 2.300879,
    1.589106, 0.21410300000000002, 1.2482419999999999, 1.0658530000000002,
    1.1619190000000001, 1.175367, 1.903739, 0.899882, 1.580231,
    1.1008140000000002, 1.399398, 0.722607, 1.3098219999999998, 1.553017,
    0.642169, 1.4426400000000001, 1.586421, 0.592191, 1.893208,
    1.4637390000000001, 0.7535449999999999, 1.526483, 0.175538,
    1.4765840000000001, 1.439091, 0.876103, 1.6979790000000001, 1.166967,
    0.488051, 1.5324870000000002, 0.121124, 0.189199, 1.377108, 0.631343,
    0.997829, 0.509129, 0.348072, 1.466883, 1.8309380000000002, 1.572965,
    0.581315, 1.722614, 1.302701, 1.3664580000000002, 2.2138560000000003,
    0.692025, 0.626034, 1.2151210000000001, 1.514065, 0.110169, 0.162427,
    0.259478, 0.541569, 0.553301, 0.6327, 1.03481, 0.988101, 0.888912,
    1.0145629999999999, 1.056999, 1.034031, 1.01953, 1.024411,
    1.0934300000000001, 1.235769, 1.254502, 1.5098699999999998,
    1.3283669999999999, 1.8177429999999999, 1.24921, 1.464484, 1.687265
  ],
  [
    0.7901849999999999, 0.289737, 1.1673959999999999, 1.682892, 1.081922, 0.0,
    0.374388, 0.328752, 1.274543, 0.989722, 0.013560000000000001, 0.222885,
    1.256473, 1.281476, 0.09952599999999999, 0.297385, 0.605238, 0.407014,
    1.315169, 0.490122, 0.23439400000000002, 0.55437, 0.467737, 0.316853,
    0.694668, 1.238938, 0.49339, 0.38357600000000003, 1.066595, 1.069723,
    0.7619779999999999, 1.176164, 1.379779, 0.815256, 0.533577,
    1.2781099999999999, 0.7792859999999999, 0.060071, 1.291137, 2.132746,
    0.541786, 1.388781, 0.588029, 0.197761, 2.003483, 0.72484, 0.914143,
    1.35004, 1.0553350000000001, 1.0006140000000001, 0.539067, 0.239983,
    1.113694, 0.5953010000000001, 1.894838, 1.8752149999999999, 2.371636,
    0.22879, 0.513122, 1.7156669999999998, 0.777745, 0.765414,
    1.0384069999999999, 0.545603, 1.344526, 0.678702, 2.886268,
    0.9248780000000001, 0.308618, 0.936902, 0.8674400000000001, 0.935048,
    0.90023, 0.193643, 1.159119, 0.28069099999999997, 0.6515019999999999,
    0.646211, 1.156684, 0.8449909999999999, 1.145009, 1.577349, 0.236961,
    1.502189, 0.686118, 0.915138, 2.8239989999999997, 0.521892, 1.527321,
    1.152223, 0.762597, 0.834382, 1.562479, 0.342217, 0.597132, 1.43922,
    0.759947, 0.92379, 0.8805510000000001, 1.025948, 0.492674, 1.325108,
    0.6138129999999999, 0.264857, 0.165365, 0.710864, 0.454736,
    1.2810979999999998, 1.435442, 1.616959, 1.450635, 1.3886489999999998,
    0.274781, 0.29351299999999997, 0.977793, 1.25126, 1.274238, 0.669144,
    0.876279, 0.895179
  ],
  [
    1.1360530000000002, 0.08465099999999999, 1.510934, 1.858223, 1.42546,
    0.374388, 0.0, 0.677099, 1.6228900000000002, 1.338069, 0.360827, 0.519043,
    1.5314290000000002, 1.577635, 0.45755, 0.593544, 0.8209690000000001,
    0.14573, 1.663516, 0.268018, 0.5276230000000001, 0.268055, 0.20095, 0.6652,
    1.007633, 1.587285, 0.841737, 0.65446, 1.068124, 1.3406069999999999,
    1.110325, 0.970687, 1.728126, 1.163604, 0.804461, 1.088227, 1.127634,
    0.41809500000000005, 1.6394849999999999, 2.382715, 0.884741, 1.504564,
    0.880645, 0.395266, 2.119266, 0.519363, 0.6278279999999999, 0.975653,
    1.056864, 1.348962, 0.311649, 0.510868, 1.3845779999999999, 0.620381,
    2.010621, 2.223562, 2.7199839999999997, 0.49967399999999995, 0.592009,
    2.0640140000000002, 1.073904, 0.391027, 1.3867539999999998,
    0.6174890000000001, 1.523064, 0.949587, 3.234615, 1.040846, 0.669836,
    0.731424, 1.215787, 1.2312070000000002, 1.0249110000000001, 0.600047,
    1.102374, 0.5515760000000001, 0.944117, 0.64774, 1.505031, 1.193338,
    1.342757, 1.925697, 0.507846, 1.850537, 1.034465, 0.709661, 3.172346,
    0.235577, 1.875669, 0.8659070000000001, 0.763398, 1.1305399999999999,
    1.276163, 0.6905650000000001, 0.940087, 1.710104, 0.8318329999999999,
    1.2721369999999999, 1.2288979999999998, 1.374295, 0.8816459999999999,
    1.5959919999999999, 0.884698, 0.613204, 0.458594, 0.981749, 0.72562,
    1.551982, 1.706327, 1.965307, 1.8217739999999998, 1.7316040000000001,
    0.545665, 0.5643980000000001, 1.273952, 1.357776, 1.3458109999999999,
    0.6942229999999999, 0.589964, 0.896708
  ],
  [
    0.56711, 0.592448, 0.812367, 1.70351, 0.726893, 0.328752, 0.677099, 0.0,
    0.969832, 0.6850109999999999, 0.361327, 0.37676, 0.951763,
    1.1423130000000001, 0.230574, 0.472879, 0.754163, 0.744043, 1.010458,
    0.74225, 0.31735800000000003, 0.891399, 0.719865, 0.109113, 0.389957,
    0.934227, 0.164638, 0.468833, 1.14053, 1.083956, 0.457267, 1.321852,
    1.075068, 0.5105459999999999, 0.494151, 1.46668, 0.474576, 0.270029,
    0.986427, 1.828036, 0.327661, 1.396463, 0.259278, 0.455951, 2.011165,
    0.9134099999999999, 1.251172, 1.676588, 1.123583, 0.695904, 0.847231,
    0.461638, 1.127927, 0.774356, 1.90252, 1.570504, 2.066926,
    0.49660000000000004, 0.775107, 1.410957, 0.919886, 0.928726, 0.733696,
    0.8075869999999999, 1.358759, 0.6392770000000001, 2.581558, 1.073803,
    0.34552999999999995, 1.125471, 0.562729, 1.086649, 1.049155,
    0.29575599999999996, 1.3080440000000002, 0.542676, 0.32275, 0.908196,
    0.851973, 0.54028, 1.1526910000000001, 1.2726389999999999,
    0.39361399999999996, 1.197479, 0.381407, 1.0769469999999999, 2.519288,
    0.858921, 1.2226110000000001, 1.321603, 0.9127649999999999, 0.976523,
    1.8128440000000001, 0.150201, 0.37405700000000003, 1.3997950000000001,
    0.920458, 0.6190789999999999, 0.57584, 0.721237, 0.300657, 1.165493,
    0.574388, 0.29231799999999997, 0.383887, 0.671439, 0.479311, 1.241673,
    1.396017, 1.312249, 1.145924, 1.106272, 0.611478, 0.630211, 1.119934,
    1.265493, 1.427807, 0.848198, 1.063472, 1.0936579999999998
  ],
  [
    0.561484, 1.5382390000000001, 0.5248590000000001, 1.983643, 0.378558,
    1.274543, 1.6228900000000002, 0.969832, 0.0, 0.293828, 1.319064,
    1.1189259999999999, 0.713152, 1.275502, 1.188311, 1.2150450000000002,
    1.383682, 1.543325, 0.6562, 1.529487, 1.188812, 1.845026,
    1.5066169999999999, 1.0668499999999999, 0.687298, 0.641393, 0.837596,
    1.3126300000000002, 1.8481679999999998, 1.315222, 0.570521, 1.838815,
    0.646259, 0.459286, 0.9845750000000001, 2.149361, 0.484516, 1.227765,
    0.21102500000000002, 1.110228, 0.8567809999999999, 2.104101, 0.753455,
    1.242704, 2.209657, 1.554005, 2.145844, 2.5404630000000004, 1.831221,
    0.29735199999999995, 1.487826, 1.3054359999999998, 1.3591929999999999,
    1.414951, 2.101013, 1.141289, 1.2259449999999998, 1.340398, 1.638982,
    0.58315, 1.549405, 1.792601, 0.41444400000000003, 1.682223, 1.83464,
    0.840776, 1.752833, 1.7033219999999998, 0.993129, 1.7660660000000001,
    0.42412299999999997, 1.551739, 1.678674, 1.115686, 1.9375630000000001,
    1.4065509999999999, 0.727635, 1.77207, 0.320524, 0.437784,
    1.6253279999999999, 1.012083, 1.237412, 0.702256, 0.594215,
    1.7064659999999998, 1.690563, 1.812548, 0.962055, 1.962198,
    1.5422840000000002, 1.606042, 2.453439, 0.932505, 0.722346,
    1.4481199999999999, 1.75618, 0.358754, 0.411012, 0.508063, 0.786442,
    0.926883, 0.881285, 1.274393, 1.227684, 1.137132, 1.2566780000000002,
    1.289998, 1.276712, 0.6376130000000001, 0.6424589999999999, 0.711477,
    1.4753530000000001, 1.494085, 1.749453, 1.52564, 1.747568,
    1.4887929999999998, 1.704067, 1.92938
  ],
  [
    0.586217, 1.253419, 0.230673, 2.04333, 0.14519900000000002, 0.989722,
    1.338069, 0.6850109999999999, 0.293828, 0.0, 1.034243, 0.834106,
    0.41932400000000003, 1.411248, 0.90349, 0.930225, 1.098862,
    1.2585050000000002, 0.42420800000000003, 1.244667, 0.903991, 1.560206,
    1.221797, 0.782029, 0.39994, 0.347206, 0.55502, 1.02781, 1.560809, 1.021393,
    0.27705799999999997, 1.666551, 0.488818, 0.235412, 0.691112, 1.864541,
    0.345609, 0.942945, 0.520738, 1.241786, 0.571961, 1.670314,
    0.46863499999999997, 0.957883, 1.915829, 1.2691839999999999,
    1.8610239999999998, 2.255642, 1.543863, 0.12859800000000002, 1.203005,
    1.020616, 1.0653650000000001, 1.13013, 1.807184, 0.9842540000000001,
    1.508027, 1.055577, 1.354161, 0.7671169999999999, 1.264585, 1.50778,
    0.5566639999999999, 1.397403, 1.5411769999999998, 0.546947, 1.937719,
    1.418502, 0.710553, 1.481246, 0.130295, 1.431348, 1.3938540000000001,
    0.830866, 1.652742, 1.1217300000000001, 0.44281400000000004, 1.48725,
    0.165071, 0.143956, 1.331865, 0.718255, 0.952592, 0.55364, 0.302829,
    1.421646, 1.8754490000000001, 1.527728, 0.668226, 1.677377, 1.257464,
    1.321221, 2.168619, 0.6467809999999999, 0.580797, 1.1542919999999999,
    1.468821, 0.064926, 0.11718300000000001, 0.214234, 0.496325,
    0.6330549999999999, 0.587457, 0.9895729999999999, 0.942864, 0.843669,
    0.9693189999999999, 0.99617, 0.9828830000000001, 0.947326, 0.952207,
    1.021226, 1.190532, 1.209265, 1.464633, 1.231812, 1.7725060000000001,
    1.203973, 1.4192470000000001, 1.6420219999999999
  ],
  [
    0.803745, 0.276177, 1.164954, 1.68045, 1.07948, 0.013560000000000001,
    0.360827, 0.361327, 1.319064, 1.034243, 0.0, 0.236445, 1.254031, 1.295036,
    0.097084, 0.31094499999999997, 0.618798, 0.393454, 1.3127270000000002,
    0.48768, 0.231952, 0.5408099999999999, 0.465295, 0.314411, 0.692226,
    1.236496, 0.490948, 0.370016, 1.0530350000000002, 1.056163, 0.759536,
    1.173722, 1.377337, 0.8128150000000001, 0.5200170000000001,
    1.2756690000000002, 0.7768440000000001, 0.057629, 1.288695, 2.130304,
    0.555346, 1.375221, 0.585587, 0.211321, 1.989923, 0.722398, 0.900583,
    1.3364800000000001, 1.0417750000000001, 0.9981720000000001, 0.536625,
    0.226423, 1.100134, 0.598921, 1.881278, 1.872773, 2.369194,
    0.21522999999999998, 0.499562, 1.713225, 0.7913049999999999, 0.751854,
    1.035965, 0.532043, 1.3309659999999999, 0.665142, 2.883826,
    0.9384389999999999, 0.322178, 0.9344600000000001, 0.8649969999999999,
    0.9486079999999999, 0.91379, 0.207203, 1.172679, 0.26713099999999995,
    0.64906, 0.632651, 1.154242, 0.842549, 1.1314490000000001, 1.574908,
    0.22340100000000002, 1.4997470000000002, 0.6836760000000001,
    0.9126960000000001, 2.821557, 0.508332, 1.5248789999999999, 1.138662,
    0.776157, 0.847942, 1.5489190000000002, 0.339775, 0.610692,
    1.4256600000000001, 0.7463869999999999, 0.921348, 0.878109, 1.023506,
    0.490232, 1.311548, 0.600253, 0.262415, 0.162923, 0.6973039999999999,
    0.441176, 1.267538, 1.421882, 1.614517, 1.448193, 1.408541, 0.261221,
    0.27995299999999995, 0.9913529999999999, 1.2377, 1.287798, 0.672764,
    0.862719, 0.881619
  ],
  [
    0.61701, 0.434392, 0.964817, 1.48809, 0.879343, 0.222885, 0.519043, 0.37676,
    1.1189259999999999, 0.834106, 0.236445, 0.0, 1.093065, 1.0802100000000001,
    0.22828, 0.096119, 0.403972, 0.424399, 1.15176, 0.410077, 0.418587,
    0.6990259999999999, 0.38769099999999995, 0.376216, 0.5525950000000001,
    1.075529, 0.319573, 0.573188, 1.256207, 1.259335, 0.617285, 0.970418,
    1.21637, 0.651848, 0.723189, 1.1127909999999999, 0.615878, 0.220948,
    1.127729, 1.969338, 0.36569799999999997, 1.578393, 0.361602, 0.123778,
    2.193095, 0.55952, 0.996424, 1.4946959999999998, 1.2449469999999998,
    0.8372050000000001, 0.459021, 0.429595, 1.303306, 0.420467, 2.08445,
    1.712578, 2.2478580000000004, 0.418402, 0.7027340000000001,
    1.5522580000000001, 0.5764790000000001, 0.91007, 0.873984,
    0.7352150000000001, 1.534138, 0.8683139999999999, 2.7228600000000003,
    0.7236119999999999, 0.150793, 0.771582, 0.722546, 0.733782, 0.698964,
    0.081004, 0.957853, 0.47030299999999997, 0.425074, 0.835823, 0.993275,
    0.681582, 1.334621, 1.4139410000000001, 0.424936, 1.3395519999999999,
    0.522709, 0.7255130000000001, 2.66059, 0.666548, 1.363913,
    0.9677129999999999, 0.561331, 0.633115, 1.458955, 0.41730399999999995,
    0.421043, 1.628832, 0.9495589999999999, 0.760381, 0.735657, 0.881054,
    0.63259, 1.3067950000000002, 0.803425, 0.393548, 0.35445, 0.900476,
    0.6443479999999999, 1.47071, 1.650232, 1.493181, 1.302731, 1.212561,
    0.5391050000000001, 0.557838, 0.7765270000000001, 1.4408720000000002,
    1.072972, 0.494309, 0.709583, 1.0847909999999998
  ],
  [
    1.008172, 1.4467780000000001, 0.193269, 2.310082, 0.33957, 1.256473,
    1.5314290000000002, 0.951763, 0.713152, 0.41932400000000003, 1.254031,
    1.093065, 0.0, 1.673606, 1.172157, 1.200787, 1.3830419999999999, 1.529067,
    0.130032, 1.520338, 1.172658, 1.828873, 1.492359, 1.0506959999999999,
    0.666362, 0.076736, 0.821443, 1.105798, 1.423588, 0.778378, 0.54348,
    1.950731, 0.181585, 0.557359, 0.726968, 2.098126, 0.706167,
    1.2116120000000001, 0.9325119999999999, 0.920956, 0.8580249999999999,
    1.527259, 0.754699, 1.228446, 1.672813, 1.544855, 2.136695, 2.302003,
    1.406642, 0.55508, 1.4786769999999998, 1.289283, 0.822349, 1.405802,
    1.5641690000000001, 0.6634249999999999, 1.542375, 1.324245, 1.453111,
    0.5207419999999999, 1.5487650000000002, 1.610297, 0.980494, 1.479666,
    1.230518, 0.6062219999999999, 1.691343, 1.702682, 0.976976,
    1.7569169999999998, 0.387594, 1.715528, 1.678034, 1.101428, 1.936923,
    1.3903969999999999, 0.728878, 1.5126030000000001, 0.41183800000000004,
    0.44058600000000003, 1.120749, 0.371856, 1.221259, 0.30726400000000004,
    0.599459, 1.705826, 1.629073, 1.796395, 0.32182799999999995, 1.953049,
    1.541644, 1.605402, 2.44429, 0.9132039999999999, 0.8991079999999999,
    0.8755510000000001, 1.45511, 0.361476, 0.37448200000000004, 0.229086,
    0.7627480000000001, 0.213731, 0.646731, 1.25824, 1.211531,
    0.8725320000000001, 1.0346389999999999, 0.717429, 0.6944600000000001,
    1.3591, 1.363982, 1.433, 1.4591990000000001, 1.477932, 1.7488130000000002,
    0.988797, 2.0566869999999997, 1.479644, 1.694918, 1.624155
  ],
  [
    0.820882, 1.4929839999999999, 1.541959, 1.04054, 1.4564849999999998,
    1.281476, 1.577635, 1.1423130000000001, 1.275502, 1.411248, 1.295036,
    1.0802100000000001, 1.673606, 0.0, 1.291258, 1.260569, 1.012762, 1.447682,
    1.712989, 1.330708, 1.4988489999999999, 1.739128, 1.392462, 1.23572,
    1.1331369999999998, 1.636759, 0.963828, 1.6226669999999999, 2.294007,
    2.237433, 1.197827, 0.881774, 1.777599, 1.213077, 1.647629, 1.256451,
    1.11969, 1.283926, 1.121566, 2.282479, 0.840797, 2.54994,
    0.9676939999999999, 1.205959, 3.1646419999999997, 1.344825, 1.828596,
    2.377091, 2.2770610000000002, 1.27865, 1.281764, 1.4925730000000001,
    2.2814050000000003, 1.1258800000000002, 3.055998, 2.2730360000000003,
    2.0736950000000003, 1.4813800000000001, 1.765712, 1.755401, 0.892278,
    1.97614, 1.048146, 1.798192, 2.5122359999999997, 1.7322760000000001,
    2.648401, 0.845231, 1.053285, 1.2798669999999999, 1.302891, 0.594698,
    0.7938440000000001, 1.16121, 1.079471, 1.533281, 0.9447279999999999,
    1.898801, 1.434299, 1.2428109999999999, 2.306168, 1.97517, 1.547449,
    1.815943, 1.083938, 1.0935789999999999, 2.586131, 1.732618,
    1.9251420000000001, 1.4547439999999998, 1.0906289999999998, 0.948914,
    1.80173, 1.304036, 0.830451, 2.402182, 2.074292, 1.32161, 1.316002,
    1.461399, 1.213132, 1.88997, 1.667386, 1.418926, 1.4174280000000001,
    1.7644380000000002, 1.633145, 2.2440610000000003, 2.230774, 1.319018,
    1.134715, 1.044545, 1.6020830000000001, 1.620816, 0.8923, 2.41897, 0.790528,
    1.146411, 1.496648, 2.147769
  ],
  [
    0.743818, 0.372899, 1.034202, 1.632126, 0.948727, 0.09952599999999999,
    0.45755, 0.230574, 1.188311, 0.90349, 0.097084, 0.22828, 1.172157, 1.291258,
    0.0, 0.324399, 0.6322530000000001, 0.49053800000000003, 1.215579, 0.511676,
    0.19030699999999998, 0.637894, 0.489291, 0.217263, 0.595078, 1.139349,
    0.390113, 0.391695, 1.074714, 1.104233, 0.6623880000000001, 1.198698,
    1.280189, 0.715667, 0.514429, 1.315242, 0.679697, 0.039455, 1.191548,
    2.033157, 0.553137, 1.41674, 0.484753, 0.22537700000000002, 2.031442,
    0.761971, 0.9976670000000001, 1.422722, 1.063454, 0.901025, 0.560621,
    0.24810200000000002, 1.148205, 0.622917, 1.922798, 1.775626, 2.272047,
    0.23690899999999998, 0.521241, 1.616078, 0.804759, 0.67486, 0.938817,
    0.553721, 1.3790360000000002, 0.659555, 2.786679, 0.951893, 0.263171,
    0.974033, 0.76785, 0.962063, 0.927245, 0.14727600000000002, 1.186133,
    0.28881, 0.5482250000000001, 0.6543300000000001, 1.057094, 0.745401,
    1.1729690000000002, 1.47776, 0.24344300000000002, 1.4025999999999998,
    0.586528, 0.953794, 2.724409, 0.6054160000000001, 1.427732, 1.170164,
    0.789612, 0.8613959999999999, 1.646002, 0.24262799999999998,
    0.5995320000000001, 1.4200719999999998, 0.7680650000000001, 0.8242,
    0.780961, 0.9263579999999999, 0.393084, 1.2168160000000001, 0.594665,
    0.165268, 0.172956, 0.691716, 0.475069, 1.2619500000000001,
    1.4162940000000002, 1.5173699999999999, 1.351045, 1.311393,
    0.35761200000000004, 0.37634500000000004, 1.004807, 1.28577,
    1.3012519999999999, 0.69676, 0.887833, 0.903298
  ],
  [
    0.7131280000000001, 0.5088929999999999, 1.0609359999999999, 1.584209,
    0.9754619999999999, 0.297385, 0.593544, 0.472879, 1.2150450000000002,
    0.930225, 0.31094499999999997, 0.096119, 1.200787, 1.260569, 0.324399, 0.0,
    0.307853, 0.555858, 1.192506, 0.438884, 0.6282989999999999, 0.845539,
    0.500638, 0.623655, 0.59257, 1.1155039999999998, 0.36089299999999996,
    0.7828999999999999, 1.4659190000000002, 1.469047, 0.657259,
    0.8742989999999999, 1.257116, 0.691822, 0.932901, 1.016672, 0.655852,
    0.43066000000000004, 1.167703, 2.009312, 0.40567200000000003, 1.788105,
    0.401577, 0.286402, 2.4028069999999997, 0.463402, 1.055241, 1.603736,
    1.4546590000000001, 0.87718, 0.397223, 0.639308, 1.513018, 0.324348,
    2.2941619999999996, 1.7525519999999999, 2.287832, 0.6281140000000001,
    0.912447, 1.592233, 0.48036, 1.056583, 0.909532, 0.9449270000000001,
    1.74385, 1.0780260000000002, 2.762834, 0.627494, 0.216474,
    0.6754629999999999, 0.762521, 0.637663, 0.6028450000000001,
    0.29071600000000003, 0.861734, 0.680015, 0.465049, 1.045535, 1.03325,
    0.721557, 1.5443330000000002, 1.453916, 0.634648, 1.379526, 0.562684,
    0.629394, 2.700565, 0.813061, 1.4038869999999999, 0.8715940000000001,
    0.465212, 0.536997, 1.362836, 0.6647430000000001, 0.461018, 1.861615,
    1.159271, 0.800356, 0.775632, 0.9210280000000001, 0.6725650000000001,
    1.34677, 1.013137, 0.60326, 0.564162, 1.1101880000000002,
    0.8540599999999999, 1.703493, 1.690207, 1.533156, 1.342705,
    1.2525350000000002, 0.748818, 0.76755, 0.680408, 1.650584, 0.976853,
    0.39819, 0.613464, 1.294503
  ],
  [
    0.891914, 0.7642140000000001, 1.229573, 1.2858720000000001, 1.144099,
    0.605238, 0.8209690000000001, 0.754163, 1.383682, 1.098862, 0.618798,
    0.403972, 1.3830419999999999, 1.012762, 0.6322530000000001, 0.307853, 0.0,
    0.463161, 1.4202000000000001, 0.346187, 0.821648, 0.755976, 0.407941,
    0.8632759999999999, 0.820265, 1.343199, 0.6005130000000001, 0.973777,
    1.6567960000000002, 1.659924, 0.8849539999999999, 0.644992, 1.48481,
    0.919517, 1.123778, 0.8377899999999999, 0.883547, 0.617478, 1.395398,
    2.237007, 0.633367, 1.978982, 0.6292709999999999, 0.399433, 2.593684,
    0.37070400000000003, 0.962544, 1.511038, 1.645536, 1.104875, 0.304525,
    0.830185, 1.703895, 0.11311700000000001, 2.48504, 1.980247, 2.515527,
    0.818991, 1.103324, 1.8199280000000002, 0.509031, 0.9999170000000001,
    1.141654, 1.135804, 1.934727, 1.268904, 2.990529, 0.40209100000000003,
    0.46126, 0.582766, 0.9902150000000001, 0.666335, 0.377443,
    0.5355019999999999, 0.623408, 0.870893, 0.692743, 1.236412, 1.260944,
    0.949252, 1.735211, 1.6816099999999998, 0.827163, 1.607221, 0.790378,
    0.394894, 2.928259, 0.7234980000000001, 1.631582, 0.7788970000000001,
    0.236482, 0.5656680000000001, 1.270139, 0.9043640000000001, 0.688713,
    2.08931, 1.350148, 1.02805, 1.003326, 1.148723, 0.900259, 1.574465,
    1.204015, 0.790078, 0.752619, 1.301066, 1.044937, 1.9311880000000001,
    1.917901, 1.7608499999999998, 1.5704, 1.48023, 0.8649819999999999, 0.883715,
    0.7090789999999999, 1.841461, 1.005524, 0.18696000000000002,
    0.5207670000000001, 1.4853800000000001
  ],
  [
    1.041409, 0.142309, 1.3892159999999998, 1.717482, 1.303742, 0.407014,
    0.14573, 0.744043, 1.543325, 1.2585050000000002, 0.393454, 0.424399,
    1.529067, 1.447682, 0.49053800000000003, 0.555858, 0.463161, 0.0, 1.566855,
    0.122288, 0.56025, 0.29281599999999997, 0.05522, 0.684838,
    0.9676910000000001, 1.490625, 0.734668, 0.687087, 1.213854,
    1.3732339999999998, 1.03238, 0.8249569999999999, 1.6314659999999999,
    1.066943, 0.8370879999999999, 0.926904, 1.030973, 0.428056, 1.542824,
    2.384433, 0.780793, 1.6502940000000001, 0.776697, 0.29131799999999997,
    2.264996, 0.373633, 0.6525890000000001, 1.121383, 1.202594,
    1.2523009999999999, 0.165919, 0.543495, 1.4172049999999998, 0.474651,
    2.156351, 2.126902, 2.662953, 0.532301, 0.737739, 1.967354, 0.969956,
    0.5367569999999999, 1.28908, 0.7632190000000001, 1.668794, 0.982213,
    3.137955, 0.895116, 0.5658880000000001, 0.5856950000000001,
    1.1376410000000001, 1.12726, 0.879181, 0.49610000000000004, 0.956644,
    0.584202, 0.84017, 0.79347, 1.40837, 1.096678, 1.4884870000000001, 1.829036,
    0.540472, 1.753876, 0.937805, 0.5639310000000001, 3.075685, 0.260338,
    1.7790080000000001, 0.75438, 0.617668, 1.026593, 1.172963, 0.710202,
    0.836139, 1.742731, 0.977563, 1.175477, 1.150753, 1.296149, 0.914273,
    1.6286189999999998, 0.9173239999999999, 0.632842, 0.49122000000000005,
    1.014376, 0.758247, 1.584609, 1.738953, 1.908276, 1.717826, 1.627656,
    0.578292, 0.597024, 1.1700039999999998, 1.554771, 1.200081, 0.548494,
    0.444293, 1.0424380000000002
  ],
  [
    0.949005, 1.578865, 0.19353499999999998, 2.368777, 0.339836, 1.315169,
    1.663516, 1.010458, 0.6562, 0.42420800000000003, 1.3127270000000002,
    1.15176, 0.130032, 1.712989, 1.215579, 1.192506, 1.4202000000000001,
    1.566855, 0.0, 1.578827, 1.231147, 1.887362, 1.550848, 1.1091849999999999,
    0.724851, 0.077002, 0.879931, 1.354966, 1.55362, 0.9084099999999999,
    0.6019690000000001, 1.992791, 0.168903, 0.559658, 0.8569990000000001,
    2.156615, 0.712101, 1.2701010000000001, 0.870768, 0.92187, 0.89743,
    1.6572909999999998, 0.794081, 1.286935, 1.802845, 1.603344,
    2.1951840000000002, 2.582799, 1.536673, 0.500903, 1.537165, 1.347771,
    0.9523809999999999, 1.4642899999999999, 1.6942000000000002, 0.664339,
    1.466376, 1.382733, 1.681317, 0.504791, 1.590054, 1.834936,
    0.9193020000000001, 1.724559, 1.36055, 0.736253, 1.675392, 1.743971,
    1.035464, 1.8154059999999999, 0.446082, 1.756817, 1.7193230000000002,
    1.1599169999999999, 1.978211, 1.448886, 0.768283, 1.642635, 0.350057,
    0.470178, 1.25078, 0.406061, 1.279747, 0.291313, 0.629051, 1.764315,
    1.613123, 1.854884, 0.356033, 2.011537, 1.582933, 1.663891, 2.502779,
    0.971693, 0.905043, 1.005582, 1.585142, 0.39106799999999997, 0.432971,
    0.28757499999999997, 0.821237, 0.343762, 0.776763, 1.316729, 1.27002,
    1.002563, 1.16467, 0.84746, 0.824492, 1.297356, 1.302238, 1.371256,
    1.5176880000000001, 1.536421, 1.790102, 1.118828, 2.097975, 1.538133,
    1.753406, 1.754186
  ],
  [
    1.029023, 0.26459699999999997, 1.375378, 1.600508, 1.289904, 0.490122,
    0.268018, 0.74225, 1.529487, 1.244667, 0.48768, 0.410077, 1.520338,
    1.330708, 0.511676, 0.438884, 0.346187, 0.122288, 1.578827, 0.0, 0.686374,
    0.415104, 0.079831, 0.768833, 1.030615, 1.553549, 0.797592, 0.809376,
    1.3361420000000002, 1.495522, 1.095304, 0.7079829999999999, 1.694389,
    1.129867, 0.959376, 0.8099299999999999, 1.093897, 0.512051, 1.605748,
    2.447357, 0.8437169999999999, 1.772582, 0.839621, 0.354242, 2.387284,
    0.25665899999999997, 0.694313, 1.243671, 1.3248820000000001,
    1.3152249999999999, 0.048945, 0.665783, 1.539494, 0.357677,
    2.2786399999999998, 2.189826, 2.725877, 0.6545890000000001,
    0.8600270000000001, 2.030278, 0.992539, 0.659045, 1.352004,
    0.8855069999999999, 1.791082, 1.1045019999999999, 3.200879, 0.778142,
    0.628812, 0.468721, 1.200565, 1.07636, 0.762207, 0.559023,
    0.8396699999999999, 0.706491, 0.9030940000000001, 0.9157580000000001,
    1.471294, 1.159602, 1.610775, 1.89196, 0.6627609999999999, 1.8168, 1.000729,
    0.446957, 3.1386089999999998, 0.38262599999999997, 1.8419320000000001,
    0.664852, 0.500694, 1.0491759999999999, 1.156094, 0.794198, 0.899063,
    1.865019, 1.099852, 1.238401, 1.213677, 1.3590730000000002, 0.944654,
    1.784815, 1.0396130000000001, 0.716837, 0.617345, 1.136664, 0.880535,
    1.7068979999999998, 1.861242, 1.9712, 1.78075, 1.69058, 0.7005800000000001,
    0.719313, 1.192587, 1.677059, 1.083107, 0.43151999999999996, 0.406722,
    1.1647260000000002
  ],
  [
    0.796548, 0.442972, 1.034702, 1.822433, 0.949228, 0.23439400000000002,
    0.5276230000000001, 0.31735800000000003, 1.188812, 0.903991, 0.231952,
    0.418587, 1.172658, 1.4988489999999999, 0.19030699999999998,
    0.6282989999999999, 0.821648, 0.56025, 1.231147, 0.686374, 0.0, 0.811126,
    0.73523, 0.137577, 0.5153920000000001, 1.059663, 0.31411399999999995,
    0.40942399999999995, 1.081121, 1.024547, 0.582702, 1.375643,
    1.2005029999999999, 0.635981, 0.434743, 1.5180150000000001, 0.600011,
    0.22336099999999998, 1.1118620000000001, 1.953471, 0.47713799999999995,
    1.3370540000000002, 0.408754, 0.409284, 1.951756, 0.964745, 1.170899,
    1.5963150000000002, 1.0641749999999999, 0.821339, 0.8065610000000001,
    0.40223000000000003, 1.068519, 0.8256910000000001, 1.843112, 1.69594,
    2.192361, 0.41050200000000003, 0.694834, 1.536392, 0.981703, 0.848453,
    0.8591319999999999, 0.727314, 1.2993510000000001, 0.5798690000000001,
    2.7069929999999998, 1.128837, 0.420602, 1.176806, 0.688164, 1.139007,
    1.104189, 0.32422, 1.363077, 0.462403, 0.472226, 0.827923, 0.977408,
    0.665716, 1.093283, 1.398074, 0.334206, 1.322914, 0.506842, 1.130738,
    2.644723, 0.778648, 1.348046, 1.408978, 0.9665560000000001,
    1.0383399999999998, 1.819234, 0.162942, 0.523533, 1.340386, 0.861049,
    0.744514, 0.7012759999999999, 0.846672, 0.313398, 1.1371300000000002,
    0.5149790000000001, 0.08558199999999999, 0.324478, 0.612031, 0.419902,
    1.182264, 1.336609, 1.437684, 1.271359, 1.231707, 0.531205, 0.549938,
    1.181751, 1.2060840000000002, 1.4781959999999998, 0.899533, 1.133773,
    1.076891
  ],
  [
    1.316036, 0.26463400000000004, 1.690917, 1.860627, 1.605443, 0.55437,
    0.268055, 0.891399, 1.845026, 1.560206, 0.5408099999999999,
    0.6990259999999999, 1.828873, 1.739128, 0.637894, 0.845539, 0.755976,
    0.29281599999999997, 1.887362, 0.415104, 0.811126, 0.0, 0.351039, 0.845183,
    1.187616, 1.767268, 1.02172, 0.8344429999999999, 1.1957950000000002,
    1.5205899999999999, 1.290308, 0.906575, 1.9081089999999998, 1.343587,
    0.984444, 0.833255, 1.307616, 0.598078, 1.8194670000000002,
    2.5626979999999997, 1.0560809999999998, 1.6322349999999999, 1.051985,
    0.566605, 2.246937, 0.502853, 0.381593, 0.9300879999999999,
    1.1845350000000001, 1.5289439999999999, 0.461738, 0.690851,
    1.5645609999999999, 0.77047, 2.138293, 2.4035450000000003, 2.899966,
    0.6796570000000001, 0.7202240000000001, 2.243997, 1.245244,
    0.5769529999999999, 1.566737, 0.7457050000000001, 1.6507349999999998,
    1.129569, 3.414598, 0.997418, 0.841176, 0.554021, 1.39577, 1.402547,
    1.050135, 0.7713869999999999, 1.058946, 0.731558, 1.1154570000000001,
    0.793573, 1.6850139999999998, 1.373321, 1.470428, 2.10568, 0.687828,
    2.030519, 1.2144480000000002, 0.6455489999999999, 3.352329, 0.032478,
    2.0556509999999997, 0.610934, 0.730557, 1.3018800000000001, 1.021191,
    0.8705470000000001, 1.111427, 1.890087, 1.004519, 1.4521199999999999,
    1.408881, 1.554278, 1.061629, 1.7759749999999999, 1.06468, 0.793187,
    0.638576, 1.161731, 0.9056029999999999, 1.731965, 1.886309, 2.145289,
    1.993114, 1.902944, 0.7256480000000001, 0.74438, 1.445292,
    1.6103889999999998, 1.3053869999999999, 0.844313, 0.395926,
    1.0479580000000002
  ],
  [
    1.0047000000000001, 0.197529, 1.352508, 1.662262, 1.2670340000000002,
    0.467737, 0.20095, 0.719865, 1.5066169999999999, 1.221797, 0.465295,
    0.38769099999999995, 1.492359, 1.392462, 0.489291, 0.500638, 0.407941,
    0.05522, 1.550848, 0.079831, 0.73523, 0.351039, 0.0, 0.740058, 1.022911,
    1.5458450000000001, 0.789888, 0.742307, 1.269074, 1.428454, 1.0876,
    0.769737, 1.686686, 1.122163, 0.892308, 0.871683, 1.086193, 0.483276,
    1.598044, 2.439653, 0.836013, 1.705514, 0.831918, 0.346538, 2.320216,
    0.318413, 0.627245, 1.176603, 1.257814, 1.307521, 0.11069799999999999,
    0.598715, 1.4724249999999999, 0.419431, 2.2115720000000003,
    2.1821219999999997, 2.718174, 0.587521, 0.792959, 2.022574, 1.025177,
    0.591977, 1.3443, 0.8184389999999999, 1.724014, 1.037434, 3.193175,
    0.839896, 0.621108, 0.530474, 1.1928610000000002, 1.1381130000000002,
    0.823961, 0.55132, 0.901424, 0.639423, 0.89539, 0.84869, 1.4635909999999999,
    1.1518979999999999, 1.5437070000000002, 1.884257, 0.595693, 1.809096,
    0.9930249999999999, 0.508711, 3.1309050000000003, 0.315558, 1.834228,
    0.7271420000000001, 0.562448, 1.0818130000000001, 1.1457249999999999,
    0.765423, 0.891359, 1.797951, 1.032783, 1.230697, 1.205973, 1.35137,
    0.969493, 1.6838389999999999, 0.972545, 0.6880620000000001,
    0.5464410000000001, 1.069596, 0.8134669999999999, 1.639829, 1.794174,
    1.963497, 1.773047, 1.682876, 0.633512, 0.652245, 1.2252239999999999,
    1.609991, 1.1448610000000001, 0.493273, 0.417055, 1.0976579999999998
  ],
  [
    0.6762229999999999, 0.580549, 0.91274, 1.812624, 0.827266, 0.316853, 0.6652,
    0.109113, 1.0668499999999999, 0.782029, 0.314411, 0.376216,
    1.0506959999999999, 1.23572, 0.217263, 0.623655, 0.8632759999999999,
    0.684838, 1.1091849999999999, 0.768833, 0.137577, 0.845183, 0.740058, 0.0,
    0.554373, 1.098643, 0.32905399999999996, 0.44151100000000004, 1.178745,
    1.122171, 0.621683, 1.238065, 1.239484, 0.674962, 0.532366, 1.380438,
    0.638992, 0.160916, 1.150843, 1.992452, 0.492077, 1.4346780000000001,
    0.423694, 0.34683800000000004, 2.04938, 0.827167, 1.142059, 1.567475,
    1.161798, 0.8603200000000001, 0.682082, 0.40243799999999996, 1.166142,
    0.688114, 1.9407349999999999, 1.7349210000000002, 2.231341, 0.381662,
    0.665994, 1.575372, 0.8441259999999999, 0.819613, 0.898112, 0.698474,
    1.396974, 0.677492, 2.7459740000000004, 0.991259, 0.28302499999999997,
    1.039229, 0.7271449999999999, 1.001429, 0.966611, 0.186643, 1.2255,
    0.433563, 0.487166, 0.799083, 1.016389, 0.704696, 1.190906, 1.437055,
    0.33464499999999997, 1.361895, 0.545823, 0.9931599999999999, 2.683704,
    0.749808, 1.387027, 1.2353599999999998, 0.828978, 0.900763,
    1.7266020000000002, 0.260565, 0.538473, 1.43801, 0.912818, 0.783495,
    0.740256, 0.885653, 0.411022, 1.329909, 0.6126029999999999, 0.183205,
    0.31771, 0.709654, 0.49300700000000003, 1.279888, 1.434232, 1.476665,
    1.3103399999999998, 1.270688, 0.5023650000000001, 0.521098, 1.044174,
    1.303708, 1.340619, 0.761956, 0.97723, 1.0480509999999998
  ],
  [
    0.428033, 0.922983, 0.5320349999999999, 1.7696120000000002, 0.445183,
    0.694668, 1.007633, 0.389957, 0.687298, 0.39994, 0.692226,
    0.5525950000000001, 0.666362, 1.1331369999999998, 0.595078, 0.59257,
    0.820265, 0.9676910000000001, 0.724851, 1.030615, 0.5153920000000001,
    1.187616, 1.022911, 0.554373, 0.0, 0.651694, 0.261077, 0.65522,
    1.1941089999999999, 1.1375350000000002, 0.08863800000000001, 1.390366,
    0.7933049999999999, 0.228012, 0.547731, 1.53776, 0.192042,
    0.6512469999999999, 0.703893, 1.545502, 0.31755500000000003,
    1.4500419999999998, 0.214229, 0.66808, 2.064744, 0.98449,
    1.5763289999999999, 1.883053, 1.177162, 0.41337, 0.918311, 0.648026,
    1.1815060000000002, 0.8454360000000001, 1.956099, 1.287971, 1.824022,
    0.682988, 0.981572, 1.128423, 0.9884, 1.135191, 0.451599,
    1.0248130000000002, 1.4123379999999999, 0.692856, 2.2990239999999997,
    1.142317, 0.41661000000000004, 1.196551, 0.27876799999999996, 1.155162,
    1.117669, 0.541063, 1.376557, 0.74914, 0.188409, 1.11466,
    0.5694389999999999, 0.257746, 1.205842, 0.990105, 0.5800019999999999,
    0.915716, 0.098873, 1.145461, 2.236754, 1.155138, 0.940077, 1.392683,
    0.981279, 1.045036, 1.8839249999999998, 0.278446, 0.36814800000000003,
    1.377334, 1.1021210000000001, 0.33654500000000004, 0.29188, 0.437276,
    0.202382, 0.859403, 0.6279669999999999, 0.616983, 0.570274, 0.725018,
    0.602619, 1.219212, 1.205925, 1.069345, 0.854621, 0.949385,
    0.8179420000000001, 0.836675, 1.1884480000000002, 1.3190719999999998,
    1.496321, 0.919279, 1.134552, 1.275321
  ],
  [
    0.933908, 1.502635, 0.116533, 2.2925459999999998, 0.262834, 1.238938,
    1.587285, 0.934227, 0.641393, 0.347206, 1.236496, 1.075529, 0.076736,
    1.636759, 1.139349, 1.1155039999999998, 1.343199, 1.490625, 0.077002,
    1.553549, 1.059663, 1.767268, 1.5458450000000001, 1.098643, 0.651694, 0.0,
    0.803701, 1.278735, 1.500324, 0.855114, 0.525738, 1.915789, 0.141612,
    0.48265600000000003, 0.803704, 2.080384, 0.6351, 1.19387, 0.855776,
