[
    [
        0.0,
        2.338684,
        2.003529,
        2.516235,
        1.192255,
        1.4249090000000002,
        3.3293310000000003,
        2.660016,
        2.528778,
        2.325101,
        2.2685459999999997,
        1.218219,
        1.584876,
        2.311464,
        3.119592,
        2.736681,
        0.9583229999999999,
        2.518079,
        2.272943,
        2.188587
    ],
    [
        2.338684,
        0.0,
        1.254863,
        1.0821489999999998,
        1.385323,
        1.0481040000000001,
        1.1448260000000001,
        0.669449,
        0.5496219999999999,
        0.460204,
        0.239461,
        1.151698,
        2.009426,
        0.675471,
        0.935087,
        2.137106,
        3.0983850000000004,
        2.171869,
        0.764792,
        0.408482
    ],
    [
        2.003529,
        1.254863,
        0.0,
        0.5722160000000001,
        2.2345990000000002,
        2.030862,
        2.13409,
        1.320376,
        1.802436,
        0.863285,
        1.1177190000000001,
        1.599321,
        1.083162,
        0.63129,
        1.9525530000000002,
        3.38992,
        2.8356999999999997,
        3.365329,
        2.017606,
        1.699339
    ],
    [
        2.516235,
        1.0821489999999998,
        0.5722160000000001,
        0.0,
        2.079119,
        1.862203,
        1.783353,
        0.969639,
        1.629406,
        0.668175,
        0.94469,
        1.60462,
        1.655378,
        0.452907,
        1.779523,
        3.216891,
        3.257535,
        3.206542,
        1.844577,
        1.52631
    ],
    [
        1.192255,
        1.385323,
        2.2345990000000002,
        2.079119,
        0.0,
        0.33390800000000004,
        2.14377,
        1.938344,
        1.367856,
        1.702743,
        1.512935,
        0.690704,
        2.39754,
        1.76606,
        1.934031,
        1.575759,
        1.912204,
        1.4879380000000002,
        1.112021,
        1.093749
    ],
    [
        1.4249090000000002,
        1.0481040000000001,
        2.030862,
        1.862203,
        0.33390800000000004,
        0.0,
        1.882196,
        1.63192,
        1.216226,
        1.422674,
        1.201932,
        0.540917,
        2.1896109999999998,
        1.549144,
        1.672457,
        1.6293,
        2.171073,
        1.5414780000000001,
        0.8849210000000001,
        0.7476240000000001
    ],
    [
        3.3293310000000003,
        1.1448260000000001,
        2.13409,
        1.783353,
        2.14377,
        1.882196,
        0.0,
        0.892977,
        0.740482,
        1.356177,
        1.058951,
        2.093919,
        2.9106419999999997,
        1.571445,
        0.210544,
        2.377583,
        4.042163,
        2.575445,
        0.99764,
        1.155882
    ],
    [
        2.660016,
        0.669449,
        1.320376,
        0.969639,
        1.938344,
        1.63192,
        0.892977,
        0.0,
        1.039912,
        0.577324,
        0.412844,
        1.835938,
        2.3869380000000002,
        0.734442,
        0.803717,
        2.6502890000000003,
        3.5401640000000003,
        2.685052,
        1.247317,
        0.979113
    ],
    [
        2.528778,
        0.5496219999999999,
        1.802436,
        1.629406,
        1.367856,
        1.216226,
        0.740482,
        1.039912,
        0.0,
        1.009825,
        0.789083,
        1.4631910000000001,
        2.5151190000000003,
        1.225093,
        0.531339,
        1.637102,
        3.4106289999999997,
        1.902971,
        0.25635399999999997,
        0.5607179999999999
    ],
    [
        2.325101,
        0.460204,
        0.863285,
        0.668175,
        1.702743,
        1.422674,
        1.356177,
        0.577324,
        1.009825,
        0.0,
        0.32274400000000003,
        1.3651300000000002,
        1.76274,
        0.215268,
        1.157578,
        2.594945,
        3.063375,
        2.629708,
        1.222631,
        0.9043640000000001
    ],
    [
        2.2685459999999997,
        0.239461,
        1.1177190000000001,
        0.94469,
        1.512935,
        1.201932,
        1.058951,
        0.412844,
        0.789083,
        0.32274400000000003,
        0.0,
        1.3025930000000001,
        1.939288,
        0.540377,
        0.862716,
        2.3765680000000002,
        3.0068200000000003,
        2.41133,
        1.004253,
        0.685987
    ],
    [
        1.218219,
        1.151698,
        1.599321,
        1.60462,
        0.690704,
        0.540917,
        2.093919,
        1.835938,
        1.4631910000000001,
        1.3651300000000002,
        1.3025930000000001,
        0.0,
        1.75807,
        1.389019,
        1.8898309999999998,
        1.910636,
        1.946316,
        1.927779,
        1.0960779999999999,
        0.9588260000000001
    ],
    [
        1.584876,
        2.009426,
        1.083162,
        1.655378,
        2.39754,
        2.1896109999999998,
        2.9106419999999997,
        2.3869380000000002,
        2.5151190000000003,
        1.76274,
        1.939288,
        1.75807,
        0.0,
        1.714452,
        2.7144079999999997,
        3.716231,
        2.509678,
        3.733375,
        2.669786,
        2.221104
    ],
    [
        2.311464,
        0.675471,
        0.63129,
        0.452907,
        1.76606,
        1.549144,
        1.571445,
        0.734442,
        1.225093,
        0.215268,
        0.540377,
        1.389019,
        1.714452,
        0.0,
        1.372846,
        2.810213,
        3.049792,
        2.844976,
        1.4378989999999998,
        1.119632
    ],
    [
        3.119592,
        0.935087,
        1.9525530000000002,
        1.779523,
        1.934031,
        1.672457,
        0.210544,
        0.803717,
        0.531339,
        1.157578,
        0.862716,
        1.8898309999999998,
        2.7144079999999997,
        1.372846,
        0.0,
        2.167844,
        3.8316179999999997,
        2.3657060000000003,
        0.787096,
        0.946142
    ],
    [
        2.736681,
        2.137106,
        3.38992,
        3.216891,
        1.575759,
        1.6293,
        2.377583,
        2.6502890000000003,
        1.637102,
        2.594945,
        2.3765680000000002,
        1.910636,
        3.716231,
        2.810213,
        2.167844,
        0.0,
        2.663589,
        0.44502800000000003,
        1.379545,
        1.789048
    ],
    [
        0.9583229999999999,
        3.0983850000000004,
        2.8356999999999997,
        3.257535,
        1.912204,
        2.171073,
        4.042163,
        3.5401640000000003,
        3.4106289999999997,
        3.063375,
        3.0068200000000003,
        1.946316,
        2.509678,
        3.049792,
        3.8316179999999997,
        2.663589,
        0.0,
        2.43602,
        2.9934380000000003,
        2.9036210000000002
    ],
    [
        2.518079,
        2.171869,
        3.365329,
        3.206542,
        1.4879380000000002,
        1.5414780000000001,
        2.575445,
        2.685052,
        1.902971,
        2.629708,
        2.41133,
        1.927779,
        3.733375,
        2.844976,
        2.3657060000000003,
        0.44502800000000003,
        2.43602,
        0.0,
        1.528335,
        1.8457080000000001
    ],
    [
        2.272943,
        0.764792,
        2.017606,
        1.844577,
        1.112021,
        0.8849210000000001,
        0.99764,
        1.247317,
        0.25635399999999997,
        1.222631,
        1.004253,
        1.0960779999999999,
        2.669786,
        1.4378989999999998,
        0.787096,
        1.379545,
        2.9934380000000003,
        1.528335,
        0.0,
        0.6747730000000001
    ],
    [
        2.188587,
        0.408482,
        1.699339,
        1.52631,
        1.093749,
        0.7476240000000001,
        1.155882,
        0.979113,
        0.5607179999999999,
        0.9043640000000001,
        0.685987,
        0.9588260000000001,
        2.221104,
        1.119632,
        0.946142,
        1.789048,
        2.9036210000000002,
        1.8457080000000001,
        0.6747730000000001,
        0.0
    ]
]