[
    [
        0.0,
        1.0075159999999999,
        0.39415300000000003,
        0.689155,
        1.231219,
        2.220334,
        0.475764,
        1.348823,
        0.5187569999999999,
        1.299307,
        0.158361,
        0.978796,
        0.716686,
        0.39294,
        0.216448,
        1.307024,
        1.417124,
        0.846475,
        1.270625,
        1.080988,
        0.978796,
        0.158361,
        1.080988,
        2.1172109999999997,
        2.525099,
        0.216448,
        1.307024,
        1.270625,
        0.29265800000000003,
        0.716686
    ],
    [
        1.0075159999999999,
        0.0,
        0.610317,
        0.339528,
        1.2257770000000001,
        1.42724,
        0.531753,
        1.1570619999999998,
        0.764735,
        1.098854,
        0.93206,
        0.316885,
        0.32993700000000004,
        0.763787,
        0.788022,
        0.623687,
        0.409608,
        0.26394999999999996,
        0.587288,
        0.702683,
        0.316885,
        0.93206,
        0.702683,
        1.336568,
        2.081832,
        0.788022,
        0.623687,
        0.587288,
        0.816761,
        0.32993700000000004
    ],
    [
        0.39415300000000003,
        0.610317,
        0.0,
        0.291956,
        1.195614,
        1.862662,
        0.078564,
        1.298624,
        0.504779,
        1.240415,
        0.235792,
        0.684769,
        0.34024099999999996,
        0.299322,
        0.177705,
        0.949521,
        1.019924,
        0.449276,
        0.913122,
        0.838804,
        0.684769,
        0.235792,
        0.838804,
        1.759539,
        2.305491,
        0.177705,
        0.949521,
        0.913122,
        0.303712,
        0.34024099999999996
    ],
    [
        0.689155,
        0.339528,
        0.291956,
        0.0,
        1.336664,
        1.591873,
        0.213391,
        1.027835,
        0.551184,
        0.969626,
        0.645043,
        0.44166000000000005,
        0.069452,
        0.485991,
        0.469661,
        0.6787329999999999,
        0.7491359999999999,
        0.15732,
        0.642334,
        0.81357,
        0.44166000000000005,
        0.645043,
        0.81357,
        1.488751,
        2.034702,
        0.469661,
        0.6787329999999999,
        0.642334,
        0.49839999999999995,
        0.069452
    ],
    [
        1.231219,
        1.2257770000000001,
        1.195614,
        1.336664,
        0.0,
        2.15454,
        1.277936,
        2.2593330000000003,
        1.617089,
        2.201125,
        1.063344,
        0.924526,
        1.406409,
        1.4768610000000002,
        1.1214300000000001,
        1.798306,
        0.989266,
        1.334586,
        1.761907,
        0.558818,
        0.924526,
        1.063344,
        0.558818,
        1.998058,
        2.9251210000000003,
        1.1214300000000001,
        1.798306,
        1.761907,
        1.376579,
        1.406409
    ],
    [
        2.220334,
        1.42724,
        1.862662,
        1.591873,
        2.15454,
        0.0,
        1.8119079999999999,
        1.3641569999999998,
        1.7036310000000001,
        1.2428759999999999,
        2.138094,
        1.6815,
        1.610093,
        1.827394,
        2.068177,
        0.913141,
        1.24858,
        1.5426099999999998,
        0.9679930000000001,
        1.815733,
        1.6815,
        2.138094,
        1.815733,
        0.24201699999999998,
        0.844033,
        2.068177,
        0.913141,
        0.9679930000000001,
        1.927676,
        1.610093
    ],
    [
        0.475764,
        0.531753,
        0.078564,
        0.213391,
        1.277936,
        1.8119079999999999,
        0.0,
        1.220059,
        0.500052,
        1.1618510000000002,
        0.431652,
        0.559372,
        0.26167599999999996,
        0.294596,
        0.25627,
        0.870957,
        0.94136,
        0.370712,
        0.834558,
        0.860742,
        0.559372,
        0.431652,
        0.860742,
        1.6809749999999999,
        2.2269259999999997,
        0.25627,
        0.870957,
        0.834558,
        0.307005,
        0.26167599999999996
    ],
    [
        1.348823,
        1.1570619999999998,
        1.298624,
        1.027835,
        2.2593330000000003,
        1.3641569999999998,
        1.220059,
        0.0,
        0.844355,
        0.12128,
        1.376839,
        1.363818,
        1.018244,
        1.051306,
        1.368903,
        0.5750599999999999,
        1.438746,
        1.0216290000000001,
        0.591327,
        1.735194,
        1.363818,
        1.376839,
        1.735194,
        1.1927159999999999,
        1.55068,
        1.368903,
        0.5750599999999999,
        0.591327,
        1.151588,
        1.018244
    ],
    [
        0.5187569999999999,
        0.764735,
        0.504779,
        0.551184,
        1.617089,
        1.7036310000000001,
        0.500052,
        0.844355,
        0.0,
        0.7835449999999999,
        0.546772,
        0.965051,
        0.47770100000000004,
        0.205456,
        0.538837,
        0.899251,
        1.174342,
        0.5912240000000001,
        0.862852,
        1.336962,
        0.965051,
        0.546772,
        1.336962,
        1.600508,
        2.008354,
        0.538837,
        0.899251,
        0.862852,
        0.278266,
        0.47770100000000004
    ],
    [
        1.299307,
        1.098854,
        1.240415,
        0.969626,
        2.201125,
        1.2428759999999999,
        1.1618510000000002,
        0.12128,
        0.7835449999999999,
        0.0,
        1.327322,
        1.305609,
        0.960035,
        1.00179,
        1.3193869999999999,
        0.516851,
        1.3805370000000001,
        0.9634199999999999,
        0.5331180000000001,
        1.676985,
        1.305609,
        1.327322,
        1.676985,
        1.1345070000000002,
        1.429535,
        1.3193869999999999,
        0.516851,
        0.5331180000000001,
        1.102072,
        0.960035
    ],
    [
        0.158361,
        0.93206,
        0.235792,
        0.645043,
        1.063344,
        2.138094,
        0.431652,
        1.376839,
        0.546772,
        1.327322,
        0.0,
        0.786421,
        0.576033,
        0.413518,
        0.05808700000000001,
        1.185313,
        1.2557170000000002,
        0.685068,
        1.148915,
        0.931432,
        0.786421,
        0.0,
        0.931432,
        1.995331,
        2.545677,
        0.05808700000000001,
        1.185313,
        1.148915,
        0.313236,
        0.576033
    ],
    [
        0.978796,
        0.316885,
        0.684769,
        0.44166000000000005,
        0.924526,
        1.6815,
        0.559372,
        1.363818,
        0.965051,
        1.305609,
        0.786421,
        0.0,
        0.511112,
        0.831971,
        0.7358279999999999,
        0.872835,
        0.663867,
        0.439289,
        0.836437,
        0.401432,
        0.0,
        0.818241,
        0.401432,
        1.590827,
        2.3360909999999997,
        0.7358279999999999,
        0.872835,
        0.836437,
        0.84438,
        0.511112
    ],
    [
        0.716686,
        0.32993700000000004,
        0.34024099999999996,
        0.069452,
        1.406409,
        1.610093,
        0.26167599999999996,
        1.018244,
        0.47770100000000004,
        0.960035,
        0.576033,
        0.511112,
        0.0,
        0.476753,
        0.517946,
        0.669142,
        0.739545,
        0.150468,
        0.632743,
        0.8830220000000001,
        0.511112,
        0.672574,
        0.8830220000000001,
        1.47916,
        2.025111,
        0.517946,
        0.669142,
        0.632743,
        0.511815,
        0.0
    ],
    [
        0.39294,
        0.763787,
        0.299322,
        0.485991,
        1.4768610000000002,
        1.827394,
        0.294596,
        1.051306,
        0.205456,
        1.00179,
        0.413518,
        0.831971,
        0.476753,
        0.0,
        0.40036900000000003,
        0.9140839999999999,
        1.173394,
        0.5902759999999999,
        0.8776849999999999,
        1.152116,
        0.831971,
        0.413518,
        1.152116,
        1.7242709999999999,
        2.132117,
        0.40036900000000003,
        0.9140839999999999,
        0.8776849999999999,
        0.100282,
        0.476753
    ],
    [
        0.216448,
        0.788022,
        0.177705,
        0.469661,
        1.1214300000000001,
        2.068177,
        0.25627,
        1.368903,
        0.538837,
        1.3193869999999999,
        0.05808700000000001,
        0.7358279999999999,
        0.517946,
        0.40036900000000003,
        0.0,
        1.127227,
        1.1976300000000002,
        0.6269819999999999,
        1.090828,
        0.88237,
        0.7283339999999999,
        0.05808700000000001,
        0.88237,
        1.9372449999999999,
        2.483196,
        0.0,
        1.127227,
        1.090828,
        0.300087,
        0.517946
    ],
    [
        1.307024,
        0.623687,
        0.949521,
        0.6787329999999999,
        1.798306,
        0.913141,
        0.870957,
        0.5750599999999999,
        0.899251,
        0.516851,
        1.185313,
        0.872835,
        0.669142,
        0.9140839999999999,
        1.127227,
        0.0,
        0.917117,
        0.62947,
        0.054853,
        1.27471,
        0.8753730000000001,
        1.224953,
        1.27471,
        0.810018,
        1.567732,
        1.155037,
        0.0,
        0.054853,
        1.0143659999999999,
        0.696952
    ],
    [
        1.417124,
        0.409608,
        1.019924,
        0.7491359999999999,
        0.989266,
        1.24858,
        0.94136,
        1.438746,
        1.174342,
        1.3805370000000001,
        1.2557170000000002,
        0.663867,
        0.739545,
        1.173394,
        1.1976300000000002,
        0.917117,
        0.0,
        0.673558,
        0.877839,
        0.728014,
        0.663867,
        1.3416679999999999,
        0.728014,
        1.112921,
        1.975054,
        1.1976300000000002,
        0.9142380000000001,
        0.877839,
        1.2263689999999998,
        0.739545
    ],
    [
        0.846475,
        0.26394999999999996,
        0.449276,
        0.15732,
        1.334586,
        1.5426099999999998,
        0.370712,
        1.0216290000000001,
        0.5912240000000001,
        0.9634199999999999,
        0.685068,
        0.439289,
        0.150468,
        0.5902759999999999,
        0.6269819999999999,
        0.62947,
        0.673558,
        0.0,
        0.5909909999999999,
        0.811199,
        0.439289,
        0.740643,
        0.811199,
        1.4374079999999998,
        2.001894,
        0.6269819999999999,
        0.62739,
        0.5909909999999999,
        0.6557200000000001,
        0.150468
    ],
    [
        1.270625,
        0.587288,
        0.913122,
        0.642334,
        1.761907,
        0.9679930000000001,
        0.834558,
        0.591327,
        0.862852,
        0.5331180000000001,
        1.148915,
        0.836437,
        0.632743,
        0.8776849999999999,
        1.090828,
        0.054853,
        0.877839,
        0.5909909999999999,
        0.0,
        1.23598,
        0.838974,
        1.188555,
        1.23598,
        0.864871,
        1.622585,
        1.118638,
        0.054853,
        0.0,
        0.977967,
        0.660553
    ],
    [
        1.080988,
        0.702683,
        0.838804,
        0.81357,
        0.558818,
        1.815733,
        0.860742,
        1.735194,
        1.336962,
        1.676985,
        0.931432,
        0.401432,
        0.8830220000000001,
        1.152116,
        0.88237,
        1.27471,
        0.728014,
        0.811199,
        1.23598,
        0.0,
        0.401432,
        0.9366140000000001,
        0.0,
        1.6816980000000001,
        2.468439,
        0.8814690000000001,
        1.275212,
        1.2388130000000002,
        1.163624,
        0.8833150000000001
    ],
    [
        0.978796,
        0.316885,
        0.684769,
        0.44166000000000005,
        0.924526,
        1.6815,
        0.559372,
        1.363818,
        0.965051,
        1.305609,
        0.786421,
        0.0,
        0.511112,
        0.831971,
        0.7283339999999999,
        0.8753730000000001,
        0.663867,
        0.439289,
        0.838974,
        0.401432,
        0.0,
        0.818241,
        0.401432,
        1.590827,
        2.3360909999999997,
        0.7358279999999999,
        0.872835,
        0.836437,
        0.84438,
        0.511112
    ],
    [
        0.158361,
        0.93206,
        0.235792,
        0.645043,
        1.063344,
        2.138094,
        0.431652,
        1.376839,
        0.546772,
        1.327322,
        0.0,
        0.818241,
        0.672574,
        0.413518,
        0.05808700000000001,
        1.224953,
        1.3416679999999999,
        0.740643,
        1.188555,
        0.9366140000000001,
        0.818241,
        0.0,
        0.931432,
        1.995331,
        2.545677,
        0.05808700000000001,
        1.185313,
        1.148915,
        0.313236,
        0.576033
    ],
    [
        1.080988,
        0.702683,
        0.838804,
        0.81357,
        0.558818,
        1.815733,
        0.860742,
        1.735194,
        1.336962,
        1.676985,
        0.931432,
        0.401432,
        0.8830220000000001,
        1.152116,
        0.88237,
        1.27471,
        0.728014,
        0.811199,
        1.23598,
        0.0,
        0.401432,
        0.931432,
        0.0,
        1.6816980000000001,
        2.468439,
        0.8814690000000001,
        1.275212,
        1.2388130000000002,
        1.163624,
        0.8833150000000001
    ],
    [
        2.1172109999999997,
        1.336568,
        1.759539,
        1.488751,
        1.998058,
        0.24201699999999998,
        1.6809749999999999,
        1.1927159999999999,
        1.600508,
        1.1345070000000002,
        1.995331,
        1.590827,
        1.47916,
        1.7242709999999999,
        1.9372449999999999,
        0.810018,
        1.112921,
        1.4374079999999998,
        0.864871,
        1.6816980000000001,
        1.590827,
        1.995331,
        1.6816980000000001,
        0.0,
        1.0501369999999999,
        1.965055,
        0.810018,
        0.8780370000000001,
        1.824553,
        1.50697
    ],
    [
        2.525099,
        2.081832,
        2.305491,
        2.034702,
        2.9251210000000003,
        0.844033,
        2.2269259999999997,
        1.55068,
        2.008354,
        1.429535,
        2.545677,
        2.3360909999999997,
        2.025111,
        2.132117,
        2.483196,
        1.567732,
        1.975054,
        2.001894,
        1.622585,
        2.468439,
        2.3360909999999997,
        2.545677,
        2.468439,
        1.0501369999999999,
        0.0,
        2.482999,
        1.5651659999999998,
        1.5808579999999999,
        2.232231,
        2.024914
    ],
    [
        0.216448,
        0.788022,
        0.177705,
        0.469661,
        1.1214300000000001,
        2.068177,
        0.25627,
        1.368903,
        0.538837,
        1.3193869999999999,
        0.05808700000000001,
        0.7358279999999999,
        0.517946,
        0.40036900000000003,
        0.0,
        1.155037,
        1.1976300000000002,
        0.6269819999999999,
        1.118638,
        0.8814690000000001,
        0.7358279999999999,
        0.05808700000000001,
        0.8814690000000001,
        1.965055,
        2.482999,
        0.0,
        1.127227,
        1.090828,
        0.300087,
        0.517946
    ],
    [
        1.307024,
        0.623687,
        0.949521,
        0.6787329999999999,
        1.798306,
        0.913141,
        0.870957,
        0.5750599999999999,
        0.899251,
        0.516851,
        1.185313,
        0.872835,
        0.669142,
        0.9140839999999999,
        1.127227,
        0.0,
        0.9142380000000001,
        0.62739,
        0.054853,
        1.275212,
        0.872835,
        1.185313,
        1.275212,
        0.810018,
        1.5651659999999998,
        1.127227,
        0.0,
        0.054853,
        1.0143659999999999,
        0.696952
    ],
    [
        1.270625,
        0.587288,
        0.913122,
        0.642334,
        1.761907,
        0.9679930000000001,
        0.834558,
        0.591327,
        0.862852,
        0.5331180000000001,
        1.148915,
        0.836437,
        0.632743,
        0.8776849999999999,
        1.090828,
        0.054853,
        0.877839,
        0.5909909999999999,
        0.0,
        1.2388130000000002,
        0.836437,
        1.148915,
        1.2388130000000002,
        0.8780370000000001,
        1.5808579999999999,
        1.090828,
        0.054853,
        0.0,
        0.977967,
        0.660553
    ],
    [
        0.29265800000000003,
        0.816761,
        0.303712,
        0.49839999999999995,
        1.376579,
        1.927676,
        0.307005,
        1.151588,
        0.278266,
        1.102072,
        0.313236,
        0.84438,
        0.511815,
        0.100282,
        0.300087,
        1.0143659999999999,
        1.2263689999999998,
        0.6557200000000001,
        0.977967,
        1.163624,
        0.84438,
        0.313236,
        1.163624,
        1.824553,
        2.232231,
        0.300087,
        1.0143659999999999,
        0.977967,
        0.0,
        0.511815
    ],
    [
        0.716686,
        0.32993700000000004,
        0.34024099999999996,
        0.069452,
        1.406409,
        1.610093,
        0.26167599999999996,
        1.018244,
        0.47770100000000004,
        0.960035,
        0.576033,
        0.511112,
        0.0,
        0.476753,
        0.517946,
        0.696952,
        0.739545,
        0.150468,
        0.660553,
        0.8833150000000001,
        0.511112,
        0.576033,
        0.8833150000000001,
        1.50697,
        2.024914,
        0.517946,
        0.696952,
        0.660553,
        0.511815,
        0.0
    ]
]