[
    [
        0.0,
        0.26457400000000003,
        0.280472,
        0.19777699999999998,
        0.094466,
        0.33736900000000003,
        0.08681900000000001,
        0.087571,
        0.321055,
        0.018215,
        0.535377,
        1.708172,
        0.39274200000000004,
        0.07100400000000001,
        0.24162899999999998,
        0.37395100000000003,
        0.47971199999999997,
        1.604958,
        0.164938,
        0.05839,
        0.263683,
        0.125976,
        0.43560000000000004,
        0.44299,
        1.6143910000000001,
        0.29924,
        0.34998399999999996,
        0.256954,
        0.173647,
        0.169292,
        0.506146,
        0.05031,
        0.051384
    ],
    [
        0.26457400000000003,
        0.0,
        0.351012,
        0.22478499999999998,
        0.327573,
        0.364377,
        0.319926,
        0.320678,
        0.348063,
        0.282789,
        0.656431,
        1.630963,
        0.46328199999999997,
        0.30411200000000005,
        0.268637,
        0.400959,
        0.550253,
        1.6319659999999998,
        0.191946,
        0.291497,
        0.000891,
        0.209323,
        0.462608,
        0.469999,
        1.6413989999999998,
        0.361722,
        0.471037,
        0.327495,
        0.406754,
        0.1963,
        0.605831,
        0.283418,
        0.254863
    ],
    [
        0.280472,
        0.351012,
        0.0,
        0.22581700000000002,
        0.34286500000000003,
        0.276933,
        0.335824,
        0.33657600000000004,
        0.26061900000000005,
        0.29868700000000004,
        0.7843819999999999,
        1.647736,
        0.179648,
        0.320009,
        0.244401,
        0.313515,
        0.199241,
        1.499594,
        0.215198,
        0.307395,
        0.35012099999999996,
        0.200769,
        0.27163600000000004,
        0.225946,
        1.509026,
        0.088879,
        0.598989,
        0.030161999999999998,
        0.42265199999999997,
        0.234397,
        0.322197,
        0.299315,
        0.27076100000000003
    ],
    [
        0.19777699999999998,
        0.22478499999999998,
        0.22581700000000002,
        0.0,
        0.260776,
        0.139593,
        0.253129,
        0.253881,
        0.123279,
        0.215992,
        0.7016870000000001,
        1.510395,
        0.373935,
        0.237314,
        0.043853,
        0.176174,
        0.313799,
        1.407182,
        0.047683,
        0.22469999999999998,
        0.223893,
        0.142525,
        0.237823,
        0.245214,
        1.416615,
        0.136937,
        0.516294,
        0.195655,
        0.339957,
        0.028485,
        0.5164829999999999,
        0.21662,
        0.188066
    ],
    [
        0.094466,
        0.327573,
        0.34286500000000003,
        0.260776,
        0.0,
        0.400368,
        0.023609,
        0.024361,
        0.384055,
        0.112681,
        0.5009,
        1.771171,
        0.446197,
        0.036527000000000004,
        0.30462900000000004,
        0.43695,
        0.539976,
        1.667958,
        0.227937,
        0.046439999999999995,
        0.32668200000000003,
        0.177518,
        0.498599,
        0.50599,
        1.677391,
        0.361634,
        0.31550599999999995,
        0.316005,
        0.110437,
        0.232291,
        0.50869,
        0.057698,
        0.114383
    ],
    [
        0.33736900000000003,
        0.364377,
        0.276933,
        0.139593,
        0.400368,
        0.0,
        0.392721,
        0.393473,
        0.016314,
        0.355585,
        0.84128,
        1.3708019999999999,
        0.425051,
        0.376907,
        0.15817699999999998,
        0.036581,
        0.174207,
        1.2675889999999999,
        0.187276,
        0.36429199999999995,
        0.363486,
        0.282118,
        0.09823,
        0.10562099999999999,
        1.2770219999999999,
        0.188054,
        0.655886,
        0.246772,
        0.479549,
        0.168077,
        0.524605,
        0.356213,
        0.327659
    ],
    [
        0.08681900000000001,
        0.319926,
        0.335824,
        0.253129,
        0.023609,
        0.392721,
        0.0,
        0.000752,
        0.376407,
        0.105034,
        0.493253,
        1.7635239999999999,
        0.448094,
        0.02888,
        0.296981,
        0.429303,
        0.535064,
        1.66031,
        0.22028999999999999,
        0.038792,
        0.319035,
        0.181328,
        0.490952,
        0.49834300000000004,
        1.669744,
        0.35459199999999996,
        0.307859,
        0.312306,
        0.086828,
        0.224644,
        0.5323,
        0.05005,
        0.106736
    ],
    [
        0.087571,
        0.320678,
        0.33657600000000004,
        0.253881,
        0.024361,
        0.393473,
        0.000752,
        0.0,
        0.37715899999999997,
        0.105786,
        0.49400499999999997,
        1.7642760000000002,
        0.448846,
        0.029632000000000002,
        0.297733,
        0.430055,
        0.5358160000000001,
        1.6610619999999998,
        0.221042,
        0.039543999999999996,
        0.319787,
        0.18208000000000002,
        0.49170400000000003,
        0.499095,
        1.6704949999999998,
        0.355344,
        0.30861099999999997,
        0.313058,
        0.086076,
        0.22539599999999999,
        0.533052,
        0.050802,
        0.107488
    ],
    [
        0.321055,
        0.348063,
        0.26061900000000005,
        0.123279,
        0.384055,
        0.016314,
        0.376407,
        0.37715899999999997,
        0.0,
        0.339271,
        0.824966,
        1.387116,
        0.408737,
        0.360593,
        0.141863,
        0.052895000000000005,
        0.19052000000000002,
        1.283903,
        0.170962,
        0.347978,
        0.34717200000000004,
        0.265804,
        0.11454399999999999,
        0.121935,
        1.293336,
        0.17174,
        0.639572,
        0.230458,
        0.463235,
        0.151763,
        0.5512859999999999,
        0.339899,
        0.31134500000000004
    ],
    [
        0.018215,
        0.282789,
        0.29868700000000004,
        0.215992,
        0.112681,
        0.355585,
        0.105034,
        0.105786,
        0.339271,
        0.0,
        0.553593,
        1.726387,
        0.410957,
        0.08922,
        0.25984500000000005,
        0.392166,
        0.497928,
        1.623174,
        0.18315299999999998,
        0.076605,
        0.28189800000000004,
        0.14419200000000001,
        0.453815,
        0.461206,
        1.632607,
        0.317455,
        0.368199,
        0.275169,
        0.191862,
        0.187507,
        0.524362,
        0.06852599999999999,
        0.06959900000000001
    ],
    [
        0.535377,
        0.656431,
        0.7843819999999999,
        0.7016870000000001,
        0.5009,
        0.84128,
        0.493253,
        0.49400499999999997,
        0.824966,
        0.553593,
        0.0,
        1.79548,
        0.896652,
        0.464373,
        0.74554,
        0.877861,
        0.983623,
        2.0482910000000003,
        0.668849,
        0.487351,
        0.6573859999999999,
        0.629887,
        0.93951,
        0.946901,
        2.0577240000000003,
        0.803151,
        0.213869,
        0.760865,
        0.5800810000000001,
        0.673203,
        1.00959,
        0.491725,
        0.555295
    ],
    [
        1.708172,
        1.630963,
        1.647736,
        1.510395,
        1.771171,
        1.3708019999999999,
        1.7635239999999999,
        1.7642760000000002,
        1.387116,
        1.726387,
        1.79548,
        0.0,
        1.7802550000000001,
        1.786296,
        1.536867,
        1.342109,
        1.5075070000000002,
        2.063478,
        1.565966,
        1.742982,
        1.639806,
        1.660808,
        1.42184,
        1.438922,
        2.072911,
        1.566744,
        1.617974,
        1.625462,
        1.858239,
        1.546767,
        1.857905,
        1.734903,
        1.706349
    ],
    [
        0.39274200000000004,
        0.46328199999999997,
        0.179648,
        0.373935,
        0.446197,
        0.425051,
        0.448094,
        0.448846,
        0.408737,
        0.410957,
        0.896652,
        1.7802550000000001,
        0.0,
        0.43227899999999997,
        0.392519,
        0.43814600000000004,
        0.31462799999999996,
        1.597005,
        0.32746800000000004,
        0.419665,
        0.462391,
        0.31303800000000004,
        0.387023,
        0.34133300000000005,
        1.606438,
        0.236997,
        0.711259,
        0.209809,
        0.534922,
        0.34666699999999995,
        0.142549,
        0.411585,
        0.383031
    ],
    [
        0.07100400000000001,
        0.30411200000000005,
        0.320009,
        0.237314,
        0.036527000000000004,
        0.376907,
        0.02888,
        0.029632000000000002,
        0.360593,
        0.08922,
        0.464373,
        1.786296,
        0.43227899999999997,
        0.0,
        0.281167,
        0.413488,
        0.51925,
        1.6444960000000002,
        0.204476,
        0.022978000000000002,
        0.30322000000000005,
        0.16551400000000002,
        0.475137,
        0.482528,
        1.653929,
        0.338778,
        0.278979,
        0.29649200000000003,
        0.115708,
        0.20883000000000002,
        0.545217,
        0.034235999999999996,
        0.090922
    ],
    [
        0.24162899999999998,
        0.268637,
        0.244401,
        0.043853,
        0.30462900000000004,
        0.15817699999999998,
        0.296981,
        0.297733,
        0.141863,
        0.25984500000000005,
        0.74554,
        1.536867,
        0.392519,
        0.281167,
        0.0,
        0.19475800000000001,
        0.332383,
        1.425766,
        0.091536,
        0.268552,
        0.267746,
        0.186378,
        0.256407,
        0.263798,
        1.4351990000000001,
        0.155522,
        0.5601459999999999,
        0.214239,
        0.383809,
        0.072337,
        0.535068,
        0.260473,
        0.23191900000000001
    ],
    [
        0.37395100000000003,
        0.400959,
        0.313515,
        0.176174,
        0.43695,
        0.036581,
        0.429303,
        0.430055,
        0.052895000000000005,
        0.392166,
        0.877861,
        1.342109,
        0.43814600000000004,
        0.413488,
        0.19475800000000001,
        0.0,
        0.165398,
        1.2490899999999998,
        0.223857,
        0.400874,
        0.400067,
        0.318699,
        0.079732,
        0.096813,
        1.2585229999999998,
        0.224635,
        0.692468,
        0.283353,
        0.516131,
        0.20465899999999998,
        0.5157970000000001,
        0.392794,
        0.36424
    ],
    [
        0.47971199999999997,
        0.550253,
        0.199241,
        0.313799,
        0.539976,
        0.174207,
        0.535064,
        0.5358160000000001,
        0.19052000000000002,
        0.497928,
        0.983623,
        1.5075070000000002,
        0.31462799999999996,
        0.51925,
        0.332383,
        0.165398,
        0.0,
        1.300353,
        0.361482,
        0.506635,
        0.549362,
        0.400009,
        0.114276,
        0.068585,
        1.3097860000000001,
        0.185971,
        0.7982290000000001,
        0.229402,
        0.621892,
        0.342284,
        0.379531,
        0.498556,
        0.47000200000000003
    ],
    [
        1.604958,
        1.6319659999999998,
        1.499594,
        1.407182,
        1.667958,
        1.2675889999999999,
        1.66031,
        1.6610619999999998,
        1.283903,
        1.623174,
        2.0482910000000003,
        2.063478,
        1.597005,
        1.6444960000000002,
        1.425766,
        1.2490899999999998,
        1.300353,
        0.0,
        1.454865,
        1.6318810000000001,
        1.631075,
        1.5497070000000002,
        1.212928,
        1.258618,
        0.009433,
        1.455643,
        1.862897,
        1.514361,
        1.7471379999999999,
        1.4356659999999999,
        1.606542,
        1.623802,
        1.595248
    ],
    [
        0.164938,
        0.191946,
        0.215198,
        0.047683,
        0.227937,
        0.187276,
        0.22028999999999999,
        0.221042,
        0.170962,
        0.18315299999999998,
        0.668849,
        1.565966,
        0.32746800000000004,
        0.204476,
        0.091536,
        0.223857,
        0.361482,
        1.454865,
        0.0,
        0.191861,
        0.191055,
        0.090935,
        0.285506,
        0.292897,
        1.464298,
        0.184621,
        0.48345499999999997,
        0.19168000000000002,
        0.307118,
        0.019199,
        0.470017,
        0.183782,
        0.155227
    ],
    [
        0.05839,
        0.291497,
        0.307395,
        0.22469999999999998,
        0.046439999999999995,
        0.36429199999999995,
        0.038792,
        0.039543999999999996,
        0.347978,
        0.076605,
        0.487351,
        1.742982,
        0.419665,
        0.022978000000000002,
        0.268552,
        0.400874,
        0.506635,
        1.6318810000000001,
        0.191861,
        0.0,
        0.290606,
        0.152899,
        0.462523,
        0.469914,
        1.641315,
        0.32616300000000004,
        0.301957,
        0.283877,
        0.12562,
        0.196215,
        0.533069,
        0.021622,
        0.078307
    ],
    [
        0.263683,
        0.000891,
        0.35012099999999996,
        0.223893,
        0.32668200000000003,
        0.363486,
        0.319035,
        0.319787,
        0.34717200000000004,
        0.28189800000000004,
        0.6573859999999999,
        1.639806,
        0.462391,
        0.30322000000000005,
        0.267746,
        0.400067,
        0.549362,
        1.631075,
        0.191055,
        0.290606,
        0.0,
        0.20843199999999998,
        0.461716,
        0.46910700000000005,
        1.640508,
        0.360831,
        0.471992,
        0.32660300000000003,
        0.405863,
        0.195409,
        0.60494,
        0.282526,
        0.25397200000000003
    ],
    [
        0.125976,
        0.209323,
        0.200769,
        0.142525,
        0.177518,
        0.282118,
        0.181328,
        0.18208000000000002,
        0.265804,
        0.14419200000000001,
        0.629887,
        1.660808,
        0.31303800000000004,
        0.16551400000000002,
        0.186378,
        0.318699,
        0.400009,
        1.5497070000000002,
        0.090935,
        0.152899,
        0.20843199999999998,
        0.0,
        0.380348,
        0.387739,
        1.5591400000000002,
        0.219537,
        0.44449299999999997,
        0.177251,
        0.268156,
        0.114041,
        0.38017,
        0.14482,
        0.11626600000000001
    ],
    [
        0.43560000000000004,
        0.462608,
        0.27163600000000004,
        0.237823,
        0.498599,
        0.09823,
        0.490952,
        0.49170400000000003,
        0.11454399999999999,
        0.453815,
        0.93951,
        1.42184,
        0.387023,
        0.475137,
        0.256407,
        0.079732,
        0.114276,
        1.212928,
        0.285506,
        0.462523,
        0.461716,
        0.380348,
        0.0,
        0.045691,
        1.222361,
        0.258367,
        0.7541169999999999,
        0.301798,
        0.57778,
        0.266308,
        0.464674,
        0.454443,
        0.425889
    ],
    [
        0.44299,
        0.469999,
        0.225946,
        0.245214,
        0.50599,
        0.10562099999999999,
        0.49834300000000004,
        0.499095,
        0.121935,
        0.461206,
        0.946901,
        1.438922,
        0.34133300000000005,
        0.482528,
        0.263798,
        0.096813,
        0.068585,
        1.258618,
        0.292897,
        0.469914,
        0.46910700000000005,
        0.387739,
        0.045691,
        0.0,
        1.268051,
        0.21267599999999998,
        0.7615069999999999,
        0.25610700000000003,
        0.585171,
        0.273699,
        0.418983,
        0.461834,
        0.43328
    ],
    [
        1.6143910000000001,
        1.6413989999999998,
        1.509026,
        1.416615,
        1.677391,
        1.2770219999999999,
        1.669744,
        1.6704949999999998,
        1.293336,
        1.632607,
        2.0577240000000003,
        2.072911,
        1.606438,
        1.653929,
        1.4351990000000001,
        1.2585229999999998,
        1.3097860000000001,
        0.009433,
        1.464298,
        1.641315,
        1.640508,
        1.5591400000000002,
        1.222361,
        1.268051,
        0.0,
        1.465076,
        1.8723299999999998,
        1.523794,
        1.7565719999999998,
        1.445099,
        1.615975,
        1.633235,
        1.604681
    ],
    [
        0.29924,
        0.361722,
        0.088879,
        0.136937,
        0.361634,
        0.188054,
        0.35459199999999996,
        0.355344,
        0.17174,
        0.317455,
        0.803151,
        1.566744,
        0.236997,
        0.338778,
        0.155522,
        0.224635,
        0.185971,
        1.455643,
        0.184621,
        0.32616300000000004,
        0.360831,
        0.219537,
        0.258367,
        0.21267599999999998,
        1.465076,
        0.0,
        0.617757,
        0.058718000000000006,
        0.44142000000000003,
        0.16542199999999999,
        0.379546,
        0.318084,
        0.28952999999999995
    ],
    [
        0.34998399999999996,
        0.471037,
        0.598989,
        0.516294,
        0.31550599999999995,
        0.655886,
        0.307859,
        0.30861099999999997,
        0.639572,
        0.368199,
        0.213869,
        1.617974,
        0.711259,
        0.278979,
        0.5601459999999999,
        0.692468,
        0.7982290000000001,
        1.862897,
        0.48345499999999997,
        0.301957,
        0.471992,
        0.44449299999999997,
        0.7541169999999999,
        0.7615069999999999,
        1.8723299999999998,
        0.617757,
        0.0,
        0.575471,
        0.394687,
        0.48780900000000005,
        0.824197,
        0.306331,
        0.36990100000000004
    ],
    [
        0.256954,
        0.327495,
        0.030161999999999998,
        0.195655,
        0.316005,
        0.246772,
        0.312306,
        0.313058,
        0.230458,
        0.275169,
        0.760865,
        1.625462,
        0.209809,
        0.29649200000000003,
        0.214239,
        0.283353,
        0.229402,
        1.514361,
        0.19168000000000002,
        0.283877,
        0.32660300000000003,
        0.177251,
        0.301798,
        0.25610700000000003,
        1.523794,
        0.058718000000000006,
        0.575471,
        0.0,
        0.399134,
        0.21087899999999998,
        0.35150200000000004,
        0.275798,
        0.247243
    ],
    [
        0.173647,
        0.406754,
        0.42265199999999997,
        0.339957,
        0.110437,
        0.479549,
        0.086828,
        0.086076,
        0.463235,
        0.191862,
        0.5800810000000001,
        1.858239,
        0.534922,
        0.115708,
        0.383809,
        0.516131,
        0.621892,
        1.7471379999999999,
        0.307118,
        0.12562,
        0.405863,
        0.268156,
        0.57778,
        0.585171,
        1.7565719999999998,
        0.44142000000000003,
        0.394687,
        0.399134,
        0.0,
        0.31147199999999997,
        0.619128,
        0.136878,
        0.19356399999999999
    ],
    [
        0.169292,
        0.1963,
        0.234397,
        0.028485,
        0.232291,
        0.168077,
        0.224644,
        0.22539599999999999,
        0.151763,
        0.187507,
        0.673203,
        1.546767,
        0.34666699999999995,
        0.20883000000000002,
        0.072337,
        0.20465899999999998,
        0.342284,
        1.4356659999999999,
        0.019199,
        0.196215,
        0.195409,
        0.114041,
        0.266308,
        0.273699,
        1.445099,
        0.16542199999999999,
        0.48780900000000005,
        0.21087899999999998,
        0.31147199999999997,
        0.0,
        0.489216,
        0.188136,
        0.159581
    ],
    [
        0.506146,
        0.605831,
        0.322197,
        0.5164829999999999,
        0.50869,
        0.524605,
        0.5323,
        0.533052,
        0.5512859999999999,
        0.524362,
        1.00959,
        1.857905,
        0.142549,
        0.545217,
        0.535068,
        0.5157970000000001,
        0.379531,
        1.606542,
        0.470017,
        0.533069,
        0.60494,
        0.38017,
        0.464674,
        0.418983,
        1.615975,
        0.379546,
        0.824197,
        0.35150200000000004,
        0.619128,
        0.489216,
        0.0,
        0.52499,
        0.496436
    ],
    [
        0.05031,
        0.283418,
        0.299315,
        0.21662,
        0.057698,
        0.356213,
        0.05005,
        0.050802,
        0.339899,
        0.06852599999999999,
        0.491725,
        1.734903,
        0.411585,
        0.034235999999999996,
        0.260473,
        0.392794,
        0.498556,
        1.623802,
        0.183782,
        0.021622,
        0.282526,
        0.14482,
        0.454443,
        0.461834,
        1.633235,
        0.318084,
        0.306331,
        0.275798,
        0.136878,
        0.188136,
        0.52499,
        0.0,
        0.070228
    ],
    [
        0.051384,
        0.254863,
        0.27076100000000003,
        0.188066,
        0.114383,
        0.327659,
        0.106736,
        0.107488,
        0.31134500000000004,
        0.06959900000000001,
        0.555295,
        1.706349,
        0.383031,
        0.090922,
        0.23191900000000001,
        0.36424,
        0.47000200000000003,
        1.595248,
        0.155227,
        0.078307,
        0.25397200000000003,
        0.11626600000000001,
        0.425889,
        0.43328,
        1.604681,
        0.28952999999999995,
        0.36990100000000004,
        0.247243,
        0.19356399999999999,
        0.159581,
        0.496436,
        0.070228,
        0.0
    ]
]