[
    [
        0.0,
        0.515145,
        0.035,
        0.10737000000000001,
        0.9641559999999999,
        0.27447000000000005,
        1.3622100000000001,
        0.637182,
        0.6784009999999999,
        1.225908,
        1.766185,
        0.31569400000000003,
        1.558472,
        0.006649,
        1.9731859999999999,
        0.362916,
        1.23098,
        0.30009199999999997,
        0.574656,
        1.232125,
        2.8102289999999996,
        0.182485,
        0.722855,
        0.545902,
        2.511454,
        2.219936,
        1.2337719999999999,
        0.6838730000000001,
        1.239756,
        1.0809259999999998,
        2.722298,
        0.365759,
        2.150223,
        0.626305,
        2.339565,
        0.42479500000000003,
        1.205583,
        2.763435,
        1.04281,
        0.865861,
        0.817385,
        0.695616,
        0.993462,
        2.823398,
        1.56622,
        0.266425,
        0.115959,
        2.807033,
        1.448474,
        0.307131,
        0.41748399999999997,
        1.0967660000000001,
        1.423227,
        0.30461200000000005,
        0.13223,
        1.8777819999999998,
        0.801042,
        1.175338,
        1.506943,
        1.988329
    ],
    [
        0.515145,
        0.0,
        0.5327770000000001,
        0.607304,
        0.970915,
        0.60977,
        1.208524,
        0.6563680000000001,
        0.481359,
        1.079424,
        1.764092,
        0.6509940000000001,
        1.482016,
        0.504426,
        1.8202429999999998,
        0.637667,
        1.084495,
        0.54257,
        0.499387,
        1.271992,
        2.663745,
        0.476049,
        0.587878,
        0.881202,
        2.36497,
        2.2887220000000004,
        1.080086,
        1.019173,
        1.0860699999999999,
        0.9272400000000001,
        2.575814,
        0.29277600000000004,
        2.2190100000000004,
        0.491327,
        2.027598,
        0.699545,
        1.2428350000000001,
        3.098735,
        1.061997,
        0.968207,
        0.8365710000000001,
        1.030916,
        1.328762,
        2.676914,
        1.4897639999999999,
        0.6017250000000001,
        0.40246,
        2.6609520000000004,
        1.2947870000000001,
        0.516306,
        0.752784,
        0.94308,
        1.269541,
        0.639912,
        0.609248,
        1.731298,
        1.12605,
        1.021652,
        1.434419,
        1.841845
    ],
    [
        0.035,
        0.5327770000000001,
        0.0,
        0.087336,
        0.8108139999999999,
        0.121128,
        1.398317,
        0.673289,
        0.714507,
        1.262015,
        1.612843,
        0.162352,
        1.594578,
        0.028350999999999998,
        2.009292,
        0.399023,
        1.267086,
        0.336199,
        0.6107630000000001,
        1.0269860000000002,
        2.846335,
        0.218592,
        0.758962,
        0.39256,
        2.547561,
        2.0665940000000003,
        1.2698779999999998,
        0.530531,
        1.275863,
        1.117032,
        2.758405,
        0.401865,
        1.9968810000000001,
        0.662411,
        2.3756720000000002,
        0.356671,
        0.9623079999999999,
        2.610093,
        1.078917,
        0.622585,
        0.8534919999999999,
        0.542274,
        0.84012,
        2.859504,
        1.602326,
        0.113084,
        0.150959,
        2.8431390000000003,
        1.48458,
        0.343238,
        0.264142,
        1.132873,
        1.4593340000000001,
        0.151271,
        0.097231,
        1.913889,
        0.6477,
        1.2114449999999999,
        1.54305,
        2.024436
    ],
    [
        0.10737000000000001,
        0.607304,
        0.087336,
        0.0,
        0.723478,
        0.033792,
        1.31098,
        0.585952,
        0.627171,
        1.174678,
        1.525506,
        0.075016,
        1.507242,
        0.10072199999999999,
        1.921956,
        0.31168599999999996,
        1.17975,
        0.248862,
        0.5234260000000001,
        1.0295830000000001,
        2.7589989999999998,
        0.131256,
        0.671626,
        0.305224,
        2.460225,
        1.979258,
        1.182542,
        0.443195,
        1.188526,
        1.029696,
        2.671068,
        0.314529,
        1.909545,
        0.575075,
        2.2883359999999997,
        0.269335,
        0.964905,
        2.522757,
        0.991581,
        0.625182,
        0.766156,
        0.454938,
        0.752784,
        2.772168,
        1.51499,
        0.025747,
        0.22043100000000002,
        2.755803,
        1.397244,
        0.255901,
        0.17680600000000002,
        1.045536,
        1.3719970000000001,
        0.06393399999999999,
        0.184567,
        1.826553,
        0.5603640000000001,
        1.1241079999999999,
        1.455714,
        1.9370999999999998
    ],
    [
        0.9641559999999999,
        0.970915,
        0.8108139999999999,
        0.723478,
        0.0,
        0.689686,
        0.701354,
        0.475293,
        0.8395,
        0.789011,
        0.9684349999999999,
        0.755308,
        0.929043,
        0.9708049999999999,
        1.357288,
        0.805414,
        0.794082,
        0.7407699999999999,
        0.611279,
        1.555858,
        2.189641,
        0.7720199999999999,
        0.7637820000000001,
        0.6086,
        1.8908669999999999,
        1.422186,
        0.796875,
        0.321385,
        0.802859,
        0.518341,
        2.10171,
        0.769913,
        1.352474,
        0.682219,
        2.121863,
        0.535671,
        1.4911800000000002,
        2.306206,
        0.413381,
        1.148491,
        0.35974,
        0.333128,
        0.372058,
        2.20281,
        0.936791,
        0.732075,
        0.9436509999999999,
        2.186445,
        0.787617,
        0.43330399999999997,
        0.575877,
        0.62403,
        0.762371,
        0.744227,
        0.7919189999999999,
        1.2571949999999998,
        0.17767,
        0.639967,
        0.877514,
        1.345069
    ],
    [
        0.27447000000000005,
        0.60977,
        0.121128,
        0.033792,
        0.689686,
        0.0,
        1.313445,
        0.588418,
        0.629636,
        1.177143,
        1.491715,
        0.077481,
        1.5097070000000001,
        0.281118,
        1.9244210000000002,
        0.314152,
        1.182215,
        0.251328,
        0.525891,
        1.032048,
        2.761464,
        0.133721,
        0.674091,
        0.26603899999999997,
        2.4626900000000003,
        1.945466,
        1.1850070000000001,
        0.409403,
        1.190992,
        1.032161,
        2.673533,
        0.31699400000000005,
        1.875753,
        0.5775399999999999,
        2.290801,
        0.235543,
        0.96737,
        2.4889650000000003,
        0.9940460000000001,
        0.627648,
        0.768621,
        0.421146,
        0.718992,
        2.7746329999999997,
        1.517455,
        0.028212,
        0.253965,
        2.758268,
        1.399709,
        0.258367,
        0.143014,
        1.048001,
        1.374463,
        0.066399,
        0.218359,
        1.829018,
        0.526572,
        1.126573,
        1.4581790000000001,
        1.939565
    ],
    [
        1.3622100000000001,
        1.208524,
        1.398317,
        1.31098,
        0.701354,
        1.313445,
        0.0,
        0.725028,
        0.871746,
        0.37249,
        0.661023,
        1.324578,
        0.273492,
        1.338767,
        0.683292,
        1.2913979999999998,
        0.367418,
        1.1183830000000001,
        0.8139959999999999,
        2.236012,
        1.515645,
        1.1496330000000001,
        0.7960280000000001,
        1.288754,
        1.21687,
        1.2445719999999998,
        0.321551,
        1.001539,
        0.327535,
        0.306588,
        1.427714,
        1.110719,
        1.1748589999999999,
        0.717182,
        1.867702,
        1.215824,
        2.18296,
        2.626409,
        0.289308,
        1.828645,
        0.36655,
        1.013282,
        0.8017029999999999,
        1.5288140000000001,
        0.28124,
        1.275309,
        1.311614,
        1.512448,
        0.086263,
        0.9626399999999999,
        1.256031,
        0.285837,
        0.061017,
        1.313496,
        1.465455,
        0.583198,
        0.8578239999999999,
        0.188466,
        0.225895,
        0.671073
    ],
    [
        0.637182,
        0.6563680000000001,
        0.673289,
        0.585952,
        0.475293,
        0.588418,
        0.725028,
        0.0,
        0.46245299999999995,
        0.588726,
        1.274076,
        0.629642,
        0.99852,
        0.643831,
        1.336004,
        0.5964619999999999,
        0.593797,
        0.423447,
        0.291254,
        1.584209,
        2.173047,
        0.454697,
        0.394247,
        0.85985,
        1.874272,
        1.798706,
        0.5965900000000001,
        0.779748,
        0.6025739999999999,
        0.443744,
        2.085116,
        0.45259,
        1.728994,
        0.31539999999999996,
        1.921578,
        0.658341,
        1.519531,
        2.764569,
        0.5487029999999999,
        1.179808,
        0.19587700000000002,
        0.791492,
        0.851682,
        2.186216,
        1.006268,
        0.580373,
        0.616678,
        2.169851,
        0.8112910000000001,
        0.33714299999999997,
        0.731432,
        0.459584,
        0.786045,
        0.61856,
        0.770519,
        1.2406,
        0.636034,
        0.538156,
        0.950923,
        1.3511469999999999
    ],
    [
        0.6784009999999999,
        0.481359,
        0.714507,
        0.627171,
        0.8395,
        0.629636,
        0.871746,
        0.46245299999999995,
        0.0,
        0.6602509999999999,
        1.532769,
        0.67086,
        1.145238,
        0.6850499999999999,
        1.403629,
        0.637681,
        0.665323,
        0.464666,
        0.187768,
        1.62671,
        2.241075,
        0.495915,
        0.122627,
        0.901068,
        1.941897,
        2.116318,
        0.743308,
        1.039039,
        0.705206,
        0.590462,
        2.1566419999999997,
        0.383555,
        2.046605,
        0.172254,
        1.724981,
        0.6995589999999999,
        1.56075,
        3.1231709999999997,
        0.6954210000000001,
        1.221027,
        0.526768,
        1.0507819999999999,
        1.210283,
        2.2542440000000004,
        1.152986,
        0.621592,
        0.6123930000000001,
        2.237879,
        0.95801,
        0.399094,
        0.77265,
        0.606302,
        0.932763,
        0.659779,
        0.8117380000000001,
        1.312126,
        0.994636,
        0.684874,
        1.097641,
        1.422673
    ],
    [
        1.225908,
        1.079424,
        1.262015,
        1.174678,
        0.789011,
        1.177143,
        0.37249,
        0.588726,
        0.6602509999999999,
        0.0,
        0.9888440000000001,
        1.199659,
        0.47802300000000003,
        1.213848,
        0.747278,
        1.166479,
        0.005072,
        0.993464,
        0.6776939999999999,
        2.154226,
        1.5843209999999999,
        1.024714,
        0.522651,
        1.375076,
        1.285546,
        1.622374,
        0.050939,
        1.0878610000000002,
        0.044954999999999995,
        0.253566,
        1.49639,
        0.974417,
        1.552661,
        0.58088,
        1.5423930000000001,
        1.2283579999999998,
        2.0895479999999997,
        2.7506399999999998,
        0.358525,
        1.749825,
        0.417403,
        1.099604,
        0.875394,
        1.59749,
        0.485771,
        1.15039,
        1.1866949999999998,
        1.581528,
        0.418066,
        0.925869,
        1.342352,
        0.208338,
        0.419182,
        1.188577,
        1.340536,
        0.651875,
        0.9441459999999999,
        0.185618,
        0.47015300000000004,
        0.762422
    ],
    [
        1.766185,
        1.764092,
        1.612843,
        1.525506,
        0.9684349999999999,
        1.491715,
        0.661023,
        1.274076,
        1.532769,
        0.9888440000000001,
        0.0,
        1.557337,
        0.537447,
        1.772833,
        0.601549,
        1.607442,
        0.983773,
        1.531171,
        1.40168,
        2.3578870000000003,
        1.433902,
        1.6254359999999999,
        1.439674,
        1.410629,
        1.135127,
        0.778732,
        0.975966,
        1.123414,
        0.969982,
        0.9324199999999999,
        1.345971,
        1.560314,
        0.709019,
        1.360828,
        2.416986,
        1.337699,
        2.293209,
        2.720514,
        0.869407,
        1.9505190000000001,
        0.992382,
        1.135157,
        0.8894070000000001,
        1.447071,
        0.5296989999999999,
        1.5341040000000001,
        1.7456800000000001,
        1.4307059999999998,
        0.6408469999999999,
        1.355249,
        1.377905,
        0.915023,
        0.63409,
        1.5462550000000002,
        1.5939469999999998,
        0.501455,
        1.002813,
        0.8321130000000001,
        0.642473,
        0.5620449999999999
    ],
    [
        0.31569400000000003,
        0.6509940000000001,
        0.162352,
        0.075016,
        0.755308,
        0.077481,
        1.324578,
        0.629642,
        0.67086,
        1.199659,
        1.557337,
        0.0,
        1.550931,
        0.32234199999999996,
        1.965645,
        0.35537599999999997,
        1.2234390000000002,
        0.29255200000000003,
        0.567115,
        1.027069,
        2.8026880000000003,
        0.174945,
        0.715315,
        0.302709,
        2.5039140000000004,
        2.011088,
        1.226231,
        0.475025,
        1.232216,
        1.073385,
        2.714757,
        0.35821800000000004,
        1.941375,
        0.618764,
        2.3320250000000002,
        0.313024,
        0.962391,
        2.554587,
        1.03527,
        0.622668,
        0.809845,
        0.486768,
        0.784614,
        2.815857,
        1.5586790000000001,
        0.049268,
        0.29518900000000003,
        2.7994920000000003,
        1.440933,
        0.299591,
        0.220495,
        1.0892249999999999,
        1.415687,
        0.011080999999999999,
        0.259583,
        1.870242,
        0.592194,
        1.167797,
        1.499403,
        1.980789
    ],
    [
        1.558472,
        1.482016,
        1.594578,
        1.507242,
        0.929043,
        1.5097070000000001,
        0.273492,
        0.99852,
        1.145238,
        0.47802300000000003,
        0.537447,
        1.550931,
        0.0,
        1.5651199999999998,
        0.423091,
        1.517752,
        0.472952,
        1.344737,
        1.0912789999999999,
        2.462366,
        1.255444,
        1.3759860000000002,
        1.000674,
        1.515108,
        0.956669,
        1.2938859999999999,
        0.465145,
        1.2278930000000001,
        0.459161,
        0.566058,
        1.167513,
        1.3738800000000002,
        1.224173,
        0.994465,
        1.898663,
        1.4421780000000002,
        2.4093139999999997,
        2.930015,
        0.5487770000000001,
        2.054998,
        0.626019,
        1.239636,
        1.0237859999999999,
        1.2690160000000001,
        0.0077480000000000005,
        1.501663,
        1.537967,
        1.252248,
        0.210934,
        1.188993,
        1.482384,
        0.5486599999999999,
        0.21205000000000002,
        1.53985,
        1.691809,
        0.32299700000000003,
        1.084178,
        0.46575,
        0.208705,
        0.410872
    ],
    [
        0.006649,
        0.504426,
        0.028350999999999998,
        0.10072199999999999,
        0.9708049999999999,
        0.281118,
        1.338767,
        0.643831,
        0.6850499999999999,
        1.213848,
        1.772833,
        0.32234199999999996,
        1.5651199999999998,
        0.0,
        1.979835,
        0.369565,
        1.237628,
        0.306741,
        0.581305,
        1.2387739999999998,
        2.816877,
        0.189134,
        0.729504,
        0.55255,
        2.518103,
        2.226585,
        1.24042,
        0.6905209999999999,
        1.246405,
        1.087575,
        2.7289470000000002,
        0.372407,
        2.156872,
        0.632953,
        2.346214,
        0.43144299999999997,
        1.212232,
        2.770083,
        1.0494590000000001,
        0.872509,
        0.824034,
        0.702264,
        1.000111,
        2.830047,
        1.572868,
        0.27307400000000004,
        0.12260800000000001,
        2.813681,
        1.455122,
        0.31377999999999995,
        0.424133,
        1.103415,
        1.429876,
        0.311261,
        0.125582,
        1.884431,
        0.807691,
        1.1819870000000001,
        1.513592,
        1.9949780000000001
    ],
    [
        1.9731859999999999,
        1.8202429999999998,
        2.009292,
        1.921956,
        1.357288,
        1.9244210000000002,
        0.683292,
        1.336004,
        1.403629,
        0.747278,
        0.601549,
        1.965645,
        0.423091,
        1.979835,
        0.0,
        1.966825,
        0.748116,
        1.79381,
        1.47804,
        2.948769,
        1.006799,
        1.82506,
        1.322997,
        1.989885,
        0.7076209999999999,
        1.29254,
        0.7403099999999999,
        1.702669,
        0.734325,
        0.975857,
        0.8451649999999999,
        1.7747639999999998,
        1.222827,
        1.381226,
        1.9414280000000002,
        1.916955,
        2.8840909999999997,
        3.29977,
        0.958576,
        2.529775,
        1.035819,
        1.714412,
        1.4692619999999998,
        1.019968,
        0.415343,
        1.9507370000000002,
        1.9870409999999998,
        1.003603,
        0.6182799999999999,
        1.7262149999999998,
        1.9571610000000002,
        0.897709,
        0.619396,
        1.988923,
        2.1408829999999996,
        0.195728,
        1.582069,
        0.8749880000000001,
        0.627422,
        0.332544
    ],
    [
        0.362916,
        0.637667,
        0.399023,
        0.31168599999999996,
        0.805414,
        0.314152,
        1.2913979999999998,
        0.5964619999999999,
        0.637681,
        1.166479,
        1.607442,
        0.35537599999999997,
        1.517752,
        0.369565,
        1.966825,
        0.0,
        1.190259,
        0.259372,
        0.5339360000000001,
        1.309943,
        2.769509,
        0.180431,
        0.6821349999999999,
        0.381767,
        2.4707339999999998,
        2.061194,
        1.193052,
        0.52513,
        1.199036,
        1.040206,
        2.681578,
        0.351358,
        1.991481,
        0.585585,
        2.2988449999999996,
        0.19647499999999998,
        1.245265,
        2.604692,
        1.00209,
        0.9055420000000001,
        0.7766649999999999,
        0.536873,
        0.83472,
        2.7826779999999998,
        1.5255,
        0.306107,
        0.342412,
        2.766312,
        1.407753,
        0.25346199999999997,
        0.258742,
        1.056046,
        1.3825070000000002,
        0.344294,
        0.496253,
        1.837062,
        0.6423,
        1.134618,
        1.466223,
        1.947609
    ],
    [
        1.23098,
        1.084495,
        1.267086,
        1.17975,
        0.794082,
        1.182215,
        0.367418,
        0.593797,
        0.665323,
        0.005072,
        0.983773,
        1.2234390000000002,
        0.472952,
        1.237628,
        0.748116,
        1.190259,
        0.0,
        0.998536,
        0.682765,
        2.1592979999999997,
        1.579653,
        1.0297850000000002,
        0.5277229999999999,
        1.380148,
        1.2804749999999998,
        1.617302,
        0.045868,
        1.092932,
        0.039883,
        0.258637,
        1.491319,
        0.979489,
        1.5475889999999999,
        0.585951,
        1.5474649999999999,
        1.233429,
        2.09462,
        2.745568,
        0.363597,
        1.754897,
        0.42247500000000004,
        1.1046749999999999,
        0.880466,
        1.592822,
        0.4807,
        1.155462,
        1.191766,
        1.5760530000000001,
        0.412994,
        0.9309400000000001,
        1.347424,
        0.203266,
        0.41411000000000003,
        1.193649,
        1.345608,
        0.646803,
        0.949218,
        0.18054599999999998,
        0.465081,
        0.75735
    ],
    [
        0.30009199999999997,
        0.54257,
        0.336199,
        0.248862,
        0.7407699999999999,
        0.251328,
        1.1183830000000001,
        0.423447,
        0.464666,
        0.993464,
        1.531171,
        0.29255200000000003,
        1.344737,
        0.306741,
        1.79381,
        0.259372,
        0.998536,
        0.0,
        0.360921,
        1.2471189999999999,
        2.5964940000000003,
        0.117607,
        0.5091209999999999,
        0.52276,
        2.297719,
        2.0558009999999998,
        1.020037,
        0.66073,
        1.0260209999999998,
        0.867191,
        2.508563,
        0.24979400000000002,
        1.986089,
        0.41257,
        2.12583,
        0.32125099999999995,
        1.182441,
        2.7402919999999997,
        0.829075,
        0.842718,
        0.60365,
        0.672474,
        0.9703200000000001,
        2.609663,
        1.352485,
        0.243283,
        0.279588,
        2.593298,
        1.234739,
        0.065954,
        0.39434199999999997,
        0.8830309999999999,
        1.209492,
        0.28147000000000005,
        0.43342899999999995,
        1.664048,
        0.7778999999999999,
        0.961603,
        1.2932080000000001,
        1.774594
    ],
    [
        0.574656,
        0.499387,
        0.6107630000000001,
        0.5234260000000001,
        0.611279,
        0.525891,
        0.8139959999999999,
        0.291254,
        0.187768,
        0.6776939999999999,
        1.40168,
        0.567115,
        1.0912789999999999,
        0.581305,
        1.47804,
        0.5339360000000001,
        0.682765,
        0.360921,
        0.0,
        1.521683,
        2.262015,
        0.392171,
        0.19335,
        0.7973239999999999,
        1.96324,
        1.9263109999999999,
        0.685557,
        0.907353,
        0.691542,
        0.532712,
        2.1740839999999997,
        0.390064,
        1.856598,
        0.09679900000000001,
        1.81006,
        0.5958150000000001,
        1.457005,
        2.892174,
        0.6376710000000001,
        1.1172819999999999,
        0.469018,
        0.919096,
        0.979286,
        2.2751840000000003,
        1.095236,
        0.517847,
        0.554151,
        2.2592220000000003,
        0.900259,
        0.295349,
        0.668906,
        0.548552,
        0.875013,
        0.556034,
        0.7079930000000001,
        1.329568,
        0.763638,
        0.627124,
        1.0398910000000001,
        1.440115
    ],
    [
        1.232125,
        1.271992,
        1.0269860000000002,
        1.0295830000000001,
        1.555858,
        1.032048,
        2.236012,
        1.584209,
        1.62671,
        2.154226,
        2.3578870000000003,
        1.027069,
        2.462366,
        1.2387739999999998,
        2.948769,
        1.309943,
        2.1592979999999997,
        1.2471189999999999,
        1.521683,
        0.0,
        3.781122,
        1.129513,
        1.669882,
        1.114886,
        3.4823470000000003,
        2.8232649999999997,
        2.180799,
        1.287201,
        2.1867829999999997,
        2.027953,
        3.6931909999999997,
        1.221037,
        2.753552,
        1.5733320000000002,
        3.259997,
        1.2611569999999999,
        0.064678,
        3.243971,
        1.9583309999999998,
        0.560254,
        1.764412,
        1.2989439999999999,
        1.59679,
        3.7942910000000003,
        2.48174,
        1.003836,
        1.136808,
        3.777926,
        2.316319,
        1.2541579999999999,
        1.067393,
        2.043793,
        2.291073,
        1.015987,
        0.9286190000000001,
        2.8486759999999998,
        1.40437,
        2.122365,
        2.422463,
        2.909265
    ],
    [
        2.8102289999999996,
        2.663745,
        2.846335,
        2.7589989999999998,
        2.189641,
        2.761464,
        1.515645,
        2.173047,
        2.241075,
        1.5843209999999999,
        1.433902,
        2.8026880000000003,
        1.255444,
        2.816877,
        1.006799,
        2.769509,
        1.579653,
        2.5964940000000003,
        2.262015,
        3.781122,
        0.0,
        2.609438,
        2.107375,
        2.822641,
        0.468704,
        1.286482,
        1.571846,
        2.5354259999999997,
        1.565862,
        1.808613,
        0.784143,
        2.559142,
        1.4325029999999999,
        2.1656039999999996,
        2.9482269999999997,
        2.7497109999999996,
        3.705221,
        3.0721570000000002,
        1.791333,
        3.362531,
        1.868575,
        2.547169,
        2.3014189999999997,
        0.504517,
        1.2480989999999998,
        2.735115,
        2.771419,
        0.488152,
        1.4510370000000001,
        2.5105929999999996,
        2.789917,
        1.729245,
        1.452152,
        2.773302,
        2.925261,
        0.932446,
        2.414825,
        1.708306,
        1.4601780000000002,
        0.963449
    ],
    [
        0.182485,
        0.476049,
        0.218592,
        0.131256,
        0.7720199999999999,
        0.133721,
        1.1496330000000001,
        0.454697,
        0.495915,
        1.024714,
        1.6254359999999999,
        0.174945,
        1.3759860000000002,
        0.189134,
        1.82506,
        0.180431,
        1.0297850000000002,
        0.117607,
        0.392171,
        1.129513,
        2.609438,
        0.0,
        0.54037,
        0.40515300000000004,
        2.328969,
        2.079187,
        1.0512860000000002,
        0.543124,
        1.0572709999999998,
        0.89844,
        2.539812,
        0.183273,
        2.009474,
        0.443819,
        2.15708,
        0.242309,
        1.064835,
        2.6226860000000003,
        0.860325,
        0.725112,
        0.6349,
        0.554867,
        0.8527129999999999,
        2.640913,
        1.383734,
        0.125677,
        0.16198099999999999,
        2.6249499999999997,
        1.2659880000000001,
        0.124646,
        0.276735,
        0.9142809999999999,
        1.240741,
        0.163864,
        0.31582299999999996,
        1.695297,
        0.660293,
        0.992853,
        1.3244580000000001,
        1.805844
    ],
    [
        0.722855,
        0.587878,
        0.758962,
        0.671626,
        0.7637820000000001,
        0.674091,
        0.7960280000000001,
        0.394247,
        0.122627,
        0.522651,
        1.439674,
        0.715315,
        1.000674,
        0.729504,
        1.322997,
        0.6821349999999999,
        0.5277229999999999,
        0.5091209999999999,
        0.19335,
        1.669882,
        2.107375,
        0.54037,
        0.0,
        0.945523,
        1.81927,
        2.0406,
        0.588563,
        1.062632,
        0.582579,
        0.514744,
        2.034014,
        0.490074,
        1.9708869999999998,
        0.096536,
        1.61671,
        0.7440140000000001,
        1.605205,
        3.047453,
        0.619703,
        1.265482,
        0.45105,
        1.074375,
        1.134565,
        2.1312130000000002,
        1.019495,
        0.6660470000000001,
        0.702351,
        2.115251,
        0.8822920000000001,
        0.44354899999999997,
        0.817105,
        0.530584,
        0.857045,
        0.704234,
        0.856193,
        1.189499,
        0.918918,
        0.6091559999999999,
        1.021923,
        1.2961449999999999
    ],
    [
        0.545902,
        0.881202,
        0.39256,
        0.305224,
        0.6086,
        0.26603899999999997,
        1.288754,
        0.85985,
        0.901068,
        1.375076,
        1.410629,
        0.302709,
        1.515108,
        0.55255,
        1.989885,
        0.381767,
        1.380148,
        0.52276,
        0.7973239999999999,
        1.114886,
        2.822641,
        0.40515300000000004,
        0.945523,
        0.0,
        2.523463,
        1.8643800000000001,
        1.38294,
        0.328317,
        1.388924,
        1.104406,
        2.734307,
        0.588426,
        1.794668,
        0.848972,
        2.562233,
        0.345994,
        1.050208,
        2.28948,
        0.9994460000000001,
        0.53989,
        0.9458049999999999,
        0.34006000000000003,
        0.637906,
        2.83581,
        1.522856,
        0.279476,
        0.525397,
        2.8190410000000004,
        1.357435,
        0.529799,
        0.15222999999999998,
        1.210095,
        1.3321880000000001,
        0.291628,
        0.33932,
        1.889791,
        0.445486,
        1.231638,
        1.463579,
        1.9503810000000001
    ],
    [
        2.511454,
        2.36497,
        2.547561,
        2.460225,
        1.8908669999999999,
        2.4626900000000003,
        1.21687,
        1.874272,
        1.941897,
        1.285546,
        1.135127,
        2.5039140000000004,
        0.956669,
        2.518103,
        0.7076209999999999,
        2.4707339999999998,
        1.2804749999999998,
        2.297719,
        1.96324,
        3.4823470000000003,
        0.468704,
        2.328969,
        1.81927,
        2.523463,
        0.0,
        1.1669459999999998,
        1.272668,
        2.2362480000000002,
        1.266684,
        1.509436,
        0.509196,
        2.259964,
        1.133326,
        1.866426,
        2.6490500000000003,
        2.450533,
        3.417669,
        3.3697489999999997,
        1.492155,
        3.063354,
        1.569397,
        2.247991,
        2.00284,
        0.481873,
        0.948827,
        2.435937,
        2.472241,
        0.465508,
        1.151859,
        2.211415,
        2.490739,
        1.430067,
        1.1529749999999999,
        2.4741239999999998,
        2.626083,
        0.633578,
        2.115647,
        1.409128,
        1.161,
        0.664271
    ],
    [
        2.219936,
        2.2887220000000004,
        2.0665940000000003,
        1.979258,
        1.422186,
        1.945466,
        1.2445719999999998,
        1.798706,
        2.116318,
        1.622374,
        0.778732,
        2.011088,
        1.2938859999999999,
        2.226585,
        1.29254,
        2.061194,
        1.617302,
        2.0558009999999998,
        1.9263109999999999,
        2.8232649999999997,
        1.286482,
        2.079187,
        2.0406,
        1.8643800000000001,
        1.1669459999999998,
        0.0,
        1.552673,
        1.577165,
        1.5586579999999999,
        1.5198969999999998,
        1.606862,
        2.084944,
        0.069713,
        1.999967,
        3.0590230000000003,
        1.79145,
        2.758587,
        2.225218,
        1.4826579999999998,
        2.404271,
        1.579859,
        1.588908,
        1.343758,
        1.479293,
        1.286138,
        1.987855,
        2.199431,
        1.462928,
        1.2468130000000002,
        1.809,
        1.8316569999999999,
        1.502499,
        1.221567,
        2.000007,
        2.047699,
        1.192446,
        1.456565,
        1.419589,
        1.326052,
        0.959996
    ],
    [
        1.2337719999999999,
        1.080086,
        1.2698779999999998,
        1.182542,
        0.796875,
        1.1850070000000001,
        0.321551,
        0.5965900000000001,
        0.743308,
        0.050939,
        0.975966,
        1.226231,
        0.465145,
        1.24042,
        0.7403099999999999,
        1.193052,
        0.045868,
        1.020037,
        0.685557,
        2.180799,
        1.571846,
        1.0512860000000002,
        0.588563,
        1.38294,
        1.272668,
        1.552673,
        0.0,
        1.095724,
        0.005984,
        0.257565,
        1.483512,
        0.982281,
        1.496409,
        0.588743,
        1.5933320000000002,
        1.236222,
        2.097412,
        2.699701,
        0.36260000000000003,
        1.757689,
        0.421403,
        1.1074680000000001,
        0.874995,
        1.5846120000000001,
        0.47289299999999995,
        1.158254,
        1.194558,
        1.56865,
        0.407814,
        0.9337329999999999,
        1.3502159999999999,
        0.157399,
        0.38256799999999996,
        1.196441,
        1.3484,
        0.638996,
        0.95201,
        0.134679,
        0.457275,
        0.749543
    ],
    [
        0.6838730000000001,
        1.019173,
        0.530531,
        0.443195,
        0.321385,
        0.409403,
        1.001539,
        0.779748,
        1.039039,
        1.0878610000000002,
        1.123414,
        0.475025,
        1.2278930000000001,
        0.6905209999999999,
        1.702669,
        0.52513,
        1.092932,
        0.66073,
        0.907353,
        1.287201,
        2.5354259999999997,
        0.543124,
        1.062632,
        0.328317,
        2.2362480000000002,
        1.577165,
        1.095724,
        0.0,
        1.101709,
        0.817191,
        2.447092,
        0.739923,
        1.507452,
        0.981069,
        2.420713,
        0.214286,
        1.2360499999999999,
        2.265635,
        0.712231,
        0.881734,
        0.65859,
        0.039784999999999994,
        0.350691,
        2.5485949999999997,
        1.235641,
        0.465318,
        0.676894,
        2.531826,
        1.070219,
        0.457931,
        0.30912,
        0.92288,
        1.044973,
        0.477469,
        0.525162,
        1.602576,
        0.158271,
        0.944423,
        1.176364,
        1.663165
    ],
    [
        1.239756,
        1.0860699999999999,
        1.275863,
        1.188526,
        0.802859,
        1.190992,
        0.327535,
        0.6025739999999999,
        0.705206,
        0.044954999999999995,
        0.969982,
        1.232216,
        0.459161,
        1.246405,
        0.734325,
        1.199036,
        0.039883,
        1.0260209999999998,
        0.691542,
        2.1867829999999997,
        1.565862,
        1.0572709999999998,
        0.582579,
        1.388924,
        1.266684,
        1.5586579999999999,
        0.005984,
        1.101709,
        0.0,
        0.26355,
        1.477528,
        0.988266,
        1.502394,
        0.5947279999999999,
        1.587348,
        1.242206,
        2.1033969999999997,
        2.705685,
        0.368584,
        1.763674,
        0.427387,
        1.113452,
        0.8809790000000001,
        1.5790309999999999,
        0.466909,
        1.164239,
        1.200543,
        1.5626659999999999,
        0.399204,
        0.939717,
        1.356201,
        0.163383,
        0.388552,
        1.202426,
        1.354385,
        0.6330119999999999,
        0.957994,
        0.140663,
        0.45129,
        0.743559
    ],
    [
        1.0809259999999998,
        0.9272400000000001,
        1.117032,
        1.029696,
        0.518341,
        1.032161,
        0.306588,
        0.443744,
        0.590462,
        0.253566,
        0.9324199999999999,
        1.073385,
        0.566058,
        1.087575,
        0.975857,
        1.040206,
        0.258637,
        0.867191,
        0.532712,
        2.027953,
        1.808613,
        0.89844,
        0.514744,
        1.104406,
        1.509436,
        1.5198969999999998,
        0.257565,
        0.817191,
        0.26355,
        0.0,
        1.7499559999999998,
        0.8294349999999999,
        1.467424,
        0.435898,
        1.5864179999999999,
        1.031476,
        1.944566,
        2.604254,
        0.104959,
        1.6048440000000002,
        0.16383699999999998,
        0.828934,
        0.6218279999999999,
        1.851056,
        0.573806,
        1.005408,
        1.041713,
        1.8346900000000002,
        0.392852,
        0.780887,
        1.071682,
        0.12056,
        0.367605,
        1.043595,
        1.195554,
        0.90544,
        0.673476,
        0.199132,
        0.516182,
        0.963638
    ],
    [
        2.722298,
        2.575814,
        2.758405,
        2.671068,
        2.10171,
        2.673533,
        1.427714,
        2.085116,
        2.1566419999999997,
        1.49639,
        1.345971,
        2.714757,
        1.167513,
        2.7289470000000002,
        0.8451649999999999,
        2.681578,
        1.491319,
        2.508563,
        2.1740839999999997,
        3.6931909999999997,
        0.784143,
        2.539812,
        2.034014,
        2.734307,
        0.509196,
        1.606862,
        1.483512,
        2.447092,
        1.477528,
        1.7499559999999998,
        0.0,
        2.470808,
        1.573241,
        2.07727,
        2.553455,
        2.661377,
        3.628513,
        3.809664,
        1.702999,
        3.274197,
        1.780241,
        2.458835,
        2.213684,
        0.578757,
        1.1597650000000002,
        2.646781,
        2.683085,
        0.562392,
        1.362703,
        2.422259,
        2.7015830000000003,
        1.640911,
        1.363818,
        2.684968,
        2.836927,
        0.8445159999999999,
        2.326491,
        1.619972,
        1.371844,
        0.9555119999999999
    ],
    [
        0.365759,
        0.29277600000000004,
        0.401865,
        0.314529,
        0.769913,
        0.31699400000000005,
        1.110719,
        0.45259,
        0.383555,
        0.974417,
        1.560314,
        0.35821800000000004,
        1.3738800000000002,
        0.372407,
        1.7747639999999998,
        0.351358,
        0.979489,
        0.24979400000000002,
        0.390064,
        1.221037,
        2.559142,
        0.183273,
        0.490074,
        0.588426,
        2.259964,
        2.084944,
        0.982281,
        0.739923,
        0.988266,
        0.8294349999999999,
        2.470808,
        0.0,
        2.015232,
        0.393523,
        2.129529,
        0.40676999999999996,
        1.248108,
        2.8059589999999996,
        0.8582179999999999,
        0.908385,
        0.632793,
        0.73814,
        1.035986,
        2.571907,
        1.3816279999999999,
        0.30895,
        0.237845,
        2.555946,
        1.196983,
        0.25683300000000003,
        0.460008,
        0.8452759999999999,
        1.171737,
        0.347137,
        0.499096,
        1.6262919999999998,
        0.843566,
        0.923848,
        1.322351,
        1.736839
    ],
    [
        2.150223,
        2.2190100000000004,
        1.9968810000000001,
        1.909545,
        1.352474,
        1.875753,
        1.1748589999999999,
        1.728994,
        2.046605,
        1.552661,
        0.709019,
        1.941375,
        1.224173,
        2.156872,
        1.222827,
        1.991481,
        1.5475889999999999,
        1.986089,
        1.856598,
        2.753552,
        1.4325029999999999,
        2.009474,
        1.9708869999999998,
        1.794668,
        1.133326,
        0.069713,
        1.496409,
        1.507452,
        1.502394,
        1.467424,
        1.573241,
        2.015232,
        0.0,
        1.930255,
        2.98931,
        1.721738,
        2.677248,
        2.272516,
        1.412945,
        2.334558,
