[
    [
        0.0,
        0.621936,
        0.112655,
        0.711736,
        1.072286,
        1.928449,
        0.774226,
        1.176043,
        0.8309610000000001,
        1.408905,
        1.1623050000000001,
        0.8912329999999999,
        0.181651,
        0.732105,
        0.7929489999999999,
        1.381497,
        0.666516,
        0.347939,
        2.2335390000000004,
        0.5760789999999999
    ],
    [
        0.621936,
        0.0,
        0.624093,
        0.607739,
        1.3171199999999998,
        2.170793,
        0.694886,
        1.012101,
        0.5877530000000001,
        0.803545,
        0.998364,
        0.293157,
        0.47912,
        0.612738,
        1.013977,
        1.9430619999999998,
        0.868359,
        0.48037,
        2.796568,
        1.041345
    ],
    [
        0.112655,
        0.624093,
        0.0,
        0.704277,
        1.106699,
        1.980906,
        0.7795979999999999,
        1.182924,
        0.823502,
        1.401446,
        1.1691859999999998,
        0.883774,
        0.174192,
        0.687683,
        0.82409,
        1.319679,
        0.693674,
        0.34048,
        2.1731860000000003,
        0.668414
    ],
    [
        0.711736,
        0.607739,
        0.704277,
        0.0,
        1.022576,
        1.8710609999999999,
        0.087147,
        0.485486,
        0.234897,
        1.041196,
        0.471748,
        0.557994,
        0.563908,
        0.9032939999999999,
        0.511507,
        2.036992,
        0.371634,
        0.368788,
        2.8904989999999997,
        0.82533
    ],
    [
        1.072286,
        1.3171199999999998,
        1.106699,
        1.022576,
        0.0,
        0.970854,
        0.965617,
        1.195354,
        1.134336,
        1.843153,
        1.2218440000000002,
        1.4179059999999999,
        1.0841120000000002,
        1.5913810000000002,
        0.660586,
        2.094666,
        0.652427,
        1.017066,
        2.68657,
        0.584582
    ],
    [
        1.928449,
        2.170793,
        1.980906,
        1.8710609999999999,
        0.970854,
        0.0,
        1.817018,
        2.1120279999999996,
        1.985737,
        2.759827,
        2.125766,
        2.278404,
        1.94461,
        2.451879,
        1.523863,
        1.842251,
        1.506106,
        1.877564,
        1.86702,
        1.433856
    ],
    [
        0.774226,
        0.694886,
        0.7795979999999999,
        0.087147,
        0.965617,
        1.817018,
        0.0,
        0.398339,
        0.168719,
        1.048813,
        0.384601,
        0.645141,
        0.6510560000000001,
        0.990442,
        0.46495299999999995,
        2.1094609999999996,
        0.32720699999999997,
        0.455935,
        2.962968,
        0.780903
    ],
    [
        1.176043,
        1.012101,
        1.182924,
        0.485486,
        1.195354,
        2.1120279999999996,
        0.398339,
        0.0,
        0.42422699999999997,
        0.6586219999999999,
        0.013738,
        0.961647,
        1.044954,
        1.382685,
        0.646085,
        2.5100819999999997,
        0.644642,
        0.849833,
        3.363589,
        1.168463
    ],
    [
        0.8309610000000001,
        0.5877530000000001,
        0.823502,
        0.234897,
        1.134336,
        1.985737,
        0.168719,
        0.42422699999999997,
        0.0,
        0.8799450000000001,
        0.41061000000000003,
        0.538008,
        0.683447,
        0.958938,
        0.512816,
        2.1565309999999998,
        0.494959,
        0.488327,
        3.010038,
        0.949622
    ],
    [
        1.408905,
        0.803545,
        1.401446,
        1.041196,
        1.843153,
        2.759827,
        1.048813,
        0.6586219999999999,
        0.8799450000000001,
        0.0,
        0.67153,
        0.579666,
        1.2563469999999999,
        1.400733,
        1.293934,
        2.729044,
        1.29249,
        1.1626969999999999,
        3.582551,
        1.718593
    ],
    [
        1.1623050000000001,
        0.998364,
        1.1691859999999998,
        0.471748,
        1.2218440000000002,
        2.125766,
        0.384601,
        0.013738,
        0.41061000000000003,
        0.67153,
        0.0,
        0.947909,
        1.031216,
        1.368947,
        0.6598229999999999,
        2.496344,
        0.658379,
        0.836096,
        3.349851,
        1.1547260000000001
    ],
    [
        0.8912329999999999,
        0.293157,
        0.883774,
        0.557994,
        1.4179059999999999,
        2.278404,
        0.645141,
        0.961647,
        0.538008,
        0.579666,
        0.947909,
        0.0,
        0.738283,
        0.8786130000000001,
        1.111931,
        2.210979,
        0.955327,
        0.597153,
        3.064486,
        1.153049
    ],
    [
        0.181651,
        0.47912,
        0.174192,
        0.563908,
        1.0841120000000002,
        1.94461,
        0.6510560000000001,
        1.044954,
        0.683447,
        1.2563469999999999,
        1.031216,
        0.738283,
        0.0,
        0.583252,
        0.788337,
        1.501916,
        0.669607,
        0.19512100000000002,
        2.3554229999999996,
        0.664599
    ],
    [
        0.732105,
        0.612738,
        0.687683,
        0.9032939999999999,
        1.5913810000000002,
        2.451879,
        0.990442,
        1.382685,
        0.958938,
        1.400733,
        1.368947,
        0.8786130000000001,
        0.583252,
        0.0,
        1.2973510000000001,
        1.625638,
        1.1489369999999999,
        0.709482,
        2.479145,
        1.2436610000000001
    ],
    [
        0.7929489999999999,
        1.013977,
        0.82409,
        0.511507,
        0.660586,
        1.523863,
        0.46495299999999995,
        0.646085,
        0.512816,
        1.293934,
        0.6598229999999999,
        1.111931,
        0.788337,
        1.2973510000000001,
        0.0,
        2.142436,
        0.15247300000000003,
        0.724856,
        2.995943,
        0.623597
    ],
    [
        1.381497,
        1.9430619999999998,
        1.319679,
        2.036992,
        2.094666,
        1.842251,
        2.1094609999999996,
        2.5100819999999997,
        2.1565309999999998,
        2.729044,
        2.496344,
        2.210979,
        1.501916,
        1.625638,
        2.142436,
        0.0,
        2.0019169999999997,
        1.6627129999999999,
        0.988874,
        1.601285
    ],
    [
        0.666516,
        0.868359,
        0.693674,
        0.371634,
        0.652427,
        1.506106,
        0.32720699999999997,
        0.644642,
        0.494959,
        1.29249,
        0.658379,
        0.955327,
        0.669607,
        1.1489369999999999,
        0.15247300000000003,
        2.0019169999999997,
        0.0,
        0.577037,
        2.865919,
        0.605839
    ],
    [
        0.347939,
        0.48037,
        0.34048,
        0.368788,
        1.017066,
        1.877564,
        0.455935,
        0.849833,
        0.488327,
        1.1626969999999999,
        0.836096,
        0.597153,
        0.19512100000000002,
        0.709482,
        0.724856,
        1.6627129999999999,
        0.577037,
        0.0,
        2.521711,
        0.610615
    ],
    [
        2.2335390000000004,
        2.796568,
        2.1731860000000003,
        2.8904989999999997,
        2.68657,
        1.86702,
        2.962968,
        3.363589,
        3.010038,
        3.582551,
        3.349851,
        3.064486,
        2.3554229999999996,
        2.479145,
        2.995943,
        0.988874,
        2.865919,
        2.521711,
        0.0,
        2.4701280000000003
    ],
    [
        0.5760789999999999,
        1.041345,
        0.668414,
        0.82533,
        0.584582,
        1.433856,
        0.780903,
        1.168463,
        0.949622,
        1.718593,
        1.1547260000000001,
        1.153049,
        0.664599,
        1.2436610000000001,
        0.623597,
        1.601285,
        0.605839,
        0.610615,
        2.4701280000000003,
        0.0
    ]
]