[
    [
        0.0,
        0.269141,
        1.722049,
        0.43440100000000004,
        0.397685,
        1.2691389999999998,
        0.20278800000000002,
        0.439232,
        0.433075,
        0.756505,
        0.266578,
        1.8954300000000002,
        0.459332,
        0.284559,
        0.285731,
        1.496163,
        1.758903,
        1.9165999999999999,
        0.26644999999999996,
        0.474601
    ],
    [
        0.269141,
        0.0,
        1.739289,
        0.440548,
        0.375286,
        1.26977,
        0.199313,
        0.445379,
        0.439222,
        0.754086,
        0.27272399999999997,
        1.901576,
        0.667458,
        0.097373,
        0.26802499999999996,
        1.513404,
        1.7650489999999999,
        1.922747,
        0.272596,
        0.435061
    ],
    [
        1.722049,
        1.739289,
        0.0,
        1.299648,
        1.3729939999999998,
        0.837721,
        1.672936,
        1.2939100000000001,
        1.3009739999999999,
        1.844539,
        1.545637,
        0.518427,
        1.333322,
        1.754707,
        1.5846980000000002,
        0.225885,
        0.526676,
        0.624516,
        1.545509,
        1.6890699999999998
    ],
    [
        0.43440100000000004,
        0.440548,
        1.299648,
        0.0,
        0.07334600000000001,
        1.395263,
        0.374195,
        0.184613,
        0.0013260000000000001,
        0.545798,
        0.24689599999999998,
        1.461936,
        0.8327190000000001,
        0.455966,
        0.47801299999999997,
        1.073763,
        1.325409,
        1.483106,
        0.246768,
        0.666883
    ],
    [
        0.397685,
        0.375286,
        1.3729939999999998,
        0.07334600000000001,
        0.0,
        1.633973,
        0.304593,
        0.25795999999999997,
        0.072021,
        0.591355,
        0.292454,
        1.54129,
        0.470837,
        0.386364,
        0.492424,
        1.153117,
        1.404763,
        1.56246,
        0.29232600000000003,
        0.681294
    ],
    [
        1.2691389999999998,
        1.26977,
        0.837721,
        1.395263,
        1.633973,
        0.0,
        1.4196980000000001,
        1.390155,
        1.397218,
        1.873751,
        1.483487,
        1.193415,
        0.8017880000000001,
        1.3306710000000002,
        1.002921,
        0.781947,
        1.193946,
        1.299504,
        1.4833589999999999,
        1.063542
    ],
    [
        0.20278800000000002,
        0.199313,
        1.672936,
        0.374195,
        0.304593,
        1.4196980000000001,
        0.0,
        0.37902600000000003,
        0.37287,
        0.5608569999999999,
        0.20637200000000003,
        1.835224,
        0.601106,
        0.159519,
        0.42750499999999997,
        1.4470509999999999,
        1.698697,
        1.856394,
        0.206244,
        0.5821369999999999
    ],
    [
        0.439232,
        0.445379,
        1.2939100000000001,
        0.184613,
        0.25795999999999997,
        1.390155,
        0.37902600000000003,
        0.0,
        0.185939,
        0.550629,
        0.251727,
        1.456198,
        0.8375499999999999,
        0.460797,
        0.6639489999999999,
        1.068025,
        1.319671,
        1.477368,
        0.251599,
        0.828203
    ],
    [
        0.433075,
        0.439222,
        1.3009739999999999,
        0.0013260000000000001,
        0.072021,
        1.397218,
        0.37287,
        0.185939,
        0.0,
        0.544472,
        0.245571,
        1.463261,
        0.831393,
        0.45464,
        0.476688,
        1.075089,
        1.3267339999999999,
        1.484432,
        0.245442,
        0.665558
    ],
    [
        0.756505,
        0.754086,
        1.844539,
        0.545798,
        0.591355,
        1.873751,
        0.5608569999999999,
        0.550629,
        0.544472,
        0.0,
        0.186372,
        1.8118299999999998,
        0.7721939999999999,
        0.275613,
        0.5985929999999999,
        1.423657,
        1.6753030000000002,
        1.833,
        0.186244,
        0.735093
    ],
    [
        0.266578,
        0.27272399999999997,
        1.545637,
        0.24689599999999998,
        0.292454,
        1.483487,
        0.20637200000000003,
        0.251727,
        0.245571,
        0.186372,
        0.0,
        1.691943,
        0.6361950000000001,
        0.46142099999999997,
        0.643077,
        1.303771,
        1.555416,
        1.713113,
        0.047964,
        0.831947
    ],
    [
        1.8954300000000002,
        1.901576,
        0.518427,
        1.461936,
        1.54129,
        1.193415,
        1.835224,
        1.456198,
        1.463261,
        1.8118299999999998,
        1.691943,
        0.0,
        1.485318,
        1.906703,
        1.736694,
        0.44935,
        0.219076,
        0.125801,
        1.697505,
        1.841066
    ],
    [
        0.459332,
        0.667458,
        1.333322,
        0.8327190000000001,
        0.470837,
        0.8017880000000001,
        0.601106,
        0.8375499999999999,
        0.831393,
        0.7721939999999999,
        0.6361950000000001,
        1.485318,
        0.0,
        0.69968,
        0.344726,
        1.107437,
        1.485849,
        1.591407,
        0.681571,
        0.533596
    ],
    [
        0.284559,
        0.097373,
        1.754707,
        0.455966,
        0.386364,
        1.3306710000000002,
        0.159519,
        0.460797,
        0.45464,
        0.275613,
        0.46142099999999997,
        1.906703,
        0.69968,
        0.0,
        0.365399,
        1.528822,
        1.780467,
        1.938164,
        0.288014,
        0.480197
    ],
    [
        0.285731,
        0.26802499999999996,
        1.5846980000000002,
        0.47801299999999997,
        0.492424,
        1.002921,
        0.42750499999999997,
        0.6639489999999999,
        0.476688,
        0.5985929999999999,
        0.643077,
        1.736694,
        0.344726,
        0.365399,
        0.0,
        1.484874,
        1.896874,
        2.002432,
        0.6867089999999999,
        0.18887
    ],
    [
        1.496163,
        1.513404,
        0.225885,
        1.073763,
        1.153117,
        0.781947,
        1.4470509999999999,
        1.068025,
        1.075089,
        1.423657,
        1.303771,
        0.44935,
        1.107437,
        1.528822,
        1.484874,
        0.0,
        0.4576,
        0.55544,
        1.3196240000000001,
        1.463185
    ],
    [
        1.758903,
        1.7650489999999999,
        0.526676,
        1.325409,
        1.404763,
        1.193946,
        1.698697,
        1.319671,
        1.3267339999999999,
        1.6753030000000002,
        1.555416,
        0.219076,
        1.485849,
        1.780467,
        1.896874,
        0.4576,
        0.0,
        0.23595,
        1.5466630000000001,
        1.841597
    ],
    [
        1.9165999999999999,
        1.922747,
        0.624516,
        1.483106,
        1.56246,
        1.299504,
        1.856394,
        1.477368,
        1.484432,
        1.833,
        1.713113,
        0.125801,
        1.591407,
        1.938164,
        2.002432,
        0.55544,
        0.23595,
        0.0,
        1.7304849999999998,
        1.947155
    ],
    [
        0.26644999999999996,
        0.272596,
        1.545509,
        0.246768,
        0.29232600000000003,
        1.4833589999999999,
        0.206244,
        0.251599,
        0.245442,
        0.186244,
        0.047964,
        1.697505,
        0.681571,
        0.288014,
        0.6867089999999999,
        1.3196240000000001,
        1.5466630000000001,
        1.7304849999999998,
        0.0,
        0.798089
    ],
    [
        0.474601,
        0.435061,
        1.6890699999999998,
        0.666883,
        0.681294,
        1.063542,
        0.5821369999999999,
        0.828203,
        0.665558,
        0.735093,
        0.831947,
        1.841066,
        0.533596,
        0.480197,
        0.18887,
        1.463185,
        1.841597,
        1.947155,
        0.798089,
        0.0
    ]
]