[
    [
        0.0,
        0.42947,
        0.103542,
        1.322967,
        0.43274799999999997,
        0.438513,
        1.870801,
        0.119431,
        0.38064299999999995,
        0.271873,
        0.328795,
        0.8295990000000001,
        2.376709,
        2.554776,
        0.826817,
        2.82314,
        0.42153199999999996,
        0.190032,
        0.6303350000000001,
        0.182041
    ],
    [
        0.42947,
        0.0,
        0.408482,
        0.949528,
        0.618232,
        0.6239969999999999,
        2.134913,
        0.37714299999999995,
        0.5661269999999999,
        0.6063440000000001,
        0.645471,
        0.625024,
        2.652174,
        2.830241,
        0.367731,
        3.098605,
        0.007928,
        0.37444700000000003,
        0.161661,
        0.243607
    ],
    [
        0.103542,
        0.408482,
        0.0,
        1.415595,
        0.563748,
        0.569513,
        1.963429,
        0.01589,
        0.511643,
        0.35913999999999996,
        0.263412,
        1.033558,
        2.469337,
        2.647405,
        0.798861,
        2.915768,
        0.429296,
        0.176292,
        0.610262,
        0.17374199999999998
    ],
    [
        1.322967,
        0.949528,
        1.415595,
        0.0,
        1.049302,
        1.055067,
        2.0634650000000003,
        1.4361700000000002,
        1.009181,
        1.3286980000000002,
        1.535223,
        0.479116,
        3.002482,
        3.148192,
        0.947928,
        3.448543,
        1.112068,
        1.3479839999999998,
        1.035745,
        1.217145
    ],
    [
        0.43274799999999997,
        0.618232,
        0.563748,
        1.049302,
        0.0,
        0.005764999999999999,
        1.834819,
        0.579638,
        0.11873,
        0.469,
        0.678691,
        0.6625789999999999,
        2.39072,
        2.568788,
        0.93764,
        2.837152,
        0.6261599999999999,
        0.6106520000000001,
        0.702119,
        0.571067
    ],
    [
        0.438513,
        0.6239969999999999,
        0.569513,
        1.055067,
        0.005764999999999999,
        0.0,
        1.840584,
        0.585403,
        0.12449500000000001,
        0.474765,
        0.684455,
        0.668344,
        2.396485,
        2.574552,
        0.9434049999999999,
        2.842916,
        0.6319239999999999,
        0.616417,
        0.7078840000000001,
        0.576831
    ],
    [
        1.870801,
        2.134913,
        1.963429,
        2.0634650000000003,
        1.834819,
        1.840584,
        0.0,
        2.0201510000000003,
        1.8275080000000001,
        1.5954169999999999,
        1.9080570000000001,
        1.9761030000000002,
        0.949791,
        1.103637,
        2.502536,
        1.403988,
        2.191056,
        2.085819,
        2.267015,
        2.077828
    ],
    [
        0.119431,
        0.37714299999999995,
        0.01589,
        1.4361700000000002,
        0.579638,
        0.585403,
        2.0201510000000003,
        0.0,
        0.527533,
        0.375029,
        0.279302,
        1.0494480000000002,
        2.485227,
        2.663294,
        0.8030900000000001,
        2.931658,
        0.41386700000000004,
        0.19218100000000002,
        0.594833,
        0.15831399999999998
    ],
    [
        0.38064299999999995,
        0.5661269999999999,
        0.511643,
        1.009181,
        0.11873,
        0.12449500000000001,
        1.8275080000000001,
        0.527533,
        0.0,
        0.41689499999999996,
        0.6265850000000001,
        0.622459,
        2.338615,
        2.516683,
        0.885535,
        2.785046,
        0.574054,
        0.558547,
        0.650014,
        0.518961
    ],
    [
        0.271873,
        0.6063440000000001,
        0.35913999999999996,
        1.3286980000000002,
        0.469,
        0.474765,
        1.5954169999999999,
        0.375029,
        0.41689499999999996,
        0.0,
        0.37898899999999996,
        0.941976,
        2.108294,
        2.286361,
        0.949863,
        2.554725,
        0.627158,
        0.446058,
        0.743793,
        0.438067
    ],
    [
        0.328795,
        0.645471,
        0.263412,
        1.535223,
        0.678691,
        0.684455,
        1.9080570000000001,
        0.279302,
        0.6265850000000001,
        0.37898899999999996,
        0.0,
        1.1485,
        2.3888949999999998,
        2.5669630000000003,
        0.949181,
        2.85784,
        0.666284,
        0.32122300000000004,
        0.851086,
        0.410731
    ],
    [
        0.8295990000000001,
        0.625024,
        1.033558,
        0.479116,
        0.6625789999999999,
        0.668344,
        1.9761030000000002,
        1.0494480000000002,
        0.622459,
        0.941976,
        1.1485,
        0.0,
        2.735139,
        3.022064,
        0.723631,
        3.1815700000000002,
        0.632952,
        0.8688680000000001,
        0.556629,
        0.738028
    ],
    [
        2.376709,
        2.652174,
        2.469337,
        3.002482,
        2.39072,
        2.396485,
        0.949791,
        2.485227,
        2.338615,
        2.108294,
        2.3888949999999998,
        2.735139,
        0.0,
        0.161076,
        2.990965,
        0.501772,
        2.679485,
        2.554649,
        2.755444,
        2.546361
    ],
    [
        2.554776,
        2.830241,
        2.647405,
        3.148192,
        2.568788,
        2.574552,
        1.103637,
        2.663294,
        2.516683,
        2.286361,
        2.5669630000000003,
        3.022064,
        0.161076,
        0.0,
        3.169032,
        0.4127,
        2.857552,
        2.732716,
        2.9335109999999998,
        2.724428
    ],
    [
        0.826817,
        0.367731,
        0.798861,
        0.947928,
        0.93764,
        0.9434049999999999,
        2.502536,
        0.8030900000000001,
        0.885535,
        0.949863,
        0.949181,
        0.723631,
        2.990965,
        3.169032,
        0.0,
        3.402187,
        0.375658,
        0.656697,
        0.246293,
        0.569607
    ],
    [
        2.82314,
        3.098605,
        2.915768,
        3.448543,
        2.837152,
        2.842916,
        1.403988,
        2.931658,
        2.785046,
        2.554725,
        2.85784,
        3.1815700000000002,
        0.501772,
        0.4127,
        3.402187,
        0.0,
        3.125916,
        3.00108,
        3.201875,
        2.992792
    ],
    [
        0.42153199999999996,
        0.007928,
        0.429296,
        1.112068,
        0.6261599999999999,
        0.6319239999999999,
        2.191056,
        0.41386700000000004,
        0.574054,
        0.627158,
        0.666284,
        0.632952,
        2.679485,
        2.857552,
        0.375658,
        3.125916,
        0.0,
        0.366508,
        0.169588,
        0.23566800000000002
    ],
    [
        0.190032,
        0.37444700000000003,
        0.176292,
        1.3479839999999998,
        0.6106520000000001,
        0.616417,
        2.085819,
        0.19218100000000002,
        0.558547,
        0.446058,
        0.32122300000000004,
        0.8688680000000001,
        2.554649,
        2.732716,
        0.656697,
        3.00108,
        0.366508,
        0.0,
        0.543468,
        0.139707
    ],
    [
        0.6303350000000001,
        0.161661,
        0.610262,
        1.035745,
        0.702119,
        0.7078840000000001,
        2.267015,
        0.594833,
        0.650014,
        0.743793,
        0.851086,
        0.556629,
        2.755444,
        2.9335109999999998,
        0.246293,
        3.201875,
        0.169588,
        0.543468,
        0.0,
        0.457781
    ],
    [
        0.182041,
        0.243607,
        0.17374199999999998,
        1.217145,
        0.571067,
        0.576831,
        2.077828,
        0.15831399999999998,
        0.518961,
        0.438067,
        0.410731,
        0.738028,
        2.546361,
        2.724428,
        0.569607,
        2.992792,
        0.23566800000000002,
        0.139707,
        0.457781,
        0.0
    ]
]