[
    [
        0.0,
        2.456759,
        2.109827,
        0.634953,
        0.577944,
        2.357901,
        2.170353,
        2.389668,
        0.027649999999999997,
        2.400704,
        0.652174,
        2.188764,
        1.901963,
        1.5793320000000002,
        1.2933869999999998,
        2.045258,
        0.380338,
        3.257629,
        1.819856,
        2.136587
    ],
    [
        2.456759,
        0.0,
        0.5622849999999999,
        3.245572,
        3.1885630000000003,
        0.304584,
        0.533234,
        0.130926,
        2.652908,
        0.674858,
        3.2627930000000003,
        0.517402,
        0.578114,
        1.08119,
        2.336067,
        0.49567500000000003,
        2.990957,
        2.494501,
        0.848189,
        0.589217
    ],
    [
        2.109827,
        0.5622849999999999,
        0.0,
        2.591115,
        2.5341060000000004,
        0.602297,
        0.392963,
        0.518557,
        1.998451,
        0.7997179999999999,
        2.608336,
        0.377131,
        0.214659,
        0.6393220000000001,
        1.929263,
        0.167567,
        2.3365,
        2.471491,
        0.49946199999999996,
        0.258897
    ],
    [
        0.634953,
        3.245572,
        2.591115,
        0.0,
        0.057009,
        2.9773609999999997,
        2.789813,
        3.009128,
        0.6294890000000001,
        3.020165,
        0.16752699999999998,
        2.808224,
        2.521931,
        2.198792,
        1.77551,
        2.6647179999999997,
        0.251808,
        3.8257950000000003,
        2.439317,
        2.756219
    ],
    [
        0.577944,
        3.1885630000000003,
        2.5341060000000004,
        0.057009,
        0.0,
        2.920352,
        2.7328040000000002,
        2.95212,
        0.57248,
        2.963156,
        0.110518,
        2.751215,
        2.464922,
        2.1417829999999998,
        1.718502,
        2.60771,
        0.194799,
        3.768786,
        2.382308,
        2.69921
    ],
    [
        2.357901,
        0.304584,
        0.602297,
        2.9773609999999997,
        2.920352,
        0.0,
        0.6556810000000001,
        0.29002100000000003,
        2.256153,
        0.665927,
        2.866037,
        0.639849,
        0.27353,
        0.897023,
        2.186964,
        0.206415,
        2.594201,
        2.7887750000000002,
        0.757164,
        0.28463299999999997
    ],
    [
        2.170353,
        0.533234,
        0.392963,
        2.789813,
        2.7328040000000002,
        0.6556810000000001,
        0.0,
        0.784809,
        2.0724699999999996,
        1.297614,
        2.678236,
        0.338637,
        0.786841,
        0.510921,
        1.8008620000000002,
        0.687392,
        2.4064,
        2.1383159999999997,
        0.263632,
        0.778721
    ],
    [
        2.389668,
        0.130926,
        0.518557,
        3.009128,
        2.95212,
        0.29002100000000003,
        0.784809,
        0.0,
        2.762106,
        0.829354,
        3.371991,
        0.6992160000000001,
        0.76191,
        1.1903869999999999,
        2.445265,
        0.700708,
        3.100154,
        2.50204,
        0.957387,
        0.7730130000000001
    ],
    [
        0.027649999999999997,
        2.652908,
        1.998451,
        0.6294890000000001,
        0.57248,
        2.256153,
        2.0724699999999996,
        2.762106,
        0.0,
        2.4283539999999997,
        0.647563,
        2.216413,
        1.9301199999999998,
        1.606981,
        1.2936379999999998,
        2.072908,
        0.375726,
        3.285279,
        1.847506,
        2.164408
    ],
    [
        2.400704,
        0.674858,
        0.7997179999999999,
        3.020165,
        2.963156,
        0.665927,
        1.297614,
        0.829354,
        2.4283539999999997,
        0.0,
        3.115056,
        0.923331,
        0.505339,
        1.123308,
        2.5229589999999997,
        0.761263,
        2.8432199999999996,
        3.072257,
        1.0931579999999999,
        0.6206280000000001
    ],
    [
        0.652174,
        3.2627930000000003,
        2.608336,
        0.16752699999999998,
        0.110518,
        2.866037,
        2.678236,
        3.371991,
        0.647563,
        3.115056,
        0.0,
        2.825445,
        2.539152,
        2.216013,
        1.792731,
        2.681939,
        0.269029,
        3.843016,
        2.456538,
        2.77344
    ],
    [
        2.188764,
        0.517402,
        0.377131,
        2.808224,
        2.751215,
        0.639849,
        0.338637,
        0.6992160000000001,
        2.216413,
        0.923331,
        2.825445,
        0.0,
        0.5050439999999999,
        0.526753,
        1.816694,
        0.396522,
        2.422231,
        2.154148,
        0.279464,
        0.48785199999999995
    ],
    [
        1.901963,
        0.578114,
        0.214659,
        2.521931,
        2.464922,
        0.27353,
        0.786841,
        0.76191,
        1.9301199999999998,
        0.505339,
        2.539152,
        0.5050439999999999,
        0.0,
        0.682939,
        2.080794,
        0.337882,
        2.4682370000000002,
        2.64222,
        0.650285,
        0.31518999999999997
    ],
    [
        1.5793320000000002,
        1.08119,
        0.6393220000000001,
        2.198792,
        2.1417829999999998,
        0.897023,
        0.510921,
        1.1903869999999999,
        1.606981,
        1.123308,
        2.216013,
        0.526753,
        0.682939,
        0.0,
        1.5077539999999998,
        0.690696,
        1.980563,
        2.083919,
        0.32533100000000004,
        0.782025
    ],
    [
        1.2933869999999998,
        2.336067,
        1.929263,
        1.77551,
        1.718502,
        2.186964,
        1.8008620000000002,
        2.445265,
        1.2936379999999998,
        2.5229589999999997,
        1.792731,
        1.816694,
        2.080794,
        1.5077539999999998,
        0.0,
        1.909747,
        1.5233679999999998,
        2.071206,
        1.5295260000000002,
        2.001076
    ],
    [
        2.045258,
        0.49567500000000003,
        0.167567,
        2.6647179999999997,
        2.60771,
        0.206415,
        0.687392,
        0.700708,
        2.072908,
        0.761263,
        2.681939,
        0.396522,
        0.337882,
        0.690696,
        1.909747,
        0.0,
        2.408161,
        2.543152,
        0.5711240000000001,
        0.098593
    ],
    [
        0.380338,
        2.990957,
        2.3365,
        0.251808,
        0.194799,
        2.594201,
        2.4064,
        3.100154,
        0.375726,
        2.8432199999999996,
        0.269029,
        2.422231,
        2.4682370000000002,
        1.980563,
        1.5233679999999998,
        2.408161,
        0.0,
        3.580916,
        2.185554,
        2.5022849999999996
    ],
    [
        3.257629,
        2.494501,
        2.471491,
        3.8257950000000003,
        3.768786,
        2.7887750000000002,
        2.1383159999999997,
        2.50204,
        3.285279,
        3.072257,
        3.843016,
        2.154148,
        2.64222,
        2.083919,
        2.071206,
        2.543152,
        3.580916,
        0.0,
        2.295507,
        2.767058
    ],
    [
        1.819856,
        0.848189,
        0.49946199999999996,
        2.439317,
        2.382308,
        0.757164,
        0.263632,
        0.957387,
        1.847506,
        1.0931579999999999,
        2.456538,
        0.279464,
        0.650285,
        0.32533100000000004,
        1.5295260000000002,
        0.5711240000000001,
        2.185554,
        2.295507,
        0.0,
        0.73568
    ],
    [
        2.136587,
        0.589217,
        0.258897,
        2.756219,
        2.69921,
        0.28463299999999997,
        0.778721,
        0.7730130000000001,
        2.164408,
        0.6206280000000001,
        2.77344,
        0.48785199999999995,
        0.31518999999999997,
        0.782025,
        2.001076,
        0.098593,
        2.5022849999999996,
        2.767058,
        0.73568,
        0.0
    ]
]