[
    [
        0.0,
        3.143258,
        3.126457,
        3.473329,
        2.5761550000000004,
        0.901068,
        3.3319229999999997,
        3.187122,
        1.68461
    ],
    [
        3.143258,
        0.0,
        0.4433,
        1.425394,
        5.1066400000000005,
        3.957396,
        4.504548,
        5.184234,
        1.723606
    ],
    [
        3.126457,
        0.4433,
        0.0,
        1.047464,
        5.068372,
        3.940323,
        4.7255389999999995,
        5.174585,
        1.688685
    ],
    [
        3.473329,
        1.425394,
        1.047464,
        0.0,
        5.4152439999999995,
        4.287195,
        5.604147,
        5.521457000000001,
        2.035557
    ],
    [
        2.5761550000000004,
        5.1066400000000005,
        5.068372,
        5.4152439999999995,
        0.0,
        2.159795,
        2.767675,
        1.92252,
        3.7828760000000003
    ],
    [
        0.901068,
        3.957396,
        3.940323,
        4.287195,
        2.159795,
        0.0,
        4.1460609999999996,
        4.00126,
        2.4987489999999997
    ],
    [
        3.3319229999999997,
        4.504548,
        4.7255389999999995,
        5.604147,
        2.767675,
        4.1460609999999996,
        0.0,
        1.232043,
        4.538643
    ],
    [
        3.187122,
        5.184234,
        5.174585,
        5.521457000000001,
        1.92252,
        4.00126,
        1.232043,
        0.0,
        4.393365
    ],
    [
        1.68461,
        1.723606,
        1.688685,
        2.035557,
        3.7828760000000003,
        2.4987489999999997,
        4.538643,
        4.393365,
        0.0
    ]
]