[
  [
    0.0, 0.686628, 1.2082680000000001, 1.7010530000000001, 1.842961, 2.399238,
    0.5307540000000001, 1.288965, 0.699457, 0.451624, 0.4205, 0.561711,
    0.745337, 1.313388, 0.6307200000000001, 0.8196979999999999,
    2.5066219999999997, 1.906914, 3.011987, 0.8485199999999999,
    0.47734699999999997, 1.8432039999999998, 0.885772, 0.9271459999999999,
    1.537618, 0.930628, 0.45477, 1.540861, 1.481246, 0.242211, 1.284136,
    0.998362, 1.4334760000000002, 0.268266, 0.73038, 1.102719,
    0.09709999999999999, 0.737657, 1.411248, 0.42269, 2.417462,
    1.0096829999999999, 0.776562, 0.724286, 3.049963, 0.951121, 0.483964,
    0.776562, 1.844429, 0.543524, 1.1675229999999999, 0.354897, 0.773794,
    1.596333, 0.33929899999999996, 0.244735, 0.524811, 0.897246, 0.772648,
    1.185876, 0.446003, 0.76952, 1.047488, 1.010877
  ],
  [
    0.686628, 0.0, 0.621224, 2.329958, 2.4718649999999998, 3.0160430000000003,
    0.238696, 0.800443, 0.470483, 0.267378, 1.0938789999999998,
    0.26965300000000003, 1.147754, 1.7131120000000002, 0.406776, 0.157528,
    3.123427, 2.5237179999999997, 3.628791, 1.2791839999999999, 0.543065,
    1.373268, 0.547122, 0.37925099999999995, 2.191286, 0.382733, 0.581868,
    0.890941, 2.098051, 0.515463, 0.795614, 0.306199, 2.0502800000000003,
    0.7124109999999999, 0.628839, 1.297165, 0.6067910000000001,
    0.5899719999999999, 0.922726, 0.705778, 3.034266, 1.6264880000000002,
    0.551067, 0.061607, 3.6667680000000002, 0.462599, 0.552674, 0.551067,
    2.461234, 0.40282100000000004, 0.5488930000000001, 0.431183,
    0.10754999999999999, 1.1078109999999999, 0.415585, 0.517986, 0.232753,
    0.558596, 0.454717, 0.643616, 0.707554, 0.585154, 0.331192, 0.348793
  ],
  [
    1.2082680000000001, 0.621224, 0.0, 2.45425, 2.596158, 2.531934,
    0.6767880000000001, 0.252699, 1.0685419999999999, 0.838441, 1.298867,
    0.645831, 1.7017339999999999, 2.3004140000000004, 1.014116, 0.484458,
    2.6393180000000003, 2.039609, 3.0739479999999997, 0.773261, 0.714696,
    0.835255, 0.398024, 0.484068, 2.645344, 0.48755000000000004, 0.753499,
    0.332593, 1.613941, 0.966057, 0.257601, 0.505673, 1.7131079999999999,
    1.224663, 0.48769799999999996, 0.791242, 1.109, 0.48380900000000004,
    0.384713, 0.877408, 2.550156, 1.2893160000000001, 0.46098,
    0.6053229999999999, 3.1119250000000003, 0.42594299999999996, 0.724304,
    0.46098, 1.977125, 0.657375, 0.1028, 0.837146, 0.551871, 0.569798,
    0.8527440000000001, 0.963534, 0.6827300000000001, 0.409498, 0.435621,
    0.022392, 0.8791979999999999, 1.1511310000000001, 0.321408,
    0.5953740000000001
  ],
  [
    1.7010530000000001, 2.329958, 2.45425, 0.0, 0.18896700000000002, 1.698383,
    2.055863, 2.404665, 2.292423, 2.05964, 1.280553, 2.024907,
    2.2978829999999997, 2.32442, 2.238737, 2.193192, 1.59223, 2.18656, 1.444493,
    1.78761, 1.834289, 2.887219, 2.1790920000000003, 2.220466, 0.314042,
    2.223948, 1.748089, 2.650406, 2.116562, 1.8195, 2.4239479999999998,
    2.291681, 1.801671, 1.875221, 2.017402, 2.148188, 1.712258, 2.030976,
    2.497623, 1.6807999999999998, 1.68016, 1.372252, 2.0698809999999996,
    2.3140569999999996, 1.455727, 2.2444409999999997, 1.777284,
    2.0698809999999996, 2.249044, 1.9624000000000001, 2.4135050000000002,
    1.956739, 2.260605, 2.682708, 1.972337, 1.822023, 2.0618060000000002,
    2.190566, 2.065967, 2.431858, 1.6427470000000002, 2.362485, 2.340807,
    2.384457
  ],
  [
    1.842961, 2.4718649999999998, 2.596158, 0.18896700000000002, 0.0, 1.639897,
    2.1977710000000004, 2.546573, 2.43433, 2.201548, 1.422461, 2.166814,
    2.439791, 2.466328, 2.380645, 2.335099, 1.533744, 2.1280740000000002,
    1.255525, 1.929518, 1.9761959999999998, 3.029126, 2.3209989999999996,
    2.362373, 0.455949, 2.365855, 1.8899970000000001, 2.7923139999999997,
    2.25847, 1.961407, 2.565855, 2.433589, 1.902094, 2.0171289999999997,
    2.15931, 2.290096, 1.854166, 2.172884, 2.639531, 1.822707, 1.621674,
    1.403703, 2.211789, 2.455965, 1.266759, 2.386348, 1.919192, 2.211789,
    2.190558, 2.104307, 2.555413, 2.098646, 2.402512, 2.824616,
    2.1142440000000002, 1.963931, 2.2037139999999997, 2.3324740000000004,
    2.207875, 2.573766, 1.7846549999999999, 2.504393, 2.4827150000000002,
    2.5263649999999997
  ],
  [
    2.399238, 3.0160430000000003, 2.531934, 1.698383, 1.639897, 0.0, 2.741948,
    2.266655, 3.004333, 2.757561, 2.1116889999999997, 2.710992,
    3.0502130000000003, 3.716036, 2.9366570000000003, 2.879277,
    0.10615300000000001, 0.6516280000000001, 0.6166200000000001, 1.882026,
    2.520374, 2.0110799999999998, 2.567941, 2.799973, 1.909953, 2.803456,
    2.434174, 2.434552, 1.077296, 2.51742, 2.285937, 2.87119, 1.150125,
    2.573142, 2.458344, 1.802334, 2.4101779999999997, 2.5198519999999998,
    2.285589, 2.349313, 0.018223, 1.5290599999999999, 2.484585, 3.000142,
    0.654597, 2.741848, 2.463369, 2.484585, 0.7141130000000001, 2.648485,
    2.594086, 2.642824, 2.9466900000000003, 2.091669, 2.658422, 2.519943,
    2.747891, 2.579415, 2.711424, 2.509541, 2.328832, 3.074396, 2.843163,
    3.070542
  ],
  [
    0.5307540000000001, 0.238696, 0.6767880000000001, 2.055863,
    2.1977710000000004, 2.741948, 0.0, 0.757484, 0.326558, 0.107864, 0.879558,
    0.030957000000000002, 1.063992, 1.648811, 0.277117, 0.276059, 2.849333,
    2.249624, 3.3546970000000003, 1.043257, 0.268971, 1.330309, 0.426037,
    0.366161, 2.03949, 0.369643, 0.307774, 1.007711, 1.823956, 0.355949,
    0.752655, 0.42297, 1.7761859999999998, 0.552898, 0.38521,
    1.0612380000000001, 0.447277, 0.346343, 0.8797670000000001, 0.431684,
    2.760172, 1.352394, 0.316827, 0.300303, 3.392674, 0.41964100000000004,
    0.278579, 0.316827, 2.18714, 0.16522900000000001, 0.636042, 0.27167,
    0.213459, 1.0648520000000001, 0.25607100000000005, 0.358473,
    0.0059429999999999995, 0.437512, 0.241167, 0.654396, 0.433459, 0.441228,
    0.468517, 0.486118
  ],
  [
    1.288965, 0.800443, 0.252699, 2.404665, 2.546573, 2.266655, 0.757484, 0.0,
    1.147675, 0.919138, 1.3481679999999998, 0.7265280000000001, 1.782431,
    2.3504810000000003, 1.098234, 0.7008840000000001, 2.3740390000000002,
    1.77433, 2.808669, 0.617054, 0.7953920000000001, 0.574926,
    0.47872000000000003, 0.564765, 2.595759, 0.568247, 0.834195, 0.277167,
    1.348662, 1.046754, 0.03314, 0.635981, 1.556901, 1.3053599999999999,
    0.568395, 0.525963, 1.1896969999999998, 0.564506, 0.124384, 0.954598,
    2.284878, 1.133109, 0.5416770000000001, 0.82175, 2.8466460000000002,
    0.50664, 0.805001, 0.5416770000000001, 1.711846, 0.738072, 0.324583,
    0.9178419999999999, 0.768297, 0.309469, 0.93344, 1.04423, 0.763427,
    0.490195, 0.516317, 0.23030699999999998, 0.9284990000000001, 1.262345,
    0.5559930000000001, 0.82996
  ],
  [
    0.699457, 0.470483, 1.0685419999999999, 2.292423, 2.43433, 3.004333,
    0.326558, 1.147675, 0.0, 0.216428, 1.053037, 0.357514, 0.7606040000000001,
    1.3424939999999999, 0.09009099999999999, 0.610348, 3.110048,
    2.5103400000000002, 3.6154119999999996, 1.3286300000000002, 0.543526,
    1.7205, 0.816228, 0.766079, 2.062084, 0.769561, 0.623913, 1.343761,
    2.084672, 0.486102, 1.142845, 0.75902, 2.036901, 0.431191, 0.775401,
    1.3466099999999999, 0.5972569999999999, 0.736534, 1.2699580000000001,
    0.717056, 3.020887, 1.613109, 0.707017, 0.508228, 3.653389, 0.809831,
    0.594718, 0.707017, 2.447855, 0.409603, 1.001713, 0.421076, 0.56037,
    1.455042, 0.405478, 0.48862599999999995, 0.320615, 0.827702, 0.631357,
    1.040202, 0.718832, 0.11536199999999999, 0.770015, 0.787617
  ],
  [
    0.451624, 0.267378, 0.838441, 2.05964, 2.201548, 2.757561, 0.107864,
    0.919138, 0.216428, 0.0, 0.855236, 0.138821, 0.96854, 1.553358, 0.181665,
    0.396808, 2.852638, 2.2529299999999997, 3.358002, 1.1308589999999998,
    0.31498899999999996, 1.491963, 0.5876910000000001, 0.5375420000000001,
    1.952642, 0.541025, 0.39537599999999995, 1.130817, 1.827262,
    0.27681900000000004, 0.914308, 0.550914, 1.7794919999999999, 0.473767,
    0.546864, 1.1488399999999999, 0.368147, 0.507997, 1.0414210000000002,
    0.5192859999999999, 2.763478, 1.355699, 0.478481, 0.301483,
    3.3959789999999996, 0.581294, 0.366181, 0.478481, 2.190445, 0.181066,
    0.788769, 0.192539, 0.346831, 1.2265050000000002, 0.17694100000000001,
    0.279343, 0.10192100000000001, 0.599165, 0.40282, 0.816049, 0.521061,
    0.34577600000000003, 0.570472, 0.588669
  ],
  [
    0.4205, 1.0938789999999998, 1.298867, 1.280553, 1.422461,
    2.1116889999999997, 0.879558, 1.3481679999999998, 1.053037, 0.855236, 0.0,
    0.848601, 1.098916, 1.666967, 1.034332, 1.016886, 2.219073, 1.619365,
    2.6779859999999998, 0.746331, 0.657983, 1.840954, 1.002786, 1.04416,
    1.461181, 1.047642, 0.571784, 1.6026880000000001, 1.1936969999999998,
    0.6150950000000001, 1.343154, 1.115376, 1.145927, 0.670817, 0.841096,
    1.1004690000000001, 0.493333, 0.8546710000000001, 1.449904,
    0.48548899999999995, 2.129912, 0.722134, 0.893576, 1.137751,
    2.6892199999999997, 1.068135, 0.6009779999999999, 0.893576, 1.55688,
    0.7860940000000001, 1.258122, 0.758509, 1.084299, 1.634989, 0.742911,
    0.617618, 0.8855, 1.01426, 0.8896609999999999, 1.2764749999999998, 0.466442,
    1.1230989999999998, 1.164502, 1.208151
  ],
  [
    0.561711, 0.26965300000000003, 0.645831, 2.024907, 2.166814, 2.710992,
    0.030957000000000002, 0.7265280000000001, 0.357514, 0.138821, 0.848601, 0.0,
    1.0949490000000002, 1.679767, 0.308074, 0.24510200000000001, 2.818376,
    2.218667, 3.32374, 1.0123, 0.23801499999999998, 1.299353, 0.395081,
    0.335204, 2.070447, 0.338686, 0.276817, 0.976755, 1.793, 0.386906, 0.721698,
    0.392013, 1.7452290000000001, 0.5838540000000001, 0.354254, 1.030281,
    0.478234, 0.315387, 0.84881, 0.400727, 2.729215, 1.321437, 0.28587, 0.2908,
    3.361717, 0.38868400000000003, 0.24762299999999998, 0.28587, 2.156183,
    0.134272, 0.605086, 0.30262599999999995, 0.19915100000000002, 1.033895,
    0.287028, 0.38943, 0.036899999999999995, 0.406555, 0.21021, 0.623439,
    0.402503, 0.472185, 0.43756, 0.45516199999999996
  ],
  [
    0.745337, 1.147754, 1.7017339999999999, 2.2978829999999997, 2.439791,
    3.0502130000000003, 1.063992, 1.782431, 0.7606040000000001, 0.96854,
    1.098916, 1.0949490000000002, 0.0, 0.599726, 0.803603, 1.272687, 3.155927,
    2.556219, 3.661292, 1.467107, 0.976561, 2.3366689999999997, 1.379238,
    1.420611, 1.982701, 1.424094, 0.948235, 2.015676, 2.130551, 0.735677,
    1.7776010000000002, 1.4213589999999998, 2.0827809999999998, 0.477071,
    1.223845, 1.596185, 0.643137, 1.231122, 1.9047129999999999, 0.966631,
    3.066767, 1.658989, 1.270027, 1.185499, 3.689462, 1.444587,
    0.9774299999999999, 1.270027, 2.493735, 1.042739, 1.678849, 0.854112,
    1.222709, 2.0897979999999996, 0.8385130000000001, 0.7382000000000001,
    1.058049, 1.390712, 1.266113, 1.6793420000000001, 0.968406, 0.649719,
    1.429773, 1.447374
  ],
  [
    1.313388, 1.7131120000000002, 2.3004140000000004, 2.32442, 2.466328,
    3.716036, 1.648811, 2.3504810000000003, 1.3424939999999999, 1.553358,
    1.666967, 1.679767, 0.599726, 0.0, 1.387146, 1.863112, 3.609883, 3.12427,
    3.721853, 2.035157, 1.544612, 2.9047199999999997, 1.947289, 1.988662,
    2.010379, 1.992144, 1.516286, 2.6061010000000002, 2.6986019999999997,
    1.303727, 2.345652, 2.011783, 2.650832, 1.045122, 1.791896, 2.164235,
    1.2111880000000002, 1.799173, 2.472764, 1.534682, 3.697812,
    2.2270390000000004, 1.8380779999999999, 1.775924, 3.733087, 2.012638,
    1.545481, 1.8380779999999999, 3.061785, 1.610789, 2.269274, 1.422162,
    1.813134, 2.657849, 1.4065640000000001, 1.306251, 1.592076,
    1.9587629999999998, 1.834164, 2.2473919999999996, 1.5364570000000002,
    1.21777, 2.020198, 2.037799
  ],
  [
    0.6307200000000001, 0.406776, 1.014116, 2.238737, 2.380645,
    2.9366570000000003, 0.277117, 1.098234, 0.09009099999999999, 0.181665,
    1.034332, 0.308074, 0.803603, 1.387146, 0.0, 0.551747, 3.0317350000000003,
    2.432026, 3.537099, 1.309956, 0.494086, 1.671059, 0.766787, 0.716639,
    2.1205749999999997, 0.720121, 0.574473, 1.28516, 2.006359, 0.455916,
    1.093405, 0.700418, 1.958588, 0.489682, 0.72596, 1.327936, 0.547678,
    0.687093, 1.220517, 0.698382, 2.942574, 1.534796, 0.657577, 0.444521,
    3.575076, 0.76039, 0.545278, 0.657577, 2.369542, 0.360162, 0.943112,
    0.371636, 0.501769, 1.405602, 0.356038, 0.45843900000000004,
    0.27117399999999997, 0.778261, 0.581917, 0.990761, 0.7001580000000001,
    0.180839, 0.711656, 0.7292569999999999
  ],
  [
    0.8196979999999999, 0.157528, 0.484458, 2.193192, 2.335099, 2.879277,
    0.276059, 0.7008840000000001, 0.610348, 0.396808, 1.016886,
    0.24510200000000001, 1.272687, 1.863112, 0.551747, 0.0, 2.9866610000000002,
    2.3869520000000004, 3.492025, 1.142419, 0.4063, 1.236502, 0.410356,
    0.242485, 2.3788679999999998, 0.24596700000000002, 0.445102, 0.76055,
    1.9612850000000002, 0.6576609999999999, 0.658848, 0.174074, 1.913515,
    0.846774, 0.492073, 1.160399, 0.7415879999999999, 0.453206, 0.78596,
    0.569012, 2.8975, 1.489722, 0.414301, 0.141627, 3.530002,
    0.32583300000000004, 0.415908, 0.414301, 2.324468, 0.32920299999999997,
    0.418502, 0.528749, 0.088175, 0.9710449999999999, 0.5443479999999999,
    0.655138, 0.282001, 0.421831, 0.31795100000000004, 0.513225, 0.570788,
    0.6874349999999999, 0.194426, 0.212027
  ],
  [
    2.5066219999999997, 3.123427, 2.6393180000000003, 1.59223, 1.533744,
    0.10615300000000001, 2.849333, 2.3740390000000002, 3.110048, 2.852638,
    2.219073, 2.818376, 3.155927, 3.609883, 3.0317350000000003,
    2.9866610000000002, 0.0, 0.7577820000000001, 0.510467, 1.9894100000000001,
    2.6277579999999996, 2.118464, 2.675325, 2.9073580000000003, 1.803799,
    2.9108400000000003, 2.5415590000000003, 2.541936, 1.183449, 2.624804,
    2.393322, 2.978573, 1.257509, 2.680526, 2.565728, 1.909719, 2.517563,
    2.627236, 2.392973, 2.456698, 0.08793000000000001, 1.623202, 2.591969,
    3.107526, 0.5484439999999999, 2.8492330000000003, 2.5707530000000003,
    2.591969, 0.8202659999999999, 2.755869, 2.7014699999999996, 2.750208,
    3.054074, 2.1990529999999997, 2.765806, 2.627328, 2.8552750000000002,
    2.686799, 2.818808, 2.616926, 2.436217, 3.1817800000000003, 2.950547,
    3.177926
  ],
  [
    1.906914, 2.5237179999999997, 2.039609, 2.18656, 2.1280740000000002,
    0.6516280000000001, 2.249624, 1.77433, 2.5103400000000002,
    2.2529299999999997, 1.619365, 2.218667, 2.556219, 3.12427, 2.432026,
    2.3869520000000004, 0.7577820000000001, 0.0, 1.220461, 1.389702,
    2.0280489999999998, 1.518755, 2.075616, 2.307649, 2.39813, 2.311131,
    1.9418499999999999, 1.942228, 0.425668, 2.025096, 1.7936130000000001,
    2.378865, 0.655419, 2.080817, 1.9660199999999999, 1.31001, 1.917854,
    2.027527, 1.793264, 1.856989, 0.669852, 1.034354, 1.992261,
    2.5078180000000003, 1.2584380000000002, 2.249524, 1.9710450000000002,
    1.992261, 0.062484000000000005, 2.15616, 2.1017620000000004, 2.150499,
    2.454366, 1.599345, 2.166097, 2.027619, 2.255567, 2.087091,
    2.2190990000000004, 2.017217, 1.836508, 2.582071, 2.350838,
    2.5782179999999997
  ],
  [
    3.011987, 3.628791, 3.0739479999999997, 1.444493, 1.255525,
    0.6166200000000001, 3.3546970000000003, 2.808669, 3.6154119999999996,
    3.358002, 2.6779859999999998, 3.32374, 3.661292, 3.721853, 3.537099,
    3.492025, 0.510467, 1.220461, 0.0, 2.4240410000000003, 3.154541, 2.553094,
    3.109955, 3.3419879999999997, 1.7114749999999999, 3.3454699999999997,
    3.068342, 2.976567, 1.646128, 3.151587, 2.8279520000000002,
    3.4132029999999998, 1.6921389999999998, 3.2073090000000004,
    3.0003580000000003, 2.3443490000000002, 3.044345, 3.0618649999999996,
    2.827603, 2.98348, 0.5983970000000001, 2.023722, 3.026599, 3.634309,
    0.12298, 3.2838629999999998, 3.097536, 3.026599, 1.282945, 3.282652, 3.1361,
    3.2769909999999998, 3.580857, 2.633683, 3.292589, 3.154111, 3.382058,
    3.121429, 3.253438, 3.051556, 2.963, 3.7085619999999997, 3.385177, 3.704709
  ],
  [
    0.8485199999999999, 1.2791839999999999, 0.773261, 1.78761, 1.929518,
    1.882026, 1.043257, 0.617054, 1.3286300000000002, 1.1308589999999998,
    0.746331, 1.0123, 1.467107, 2.035157, 1.309956, 1.142419,
    1.9894100000000001, 1.389702, 2.4240410000000003, 0.0, 0.821682, 1.101062,
    0.809268, 1.041301, 1.978704, 1.0447829999999998, 0.735483, 0.862796,
    0.964034, 0.842528, 0.636337, 1.112517, 0.939847, 0.9900359999999999,
    0.6996720000000001, 0.36057799999999995, 0.827072, 0.7611789999999999,
    0.710013, 0.688919, 1.90025, 0.5160549999999999, 0.725913, 1.301451,
    2.462017, 0.983176, 0.764678, 0.725913, 1.327218, 0.949793, 0.835414,
    0.944132, 1.247999, 0.895097, 0.95973, 0.840004, 1.0492000000000001,
    0.820742, 0.952751, 0.750869, 0.6628200000000001, 1.474067, 1.08449,
    1.3585909999999999
  ],
  [
    0.47734699999999997, 0.543065, 0.714696, 1.834289, 1.9761959999999998,
    2.520374, 0.268971, 0.7953920000000001, 0.543526, 0.31498899999999996,
    0.657983, 0.23801499999999998, 0.976561, 1.544612, 0.494086, 0.4063,
    2.6277579999999996, 2.0280489999999998, 3.154541, 0.821682, 0.0,
    1.3682180000000002, 0.463945, 0.433573, 2.019965, 0.437056, 0.086199,
    1.047289, 1.602382, 0.29875799999999997, 0.790563, 0.490382,
    1.5546110000000002, 0.49949099999999996, 0.423118, 0.839663, 0.394304,
    0.38425099999999995, 0.9176749999999999, 0.21010900000000002, 2.538597,
    1.130819, 0.354735, 0.527165, 3.1710990000000003, 0.457549, 0.057005,
    0.354735, 1.965565, 0.175507, 0.673951, 0.12245, 0.473713, 1.10276,
    0.138048, 0.296234, 0.274914, 0.47542, 0.27907499999999996,
    0.6923039999999999, 0.211885, 0.658197, 0.5539149999999999, 0.597565
  ],
  [
    1.8432039999999998, 1.373268, 0.835255, 2.887219, 3.029126,
    2.0110799999999998, 1.330309, 0.574926, 1.7205, 1.491963, 1.840954,
    1.299353, 2.3366689999999997, 2.9047199999999997, 1.671059, 1.236502,
    2.118464, 1.518755, 2.553094, 1.101062, 1.3682180000000002, 0.0, 1.050328,
    1.136373, 3.079767, 1.139855, 1.4058030000000001, 0.5711069999999999,
    1.094031, 1.6009929999999999, 0.6025750000000001, 1.207589, 1.44367,
    1.8595979999999999, 1.11059, 0.8897200000000001, 1.754412, 1.106701,
    0.45937700000000004, 1.447384, 2.030246, 1.617117, 1.0771849999999998,
    1.3933579999999999, 2.5920140000000003, 1.078248, 1.376609,
    1.0771849999999998, 1.457214, 1.30968, 0.8961910000000001, 1.48945,
    1.339906, 0.265458, 1.505048, 1.5984690000000001, 1.335035, 1.061803,
    1.087925, 0.811646, 1.4212850000000001, 1.833953, 1.134213, 1.408179
  ],
  [
    0.885772, 0.547122, 0.398024, 2.1790920000000003, 2.3209989999999996,
    2.567941, 0.426037, 0.47872000000000003, 0.816228, 0.5876910000000001,
    1.002786, 0.395081, 1.379238, 1.947289, 0.766787, 0.410356, 2.675325,
    2.075616, 3.109955, 0.809268, 0.463945, 1.050328, 0.0, 0.366897, 2.287992,
    0.370379, 0.38083100000000003, 0.7924840000000001, 1.5737349999999999,
    0.573082, 0.535759, 0.438113, 1.607308, 0.831688, 0.084914, 0.751035,
    0.726502, 0.081025, 0.662871, 0.484433, 2.50995, 1.183515, 0.051509,
    0.6171409999999999, 3.0717179999999997, 0.308772, 0.410026, 0.051509,
    1.936918, 0.33953500000000003, 0.419146, 0.5193049999999999, 0.563689,
    0.847955, 0.534903, 0.5705589999999999, 0.36489, 0.011474,
    0.27834699999999996, 0.437499, 0.46649, 0.863808, 0.53796, 0.688231
  ],
  [
    0.9271459999999999, 0.37925099999999995, 0.484068, 2.220466, 2.362373,
    2.799973, 0.366161, 0.564765, 0.766079, 0.5375420000000001, 1.04416,
    0.335204, 1.420611, 1.988662, 0.716639, 0.242485, 2.9073580000000003,
    2.307649, 3.3419879999999997, 1.041301, 0.433573, 1.136373, 0.366897, 0.0,
    2.4296379999999997, 0.0034820000000000003, 0.49587200000000003, 0.674563,
    2.012054, 0.70843, 0.652269, 0.07121599999999999, 1.9642840000000001,
    0.9670359999999999, 0.5266430000000001, 1.185909, 0.8404539999999999,
    0.487776, 0.76389, 0.6197809999999999, 2.948269, 1.540491,
    0.44887099999999996, 0.256985, 3.5807710000000004, 0.360404, 0.466677,
    0.44887099999999996, 2.3752370000000003, 0.379972, 0.332515, 0.579519,
    0.203533, 0.948975, 0.595117, 0.7059070000000001, 0.395599, 0.456401,
    0.352522, 0.427238, 0.621557, 0.802793, 0.171063, 0.321334
  ],
  [
    1.537618, 2.191286, 2.645344, 0.314042, 0.455949, 1.909953, 2.03949,
    2.595759, 2.062084, 1.952642, 1.461181, 2.070447, 1.982701, 2.010379,
    2.1205749999999997, 2.3788679999999998, 1.803799, 2.39813,
    1.7114749999999999, 1.978704, 2.019965, 3.079767, 2.287992,
    2.4296379999999997, 0.0, 2.415042, 1.939183, 2.841501, 2.307656, 1.743663,
    2.615042, 2.482775, 1.9927650000000001, 1.778551, 2.2084960000000002,
    2.3392820000000003, 1.598552, 2.222071, 2.688717, 1.861427, 1.891729,
    1.5706300000000002, 2.2609749999999997, 2.2257379999999998, 1.722709,
    2.435535, 1.968378, 2.2609749999999997, 2.460614, 2.153493,
    2.6045990000000003, 1.856349, 2.2710850000000002, 2.873802, 1.840751,
    1.746187, 2.0262629999999997, 2.3816599999999997, 2.257061, 2.622952,
    1.8338409999999998, 2.132147, 2.531901, 2.575551
  ],
  [
    0.930628, 0.382733, 0.48755000000000004, 2.223948, 2.365855, 2.803456,
    0.369643, 0.568247, 0.769561, 0.541025, 1.047642, 0.338686, 1.424094,
    1.992144, 0.720121, 0.24596700000000002, 2.9108400000000003, 2.311131,
    3.3454699999999997, 1.0447829999999998, 0.437056, 1.139855, 0.370379,
    0.0034820000000000003, 2.415042, 0.0, 0.49239, 0.671081, 2.008572, 0.704948,
    0.648787, 0.06773399999999999, 1.960802, 0.963554, 0.523161, 1.182427,
    0.836971, 0.484294, 0.760408, 0.6162989999999999, 2.944787, 1.537009,
    0.44538900000000003, 0.253503, 3.5772890000000004, 0.356922,
    0.46319499999999997, 0.44538900000000003, 2.3717550000000003, 0.37649,
    0.329033, 0.576037, 0.20005, 0.945493, 0.591635, 0.702425, 0.392117,
    0.45291899999999996, 0.34904, 0.42375599999999997, 0.618075, 0.799311,
    0.16758099999999998, 0.31785199999999997
  ],
  [
    0.45477, 0.581868, 0.753499, 1.748089, 1.8899970000000001, 2.434174,
    0.307774, 0.834195, 0.623913, 0.39537599999999995, 0.571784, 0.276817,
    0.948235, 1.516286, 0.574473, 0.445102, 2.5415590000000003,
    1.9418499999999999, 3.068342, 0.735483, 0.086199, 1.4058030000000001,
    0.38083100000000003, 0.49587200000000003, 1.939183, 0.49239, 0.0, 1.086092,
    1.516182, 0.212559, 0.8293659999999999, 0.5291849999999999, 1.468412,
    0.47116399999999997, 0.36113999999999996, 0.753464, 0.365978, 0.368417,
    0.9564779999999999, 0.12390999999999999, 2.452398, 1.044619,
    0.33871100000000004, 0.5659679999999999, 3.0849, 0.49635199999999996,
    0.029195, 0.33871100000000004, 1.879366, 0.21431, 0.7127530000000001,
    0.208649, 0.512516, 1.141563, 0.224247, 0.210035, 0.31371699999999997,
    0.459395, 0.317878, 0.731107, 0.125685, 0.7385839999999999, 0.592718,
    0.636368
  ],
  [
    1.540861, 0.890941, 0.332593, 2.650406, 2.7923139999999997, 2.434552,
    1.007711, 0.277167, 1.343761, 1.130817, 1.6026880000000001, 0.976755,
    2.015676, 2.6061010000000002, 1.28516, 0.76055, 2.541936, 1.942228,
    2.976567, 0.862796, 1.047289, 0.5711069999999999, 0.7924840000000001,
    0.674563, 2.841501, 0.671081, 1.086092, 0.0, 1.537386, 1.29865, 0.306622,
    0.77539, 1.802643, 1.5572560000000002, 0.8202910000000001, 0.69386,
    1.4415930000000001, 0.8164020000000001, 0.19121100000000002, 1.209897,
    2.473601, 1.378851, 0.793573, 0.8750399999999999, 3.035369, 0.758536,
    1.056897, 0.793573, 1.900569, 0.998027, 0.372517, 1.169739, 0.821588,
    0.363719, 1.185337, 1.296127, 1.013654, 0.7420910000000001,
    0.7682140000000001, 0.354985, 1.183798, 1.433649, 0.5859030000000001,
    0.859869
  ],
  [
    1.481246, 2.098051, 1.613941, 2.116562, 2.25847, 1.077296, 1.823956,
    1.348662, 2.084672, 1.827262, 1.1936969999999998, 1.793, 2.130551,
    2.6986019999999997, 2.006359, 1.9612850000000002, 1.183449, 0.425668,
    1.646128, 0.964034, 1.602382, 1.094031, 1.5737349999999999, 2.012054,
    2.307656, 2.008572, 1.516182, 1.537386, 0.0, 1.599428, 1.367945,
    1.9531969999999998, 0.441332, 1.6551500000000001, 1.5403520000000002,
    0.884342, 1.492186, 1.601859, 1.367597, 1.4313209999999998, 1.095519,
    0.845007, 1.5665930000000001, 2.08215, 1.684105, 1.823856, 1.545377,
    1.5665930000000001, 0.363183, 1.7304929999999998, 1.676094,
    1.7248320000000001, 2.028698, 1.1736769999999999, 1.7404300000000001,
    1.601952, 1.829899, 1.661423, 1.793432, 1.5915489999999999,
    1.4108399999999999, 2.156404, 1.925171, 2.15255
  ],
  [
    0.242211, 0.515463, 0.966057, 1.8195, 1.961407, 2.51742, 0.355949, 1.046754,
    0.486102, 0.27681900000000004, 0.6150950000000001, 0.386906, 0.735677,
    1.303727, 0.455916, 0.6576609999999999, 2.624804, 2.025096, 3.151587,
    0.842528, 0.29875799999999997, 1.6009929999999999, 0.573082, 0.70843,
    1.743663, 0.704948, 0.212559, 1.29865, 1.599428, 0.0, 1.041925,
    0.7561509999999999, 1.543631, 0.258606, 0.48816899999999996, 0.860508,
    0.15342, 0.49544600000000005, 1.169037, 0.23095400000000002, 2.527616,
    1.119838, 0.534351, 0.549481, 3.1601190000000003, 0.7089099999999999,
    0.241753, 0.534351, 1.954584, 0.36872000000000005, 0.925312, 0.180092,
    0.594828, 1.3541210000000001, 0.164494, 0.002524, 0.350007,
    0.6550349999999999, 0.530437, 0.943665, 0.23273, 0.620027, 0.805277,
    0.848927
  ],
  [
    1.284136, 0.795614, 0.257601, 2.4239479999999998, 2.565855, 2.285937,
    0.752655, 0.03314, 1.142845, 0.914308, 1.343154, 0.721698,
    1.7776010000000002, 2.345652, 1.093405, 0.658848, 2.393322,
    1.7936130000000001, 2.8279520000000002, 0.636337, 0.790563,
    0.6025750000000001, 0.535759, 0.652269, 2.615042, 0.648787,
    0.8293659999999999, 0.306622, 1.367945, 1.041925, 0.0, 0.631152, 1.576184,
    1.3005309999999999, 0.5635650000000001, 0.545245, 1.184868, 0.559677,
    0.15325, 0.949584, 2.304161, 1.152392, 0.536848, 0.81692, 2.865928,
    0.501811, 0.800172, 0.536848, 1.731128, 0.7332430000000001,
    0.31975400000000004, 0.9130130000000001, 0.7634679999999999, 0.338334,
    0.928611, 1.039401, 0.758598, 0.485365, 0.511488, 0.235209, 0.923485,
    1.257516, 0.568831, 0.842797
  ],
  [
    0.998362, 0.306199, 0.505673, 2.291681, 2.433589, 2.87119, 0.42297,
    0.635981, 0.75902, 0.550914, 1.115376, 0.392013, 1.4213589999999998,
    2.011783, 0.700418, 0.174074, 2.978573, 2.378865, 3.4132029999999998,
    1.112517, 0.490382, 1.207589, 0.438113, 0.07121599999999999, 2.482775,
    0.06773399999999999, 0.5291849999999999, 0.77539, 1.9531969999999998,
    0.7561509999999999, 0.631152, 0.0, 1.99858, 1.001333, 0.5609400000000001,
    1.220206, 0.87475, 0.522073, 0.798187, 0.6540779999999999, 2.982566,
    1.574788, 0.483168, 0.291281, 3.6150680000000004, 0.394701, 0.500974,
    0.483168, 2.4095340000000003, 0.414269, 0.366812, 0.613815, 0.237829,
    0.983272, 0.629414, 0.7402029999999999, 0.429896, 0.49069799999999997,
    0.386819, 0.46153500000000003, 0.655854, 0.83709, 0.205359, 0.354647
  ],
  [
    1.4334760000000002, 2.0502800000000003, 1.7131079999999999, 1.801671,
    1.902094, 1.150125, 1.7761859999999998, 1.556901, 2.036901,
    1.7794919999999999, 1.145927, 1.7452290000000001, 2.0827809999999998,
    2.650832, 1.958588, 1.913515, 1.257509, 0.655419, 1.6921389999999998,
    0.939847, 1.5546110000000002, 1.44367, 1.607308, 1.9642840000000001,
    1.9927650000000001, 1.960802, 1.468412, 1.802643, 0.441332, 1.543631,
    1.576184, 1.99858, 0.0, 1.607379, 1.522394, 1.300425, 1.444416, 1.583901,
    1.6498599999999999, 1.383551, 1.168348, 0.49839100000000003,
    1.5909090000000001, 2.03438, 1.730116, 1.848173, 1.497607,
    1.5909090000000001, 0.592935, 1.682722, 1.775261, 1.677061, 1.980928,
    1.5233160000000001, 1.6926590000000001, 1.554181, 1.7821289999999999,
    1.685739, 1.78629, 1.6907159999999999, 1.36307, 2.1086329999999998,
    2.0243379999999997, 2.1047800000000003
  ],
  [
    0.268266, 0.7124109999999999, 1.224663, 1.875221, 2.0171289999999997,
    2.573142, 0.552898, 1.3053599999999999, 0.431191, 0.473767, 0.670817,
    0.5838540000000001, 0.477071, 1.045122, 0.489682, 0.846774, 2.680526,
    2.080817, 3.2073090000000004, 0.9900359999999999, 0.49949099999999996,
    1.8595979999999999, 0.831688, 0.9670359999999999, 1.778551, 0.963554,
    0.47116399999999997, 1.5572560000000002, 1.6551500000000001, 0.258606,
    1.3005309999999999, 1.001333, 1.607379, 0.0, 0.746774, 1.119114, 0.166066,
    0.7540520000000001, 1.427642, 0.48956, 2.589696, 1.1819179999999998,
    0.792957, 0.7464299999999999, 3.2221979999999997, 0.9675159999999999,
    0.500359, 0.792957, 2.016664, 0.5656680000000001, 1.1839179999999998,
    0.377041, 0.7917770000000001, 1.612727, 0.36144299999999996, 0.261129,
    0.5469550000000001, 0.9136409999999999, 0.789042, 1.2022709999999999,
    0.49133499999999997, 0.501254, 1.015418, 1.03302
  ],
  [
    0.73038, 0.628839, 0.48769799999999996, 2.017402, 2.15931, 2.458344,
    0.38521, 0.568395, 0.775401, 0.546864, 0.841096, 0.354254, 1.223845,
    1.791896, 0.72596, 0.492073, 2.565728, 1.9660199999999999,
    3.0003580000000003, 0.6996720000000001, 0.423118, 1.11059, 0.084914,
    0.5266430000000001, 2.2084960000000002, 0.523161, 0.36113999999999996,
    0.8202910000000001, 1.5403520000000002, 0.48816899999999996,
    0.5635650000000001, 0.5609400000000001, 1.522394, 0.746774, 0.0,
    0.7176520000000001, 0.6415879999999999, 0.107288, 0.689134, 0.39952,
    2.476567, 1.0986010000000002, 0.07777200000000001, 0.643404, 3.138881,
    0.335036, 0.390334, 0.07777200000000001, 1.903535, 0.365798, 0.445409,
    0.569789, 0.589952, 0.8742190000000001, 0.585387, 0.485645,
    0.39115300000000003, 0.198457, 0.30461099999999997, 0.463762, 0.381576,
    0.8900710000000001, 0.5642229999999999, 0.7144940000000001
  ],
  [
    1.102719, 1.297165, 0.791242, 2.148188, 2.290096, 1.802334,
    1.0612380000000001, 0.525963, 1.3466099999999999, 1.1488399999999999,
    1.1004690000000001, 1.030281, 1.596185, 2.164235, 1.327936, 1.160399,
    1.909719, 1.31001, 2.3443490000000002, 0.36057799999999995, 0.839663,
    0.8897200000000001, 0.751035, 1.185909, 2.3392820000000003, 1.182427,
    0.753464, 0.69386, 0.884342, 0.860508, 0.545245, 1.220206, 1.300425,
    1.119114, 0.7176520000000001, 0.0, 1.013928, 0.77916, 0.541077, 0.706899,
    1.820558, 0.876632, 0.743893, 1.319431, 2.382325, 1.001157, 0.782658,
    0.743893, 1.2475260000000001, 0.967774, 0.853394, 0.9621130000000001,
    1.265979, 0.680682, 0.977711, 0.857985, 1.067181, 0.838723,
    0.9707319999999999, 0.76885, 0.6808, 1.4920470000000001, 1.102471, 1.376571
  ],
  [
    0.09709999999999999, 0.6067910000000001, 1.109, 1.712258, 1.854166,
    2.4101779999999997, 0.447277, 1.1896969999999998, 0.5972569999999999,
    0.368147, 0.493333, 0.478234, 0.643137, 1.2111880000000002, 0.547678,
    0.7415879999999999, 2.517563, 1.917854, 3.044345, 0.827072, 0.394304,
    1.754412, 0.726502, 0.8404539999999999, 1.598552, 0.836971, 0.365978,
    1.4415930000000001, 1.492186, 0.15342, 1.184868, 0.87475, 1.444416,
    0.166066, 0.6415879999999999, 1.013928, 0.0, 0.648865, 1.3224559999999999,
    0.381575, 2.426732, 1.018954, 0.68777, 0.641331, 3.059234, 0.86233,
    0.395173, 0.68777, 1.8537000000000001, 0.460482, 1.078732, 0.271854,
    0.68659, 1.507541, 0.256256, 0.155943, 0.441769, 0.808455, 0.683856,
    1.097085, 0.386149, 0.66732, 0.9102319999999999, 0.928429
  ],
  [
    0.737657, 0.5899719999999999, 0.48380900000000004, 2.030976, 2.172884,
    2.5198519999999998, 0.346343, 0.564506, 0.736534, 0.507997,
    0.8546710000000001, 0.315387, 1.231122, 1.799173, 0.687093, 0.453206,
    2.627236, 2.027527, 3.0618649999999996, 0.7611789999999999,
    0.38425099999999995, 1.106701, 0.081025, 0.487776, 2.222071, 0.484294,
    0.368417, 0.8164020000000001, 1.601859, 0.49544600000000005, 0.559677,
    0.522073, 1.583901, 0.7540520000000001, 0.107288, 0.77916, 0.648865, 0.0,
    0.702865, 0.406797, 2.5380749999999996, 1.1601089999999998, 0.038905,
    0.611278, 3.200389, 0.296168, 0.397612, 0.038905, 1.9650429999999999,
    0.32693099999999997, 0.45914, 0.5067010000000001, 0.557826, 0.887949,
    0.522299, 0.492922, 0.352286, 0.159589, 0.265743, 0.477493, 0.408572,
    0.851204, 0.525356, 0.675627
  ],
  [
    1.411248, 0.922726, 0.384713, 2.497623, 2.639531, 2.285589,
    0.8797670000000001, 0.124384, 1.2699580000000001, 1.0414210000000002,
    1.449904, 0.84881, 1.9047129999999999, 2.472764, 1.220517, 0.78596,
    2.392973, 1.793264, 2.827603, 0.710013, 0.9176749999999999,
    0.45937700000000004, 0.662871, 0.76389, 2.688717, 0.760408,
    0.9564779999999999, 0.19121100000000002, 1.367597, 1.169037, 0.15325,
    0.798187, 1.6498599999999999, 1.427642, 0.689134, 0.541077,
    1.3224559999999999, 0.702865, 0.0, 1.0766959999999999, 2.3038119999999997,
    1.226068, 0.66396, 0.9440320000000001, 2.86558, 0.628923, 0.927284, 0.66396,
    1.73078, 0.860355, 0.446866, 1.040125, 0.89058, 0.19391999999999998,
    1.055723, 1.166513, 0.88571, 0.6124769999999999, 0.6386000000000001,
    0.354765, 1.050597, 1.384628, 0.695943, 0.969909
  ],
  [
    0.42269, 0.705778, 0.877408, 1.6807999999999998, 1.822707, 2.349313,
    0.431684, 0.954598, 0.717056, 0.5192859999999999, 0.48548899999999995,
    0.400727, 0.966631, 1.534682, 0.698382, 0.569012, 2.456698, 1.856989,
    2.98348, 0.688919, 0.21010900000000002, 1.447384, 0.484433,
    0.6197809999999999, 1.861427, 0.6162989999999999, 0.12390999999999999,
    1.209897, 1.4313209999999998, 0.23095400000000002, 0.949584,
    0.6540779999999999, 1.383551, 0.48956, 0.39952, 0.706899, 0.381575,
    0.406797, 1.0766959999999999, 0.0, 2.367537, 0.959758, 0.445702, 0.689877,
    3.000039, 0.620261, 0.15310400000000002, 0.445702, 1.794505, 0.33822,
    0.836663, 0.33255900000000005, 0.6364249999999999, 1.237884, 0.348157,
    0.22843100000000002, 0.437627, 0.566386, 0.441788, 0.855016, 0.065056,
    0.862494, 0.716628, 0.760278
  ],
  [
    2.417462, 3.034266, 2.550156, 1.68016, 1.621674, 0.018223, 2.760172,
    2.284878, 3.020887, 2.763478, 2.129912, 2.729215, 3.066767, 3.697812,
    2.942574, 2.8975, 0.08793000000000001, 0.669852, 0.5983970000000001,
    1.90025, 2.538597, 2.030246, 2.50995, 2.948269, 1.891729, 2.944787,
    2.452398, 2.473601, 1.095519, 2.527616, 2.304161, 2.982566, 1.168348,
    2.589696, 2.476567, 1.820558, 2.426732, 2.5380749999999996,
    2.3038119999999997, 2.367537, 0.0, 1.547283, 2.502808, 3.0183649999999997,
    0.636374, 2.760072, 2.481592, 2.502808, 0.732336, 2.6667080000000003,
    2.61231, 2.661047, 2.964913, 2.109892, 2.676645, 2.538167,
    2.7661149999999997, 2.597638, 2.729647, 2.527765, 2.3470560000000003,
    3.092619, 2.861386, 3.088766
  ],
  [
    1.0096829999999999, 1.6264880000000002, 1.2893160000000001, 1.372252,
    1.403703, 1.5290599999999999, 1.352394, 1.133109, 1.613109, 1.355699,
    0.722134, 1.321437, 1.658989, 2.2270390000000004, 1.534796, 1.489722,
    1.623202, 1.034354, 2.023722, 0.5160549999999999, 1.130819, 1.617117,
    1.183515, 1.540491, 1.5706300000000002, 1.537009, 1.044619, 1.378851,
    0.845007, 1.119838, 1.152392, 1.574788, 0.49839100000000003,
    1.1819179999999998, 1.0986010000000002, 0.876632, 1.018954,
    1.1601089999999998, 1.226068, 0.959758, 1.547283, 0.0, 1.169125, 1.610587,
    2.04028, 1.4243800000000002, 1.073814, 1.169125, 0.97187, 1.25893,
    1.3514680000000001, 1.253269, 1.557135, 1.411152, 1.268867,
    1.1303889999999999, 1.358336, 1.261947, 1.362497, 1.266924,
    0.9392780000000001, 1.6848409999999998, 1.600545, 1.680987
  ],
  [
    0.776562, 0.551067, 0.46098, 2.0698809999999996, 2.211789, 2.484585,
    0.316827, 0.5416770000000001, 0.707017, 0.478481, 0.893576, 0.28587,
    1.270027, 1.8380779999999999, 0.657577, 0.414301, 2.591969, 1.992261,
    3.026599, 0.725913, 0.354735, 1.0771849999999998, 0.051509,
    0.44887099999999996, 2.2609749999999997, 0.44538900000000003,
    0.33871100000000004, 0.793573, 1.5665930000000001, 0.534351, 0.536848,
    0.483168, 1.5909090000000001, 0.792957, 0.07777200000000001, 0.743893,
    0.68777, 0.038905, 0.66396, 0.445702, 2.502808, 1.169125, 0.0, 0.572373,
    3.064576, 0.25726299999999996, 0.367906, 0.0, 1.9297760000000002,
    0.29741500000000004, 0.420235, 0.477185, 0.5189210000000001, 0.849044,
    0.492783, 0.531827, 0.32277, 0.120684, 0.236227, 0.43858800000000003,
    0.44747699999999996, 0.821688, 0.486451, 0.636722
  ],
  [
    0.724286, 0.061607, 0.6053229999999999, 2.3140569999999996, 2.455965,
    3.000142, 0.300303, 0.82175, 0.508228, 0.301483, 1.137751, 0.2908, 1.185499,
    1.775924, 0.444521, 0.141627, 3.107526, 2.5078180000000003, 3.634309,
    1.301451, 0.527165, 1.3933579999999999, 0.6171409999999999, 0.256985,
    2.2257379999999998, 0.253503, 0.5659679999999999, 0.8750399999999999,
    2.08215, 0.549481, 0.81692, 0.291281, 2.03438, 0.7464299999999999, 0.643404,
    1.319431, 0.641331, 0.611278, 0.9440320000000001, 0.689877,
    3.0183649999999997, 1.610587, 0.572373, 0.0, 3.6508670000000003, 0.446699,
    0.5367730000000001, 0.535166, 2.445333, 0.44056599999999996,
    0.5329919999999999, 0.468928, 0.091649, 1.0919100000000002, 0.45333,
    0.555732, 0.294361, 0.5426960000000001, 0.438817, 0.627715,
    0.6916530000000001, 0.622899, 0.315291, 0.332892
  ],
  [
    3.049963, 3.6667680000000002, 3.1119250000000003, 1.455727, 1.266759,
    0.654597, 3.392674, 2.8466460000000002, 3.653389, 3.3959789999999996,
    2.6892199999999997, 3.361717, 3.689462, 3.733087, 3.575076, 3.530002,
    0.5484439999999999, 1.2584380000000002, 0.12298, 2.462017,
    3.1710990000000003, 2.5920140000000003, 3.0717179999999997,
    3.5807710000000004, 1.722709, 3.5772890000000004, 3.0849, 3.035369,
    1.684105, 3.1601190000000003, 2.865928, 3.6150680000000004, 1.730116,
    3.2221979999999997, 3.138881, 2.382325, 3.059234, 3.200389, 2.86558,
    3.000039, 0.636374, 2.04028, 3.064576, 3.6508670000000003, 0.0,
    3.3218400000000003, 3.141739, 3.064576, 1.320922, 3.326855, 3.174077,
    3.321193, 3.62506, 2.6716599999999997, 3.336792, 3.198313, 3.426261,
    3.159406, 3.2914149999999998, 3.089532, 3.0072020000000004,
    3.7527649999999997, 3.423154, 3.748912
  ],
  [
    0.951121, 0.462599, 0.42594299999999996, 2.2444409999999997, 2.386348,
    2.741848, 0.41964100000000004, 0.50664, 0.809831, 0.581294, 1.068135,
    0.38868400000000003, 1.444587, 2.012638, 0.76039, 0.32583300000000004,
    2.8492330000000003, 2.249524, 3.2838629999999998, 0.983176, 0.457549,
    1.078248, 0.308772, 0.360404, 2.435535, 0.356922, 0.49635199999999996,
    0.758536, 1.823856, 0.7089099999999999, 0.501811, 0.394701, 1.848173,
    0.9675159999999999, 0.335036, 1.001157, 0.86233, 0.296168, 0.628923,
    0.620261, 2.760072, 1.4243800000000002, 0.25726299999999996, 0.446699,
    3.3218400000000003, 0.0, 0.467297, 0.25726299999999996, 2.189385, 0.400368,
    0.385338, 0.580139, 0.430594, 0.814148, 0.595737, 0.706527, 0.425724,
    0.264934, 0.178614, 0.40369099999999997, 0.622177, 0.9246420000000001,
    0.39812400000000003, 0.548395
  ],
  [
    0.483964, 0.552674, 0.724304, 1.777284, 1.919192, 2.463369, 0.278579,
    0.805001, 0.594718, 0.366181, 0.6009779999999999, 0.24762299999999998,
    0.9774299999999999, 1.545481, 0.545278, 0.415908, 2.5707530000000003,
    1.9710450000000002, 3.097536, 0.764678, 0.057005, 1.376609, 0.410026,
    0.466677, 1.968378, 0.46319499999999997, 0.029195, 1.056897, 1.545377,
    0.241753, 0.800172, 0.500974, 1.497607, 0.500359, 0.390334, 0.782658,
    0.395173, 0.397612, 0.927284, 0.15310400000000002, 2.481592, 1.073814,
    0.367906, 0.5367730000000001, 3.141739, 0.467297, 0.0, 0.367906, 1.90856,
    0.185116, 0.6835589999999999, 0.179455, 0.483321, 1.112368, 0.195053,
    0.23923, 0.284522, 0.48858999999999997, 0.28868299999999997, 0.701912,
    0.15488, 0.709389, 0.563523, 0.607173
  ],
  [
