[
    [
        0.0,
        4.447979999999999,
        2.745559,
        1.64253,
        4.017157,
        2.668447,
        4.24316,
        3.677348,
        2.129331,
        4.297707999999999,
        2.804895,
        2.739661,
        4.709222,
        3.178021,
        2.755286,
        4.8437470000000005,
        4.551309,
        2.1341069999999998,
        3.378902,
        3.9788930000000002,
        4.6586490000000005,
        1.790436,
        2.4203539999999997,
        4.205557,
        2.87872,
        0.63607,
        2.3580140000000003,
        1.898813,
        2.089386,
        0.89767,
        1.5836700000000001,
        2.980367,
        3.6008400000000003,
        4.023556999999999,
        4.774185999999999,
        3.850911,
        4.05112,
        2.973823,
        1.292012,
        4.214574,
        3.455205,
        2.73165,
        2.690824,
        3.092061,
        2.825008,
        3.1716379999999997,
        1.6895740000000001,
        3.8788400000000003,
        2.484315,
        3.267366,
        2.285349,
        2.0809189999999997,
        2.567054,
        1.3038409999999998,
        2.367922,
        2.706435,
        3.519897,
        3.7257730000000002,
        3.4892420000000004,
        2.346827
    ],
    [
        4.447979999999999,
        0.0,
        1.8099049999999999,
        2.8105569999999997,
        0.6485449999999999,
        1.858351,
        0.529601,
        3.225576,
        2.491781,
        0.498801,
        1.6405239999999999,
        3.5086329999999997,
        0.8299869999999999,
        1.325469,
        2.853529,
        0.77989,
        0.08934399999999999,
        2.400004,
        1.071922,
        2.23036,
        0.6664829999999999,
        2.817616,
        4.004135,
        1.161969,
        1.6100329999999998,
        3.809349,
        3.459161,
        5.118955,
        2.39735,
        4.53683,
        3.5214450000000004,
        2.273354,
        0.8690789999999999,
        2.1595940000000002,
        0.686296,
        2.892329,
        2.5174499999999997,
        1.589205,
        4.184832,
        3.402866,
        1.757566,
        1.75178,
        1.843345,
        1.474329,
        3.1960520000000003,
        1.855048,
        4.742874,
        1.087934,
        3.672585,
        1.404433,
        3.8871219999999997,
        3.8803609999999997,
        1.972005,
        4.173003,
        3.429951,
        1.782319,
        0.992634,
        0.866269,
        2.667163,
        2.2643380000000004
    ],
    [
        2.745559,
        1.8099049999999999,
        0.0,
        1.200888,
        1.652612,
        1.562104,
        1.861484,
        1.947669,
        0.882111,
        1.938987,
        0.283706,
        1.716442,
        2.333117,
        0.508683,
        2.703339,
        2.4676419999999997,
        1.8880160000000001,
        0.606504,
        0.743389,
        1.31504,
        2.2825439999999997,
        1.026151,
        3.35614,
        1.988514,
        0.934118,
        2.1045990000000003,
        1.665662,
        3.325455,
        0.7762720000000001,
        2.74333,
        1.7279449999999998,
        0.673384,
        0.965327,
        1.313267,
        2.4001669999999997,
        1.803694,
        1.687557,
        0.244669,
        2.391332,
        2.2750239999999997,
        0.709525,
        0.22103299999999998,
        0.049845,
        0.727133,
        1.404112,
        0.425957,
        2.949375,
        1.7829929999999998,
        1.8790850000000001,
        0.631852,
        2.093622,
        3.368267,
        0.178505,
        2.379503,
        3.222074,
        0.93936,
        0.8843840000000001,
        1.34992,
        1.4404290000000002,
        1.71284
    ],
    [
        1.64253,
        2.8105569999999997,
        1.200888,
        0.0,
        2.471998,
        1.033585,
        2.7003000000000004,
        2.478665,
        0.560365,
        2.754849,
        1.1700329999999999,
        1.776397,
        3.166363,
        1.5431590000000002,
        1.945057,
        3.300888,
        2.888668,
        0.710606,
        1.744041,
        2.4493899999999997,
        3.1157890000000004,
        0.504741,
        2.266338,
        2.662698,
        1.2438589999999998,
        1.028908,
        1.394623,
        2.7952559999999997,
        0.45452499999999996,
        1.8623830000000001,
        0.9689009999999999,
        1.547964,
        1.9659790000000001,
        2.507333,
        3.231326,
        2.4719070000000003,
        2.672116,
        1.358919,
        1.6266189999999998,
        2.943234,
        1.9087729999999998,
        1.096789,
        1.164209,
        1.4572,
        1.6213879999999998,
        1.620023,
        2.4191759999999998,
        2.33598,
        1.576314,
        1.632505,
        1.770894,
        2.277025,
        1.1075789999999999,
        1.638447,
        1.993464,
        1.071573,
        1.8850360000000002,
        2.180614,
        2.110239,
        0.9251090000000001
    ],
    [
        4.017157,
        0.6485449999999999,
        1.652612,
        2.471998,
        0.0,
        1.465419,
        0.281937,
        3.250168,
        2.1985259999999998,
        0.33648500000000003,
        1.483231,
        3.35134,
        0.747999,
        1.175961,
        2.269555,
        0.882524,
        0.590086,
        2.242711,
        1.069164,
        2.1875590000000003,
        0.697426,
        2.524361,
        3.4201599999999996,
        0.7064900000000001,
        1.318519,
        3.472235,
        3.301868,
        4.961661,
        2.062778,
        4.261599,
        3.260737,
        2.21502,
        0.8694080000000001,
        2.116793,
        0.812963,
        2.849528,
        2.529549,
        1.431913,
        3.9929270000000003,
        3.427459,
        1.6930930000000002,
        1.594487,
        1.6860519999999999,
        1.200321,
        3.038759,
        1.7967149999999998,
        4.585581,
        0.632454,
        3.515292,
        1.2471400000000001,
        3.729829,
        3.296387,
        1.8147119999999999,
        4.0047559999999995,
        2.845977,
        1.4908050000000002,
        0.7884650000000001,
        0.324944,
        2.691756,
        1.843718
    ],
    [
        2.668447,
        1.858351,
        1.562104,
        1.033585,
        1.465419,
        0.0,
        1.664415,
        3.100079,
        0.981875,
        1.718964,
        1.4760170000000001,
        2.719601,
        2.130478,
        1.641048,
        1.175144,
        2.265003,
        1.972564,
        1.3471220000000002,
        1.625027,
        2.738721,
        2.079904,
        1.307711,
        2.268062,
        1.626813,
        0.651676,
        2.032377,
        2.354108,
        3.754614,
        0.846127,
        2.8217399999999997,
        1.928259,
        2.2227759999999996,
        1.529554,
        2.667955,
        2.1954409999999998,
        3.093319,
        3.080711,
        1.664903,
        2.585976,
        3.564648,
        2.0610790000000003,
        1.364762,
        1.5561189999999998,
        0.904981,
        2.407272,
        1.917998,
        3.378533,
        1.300096,
        2.535799,
        1.545715,
        2.730251,
        2.144289,
        1.571618,
        2.597804,
        1.693879,
        0.6461870000000001,
        1.385286,
        1.147028,
        2.731651,
        0.405988
    ],
    [
        4.24316,
        0.529601,
        1.861484,
        2.7003000000000004,
        0.281937,
        1.664415,
        0.0,
        3.385557,
        2.424529,
        0.103177,
        1.695221,
        3.56333,
        0.482712,
        1.457897,
        2.266278,
        0.6316090000000001,
        0.479779,
        2.5231689999999998,
        1.231903,
        2.322948,
        0.44651100000000005,
        2.7503640000000003,
        3.646163,
        0.643103,
        1.544522,
        3.698238,
        3.510741,
        5.170534,
        2.28878,
        4.487601,
        3.4867399999999997,
        2.433334,
        1.0290599999999999,
        2.252181,
        0.562048,
        2.984917,
        2.664937,
        1.6439030000000001,
        4.218929,
        3.562847,
        1.9175470000000001,
        1.817223,
        1.898042,
        1.426323,
        3.250749,
        2.015029,
        4.794454,
        0.569067,
        3.727282,
        1.529076,
        3.938701,
        3.5223899999999997,
        2.026702,
        4.230758,
        2.9899250000000004,
        1.716807,
        1.070402,
        0.550946,
        2.8271439999999997,
        2.06972
    ],
    [
        3.677348,
        3.225576,
        1.947669,
        2.478665,
        3.250168,
        3.100079,
        3.385557,
        0.0,
        2.197803,
        3.312089,
        2.1801619999999997,
        1.30681,
        3.706219,
        2.160149,
        4.21808,
        3.840744,
        3.303687,
        1.756559,
        2.190795,
        1.236544,
        3.6556460000000004,
        1.998439,
        4.662359,
        3.82717,
        2.722226,
        3.029779,
        1.649877,
        3.3979630000000003,
        2.244573,
        3.1728899999999998,
        2.52798,
        1.302923,
        2.3867249999999998,
        1.2749849999999998,
        3.771183,
        0.657122,
        1.12966,
        2.141125,
        2.6876170000000004,
        0.537226,
        1.705883,
        2.153725,
        1.932405,
        2.6598249999999997,
        1.307036,
        1.738181,
        3.2152249999999998,
        3.679449,
        1.640154,
        2.406521,
        2.063779,
        4.672675,
        1.804567,
        2.675788,
        4.388524,
        2.54994,
        2.487905,
        3.188576,
        0.5509160000000001,
        3.213884
    ],
    [
        2.129331,
        2.491781,
        0.882111,
        0.560365,
        2.1985259999999998,
        0.981875,
        2.424529,
        2.197803,
        0.0,
        2.457998,
        0.8512569999999999,
        1.8267039999999999,
        2.8695120000000003,
        1.224383,
        2.109255,
        3.004037,
        2.569892,
        0.45422500000000005,
        1.4252639999999999,
        2.130613,
        2.818939,
        0.414813,
        2.6954119999999997,
        2.365847,
        0.925082,
        1.493261,
        1.577038,
        2.977544,
        0.135749,
        2.166574,
        1.151189,
        1.329878,
        1.647202,
        2.188556,
        2.934475,
        2.200422,
        2.4006309999999997,
        1.040143,
        1.883378,
        2.671751,
        1.5899960000000002,
        0.7780119999999999,
        0.845433,
        1.138423,
        1.514374,
        1.3012460000000001,
        2.601464,
        2.03913,
        1.758729,
        1.313728,
        1.953182,
        2.706689,
        0.762826,
        1.895207,
        2.422538,
        0.752797,
        1.56626,
        1.886063,
        1.8387529999999999,
        1.105059
    ],
    [
        4.297707999999999,
        0.498801,
        1.938987,
        2.754849,
        0.33648500000000003,
        1.718964,
        0.103177,
        3.312089,
        2.457998,
        0.0,
        1.7252919999999998,
        3.5934,
        0.583488,
        1.410236,
        2.344643,
        0.7256710000000001,
        0.448978,
        2.4847710000000003,
        1.15669,
        2.2487269999999997,
        0.540573,
        2.804913,
        3.7007109999999996,
        0.721468,
        1.59907,
        3.7527869999999997,
        3.543929,
        5.203722,
        2.343329,
        4.5421499999999995,
        3.5412890000000004,
        2.358121,
        0.953847,
        2.176968,
        0.65611,
        2.9106959999999997,
        2.5897240000000004,
        1.673973,
        4.269599,
        3.487634,
        1.842333,
        1.836547,
        1.928112,
        1.480872,
        3.280819,
        1.939816,
        4.827642,
        0.647432,
        3.757353,
        1.4892,
        3.971889,
        3.576938,
        2.056772,
        4.257771,
        3.126528,
        1.771356,
        1.07484,
        0.605495,
        2.7519299999999998,
        2.124269
    ],
    [
        2.804895,
        1.6405239999999999,
        0.283706,
        1.1700329999999999,
        1.483231,
        1.4760170000000001,
        1.695221,
        2.1801619999999997,
        0.8512569999999999,
        1.7252919999999998,
        0.0,
        1.9943140000000001,
        2.165823,
        0.37312599999999996,
        2.6116460000000004,
        2.298261,
        1.718635,
        0.838668,
        0.5740069999999999,
        1.399687,
        2.113163,
        1.177092,
        3.326136,
        1.8191330000000001,
        0.824341,
        2.168825,
        1.943534,
        3.603327,
        0.745417,
        2.928853,
        1.9134680000000002,
        0.951256,
        0.795945,
        1.328921,
        2.230785,
        1.97956,
        1.742046,
        0.188886,
        2.6456570000000004,
        2.453812,
        0.7387400000000001,
        0.111256,
        0.327717,
        0.617356,
        1.681984,
        0.441981,
        3.227246,
        1.613612,
        2.156957,
        0.462471,
        2.371494,
        3.3374119999999996,
        0.45637700000000003,
        2.657486,
        3.130382,
        0.83808,
        0.715003,
        1.180539,
        1.6605699999999999,
        1.6819860000000002
    ],
    [
        2.739661,
        3.5086329999999997,
        1.716442,
        1.776397,
        3.35134,
        2.719601,
        3.56333,
        1.30681,
        1.8267039999999999,
        3.5934,
        1.9943140000000001,
        0.0,
        4.03454,
        2.210106,
        3.646376,
        4.169065,
        3.589439,
        1.372479,
        2.4448119999999998,
        2.220277,
        3.9839670000000003,
        1.409579,
        3.967657,
        3.689937,
        2.3511260000000003,
        2.172346,
        0.40990899999999997,
        2.2142399999999998,
        1.8734739999999999,
        1.932922,
        1.27275,
        1.5183250000000001,
        2.66675,
        2.264941,
        4.0995029999999995,
        1.838731,
        2.188695,
        1.946093,
        1.4476479999999998,
        1.7410329999999998,
        1.975809,
        1.922456,
        1.6830809999999998,
        2.428556,
        0.430688,
        1.818811,
        1.962346,
        3.484417,
        0.333343,
        2.3332759999999997,
        0.756968,
        3.978345,
        1.539323,
        1.4358199999999999,
        3.6947829999999997,
        2.178841,
        2.585807,
        3.0513429999999997,
        1.6152760000000002,
        2.627278
    ],
    [
        4.709222,
        0.8299869999999999,
        2.333117,
        3.166363,
        0.747999,
        2.130478,
        0.482712,
        3.706219,
        2.8695120000000003,
        0.583488,
        2.165823,
        4.03454,
        0.0,
        1.804367,
        2.642538,
        0.742187,
        0.780164,
        2.878902,
        1.550821,
        2.6418649999999997,
        0.500103,
        3.216427,
        4.112226,
        0.771683,
        2.010584,
        4.1643,
        3.93806,
        5.597852,
        2.7548429999999997,
        4.953664,
        3.952803,
        2.752252,
        1.347977,
        2.571098,
        0.615639,
        3.303833,
        2.983854,
        2.068104,
        4.663729,
        3.881764,
        2.236464,
        2.230677,
        2.322243,
        1.892386,
        3.67495,
        2.333946,
        5.221772,
        1.026673,
        4.151483,
        1.8833309999999999,
        4.366020000000001,
        3.988452,
        2.450902,
        4.651901,
        3.3661849999999998,
        2.18287,
        1.46897,
        1.017009,
        3.146061,
        2.535783
    ],
    [
        3.178021,
        1.325469,
        0.508683,
        1.5431590000000002,
        1.175961,
        1.641048,
        1.457897,
        2.160149,
        1.224383,
        1.410236,
        0.37312599999999996,
        2.210106,
        1.804367,
        0.0,
        2.812525,
        1.986864,
        1.407238,
        1.128746,
        0.262611,
        1.230345,
        1.801766,
        1.550218,
        3.699262,
        1.666964,
        1.038347,
        2.54195,
        2.187904,
        3.847697,
        1.1185429999999998,
        3.265573,
        2.250188,
        1.0370160000000002,
        0.484548,
        1.159579,
        1.9193889999999998,
        1.892314,
        1.572335,
        0.31420800000000004,
        2.913574,
        2.47478,
        0.515089,
        0.484382,
        0.5720879999999999,
        0.8120879999999999,
        1.926355,
        0.618711,
        3.471617,
        1.56115,
        2.401328,
        0.246314,
        2.615865,
        3.710538,
        0.700748,
        2.901746,
        3.332283,
        1.094994,
        0.403606,
        1.0283699999999998,
        1.640186,
        1.914024
    ],
    [
        2.755286,
        2.853529,
        2.703339,
        1.945057,
        2.269555,
        1.175144,
        2.266278,
        4.21808,
        2.109255,
        2.344643,
        2.6116460000000004,
        3.646376,
        2.642538,
        2.812525,
        0.0,
        2.901538,
        2.800589,
        2.483817,
        2.7993159999999997,
        3.9128429999999996,
        2.7093760000000002,
        2.378002,
        1.654531,
        1.964055,
        1.8367360000000001,
        2.266422,
        3.268012,
        4.1747309999999995,
        1.9828219999999999,
        3.006747,
        2.842163,
        3.359471,
        2.703675,
        3.842076,
        2.824913,
        4.230014,
        4.254832,
        2.812186,
        3.147884,
        4.701344,
        3.2352,
        2.508966,
        2.692815,
        2.0900410000000003,
        3.4938000000000002,
        3.062202,
        3.798651,
        1.737173,
        3.449703,
        2.719836,
        3.643306,
        1.530758,
        2.708313,
        3.159713,
        0.957864,
        1.782882,
        2.559407,
        1.9750530000000002,
        3.868346,
        1.03854
    ],
    [
        4.8437470000000005,
        0.77989,
        2.4676419999999997,
        3.300888,
        0.882524,
        2.265003,
        0.6316090000000001,
        3.840744,
        3.004037,
        0.7256710000000001,
        2.298261,
        4.169065,
        0.742187,
        1.986864,
        2.901538,
        0.0,
        0.690784,
        3.030879,
        1.702799,
        2.793843,
        0.199657,
        3.368405,
        4.264203999999999,
        1.07705,
        2.162562,
        4.316279000000001,
        4.090037,
        5.74983,
        2.906821,
        5.105642,
        4.104781,
        2.90423,
        1.499955,
        2.723076,
        0.250197,
        3.455812,
        3.1358319999999997,
        2.2200819999999997,
        4.815707000000001,
        4.033742,
        2.388442,
        2.382656,
        2.474221,
        2.044365,
        3.8269279999999997,
        2.4859250000000004,
        5.37375,
        1.207395,
        4.303461,
        2.035309,
        4.5179979999999995,
        4.1404309999999995,
        2.602881,
        4.803879,
        3.69002,
        2.334848,
        1.620949,
        1.168987,
        3.298039,
        2.687761
    ],
    [
        4.551309,
        0.08934399999999999,
        1.8880160000000001,
        2.888668,
        0.590086,
        1.972564,
        0.479779,
        3.303687,
        2.569892,
        0.448978,
        1.718635,
        3.589439,
        0.780164,
        1.407238,
        2.800589,
        0.690784,
        0.0,
        2.4755529999999997,
        1.147472,
        2.311968,
        0.58024,
        2.8931660000000003,
        3.954312,
        1.1121459999999999,
        1.685583,
        3.884898,
        3.5347109999999997,
        5.194504,
        2.4729,
        4.612379,
        3.5969949999999997,
        2.348903,
        0.944629,
        2.2412020000000004,
        0.596951,
        2.973937,
        2.599058,
        1.6647550000000002,
        4.260381000000001,
        3.478416,
        1.833115,
        1.827329,
        1.918894,
        1.5498779999999999,
        3.271601,
        1.930598,
        4.818423,
        1.038111,
        3.7481350000000004,
        1.479982,
        3.962671,
        3.8305390000000004,
        2.047554,
        4.248552,
        3.3801289999999997,
        1.8578679999999999,
        1.0681829999999999,
        0.859096,
        2.742712,
        2.3778699999999997
    ],
    [
        2.1341069999999998,
        2.400004,
        0.606504,
        0.710606,
        2.242711,
        1.3471220000000002,
        2.5231689999999998,
        1.756559,
        0.45422500000000005,
        2.4847710000000003,
        0.838668,
        1.372479,
        2.878902,
        1.128746,
        2.483817,
        3.030879,
        2.4755529999999997,
        0.0,
        1.326735,
        1.889281,
        2.86589,
        0.376802,
        2.902716,
        2.465062,
        0.9786480000000001,
        1.498037,
        1.3216990000000002,
        2.813248,
        0.500995,
        2.129028,
        1.113643,
        0.890755,
        1.548673,
        1.933945,
        2.981427,
        1.761299,
        1.961508,
        0.828016,
        1.8458320000000001,
        2.232628,
        1.3093979999999998,
        0.765423,
        0.549907,
        1.190864,
        1.0601489999999998,
        1.025831,
        2.4371680000000002,
        2.138344,
        1.535122,
        1.2151990000000001,
        1.749659,
        2.9134029999999997,
        0.426136,
        1.857661,
        2.629841,
        0.8063619999999999,
        1.46773,
        1.985277,
        1.3996300000000002,
        1.4703060000000001
    ],
    [
        3.378902,
        1.071922,
        0.743389,
        1.744041,
        1.069164,
        1.625027,
        1.231903,
        2.190795,
        1.4252639999999999,
        1.15669,
        0.5740069999999999,
        2.4448119999999998,
        1.550821,
        0.262611,
        2.7993159999999997,
        1.702799,
        1.147472,
        1.326735,
        0.0,
        1.1291790000000002,
        1.501993,
        1.751099,
        3.647406,
        1.643194,
        1.0266199999999999,
        2.742832,
        2.392645,
        4.052438,
        1.3194249999999998,
        3.470313,
        2.454929,
        1.236033,
        0.233071,
        1.0584120000000001,
        1.617529,
        1.790155,
        1.4711679999999998,
        0.522689,
        3.118315,
        2.368085,
        0.720245,
        0.6852630000000001,
        0.776828,
        0.800362,
        2.1310949999999997,
        0.817727,
        3.676357,
        1.549423,
        2.6060689999999997,
        0.337916,
        2.820605,
        3.712543,
        0.9054880000000001,
        3.106486,
        3.320557,
        1.083267,
        0.300936,
        1.0046,
        1.632382,
        1.902298
    ],
    [
        3.9788930000000002,
        2.23036,
        1.31504,
        2.4493899999999997,
        2.1875590000000003,
        2.738721,
        2.322948,
        1.236544,
        2.130613,
        2.2487269999999997,
        1.399687,
        2.220277,
        2.6418649999999997,
        1.230345,
        3.9128429999999996,
        2.793843,
        2.311968,
        1.889281,
        1.1291790000000002,
        0.0,
        2.593037,
        2.268206,
        4.605492,
        2.7654270000000003,
        2.140147,
        3.3428229999999997,
        2.268785,
        4.2050730000000005,
        2.024774,
        3.7917979999999996,
        2.924833,
        1.008606,
        1.324115,
        0.07076600000000001,
        2.706487,
        0.711584,
        0.398619,
        1.360651,
        3.306524,
        1.330636,
        0.884029,
        1.510943,
        1.298347,
        1.9138879999999998,
        1.785634,
        0.9577060000000001,
        3.821222,
        2.66295,
        2.5200270000000002,
        1.451443,
        2.780828,
        4.616769000000001,
        1.42768,
        3.294696,
        4.434082999999999,
        2.187862,
        1.4252960000000001,
        2.126833,
        0.7007279999999999,
        2.961342
    ],
    [
        4.6586490000000005,
        0.6664829999999999,
        2.2825439999999997,
        3.1157890000000004,
        0.697426,
        2.079904,
        0.44651100000000005,
        3.6556460000000004,
        2.818939,
        0.540573,
        2.113163,
        3.9839670000000003,
        0.500103,
        1.801766,
        2.7093760000000002,
        0.199657,
        0.58024,
        2.86589,
        1.501993,
        2.593037,
        0.0,
        3.164593,
        4.060392,
        0.873239,
        1.958751,
        4.115585,
        3.886226,
        5.546019,
        2.703009,
        4.9018310000000005,
        3.900969,
        2.700418,
        1.296143,
        2.519264,
        0.140039,
        3.252,
        2.932021,
        2.01627,
        4.611896,
        3.82993,
        2.1846300000000003,
        2.1788440000000002,
        2.270409,
        1.840553,
        3.623116,
        2.282113,
        5.169938,
        1.003583,
        4.099649,
        1.8314970000000002,
        4.314185999999999,
        3.9366190000000003,
        2.399069,
        4.600067,
        3.486208,
        2.131036,
        1.4171369999999999,
        0.965175,
        3.094227,
        2.483949
    ],
    [
        1.790436,
        2.817616,
        1.026151,
        0.504741,
        2.524361,
        1.307711,
        2.7503640000000003,
        1.998439,
        0.414813,
        2.804913,
        1.177092,
        1.409579,
        3.216427,
        1.550218,
        2.378002,
        3.368405,
        2.8931660000000003,
        0.376802,
        1.751099,
        2.268206,
        3.164593,
        0.0,
        2.696851,
        2.6916819999999997,
        1.2509169999999998,
        1.154365,
        1.1620979999999999,
        2.5627310000000003,
        0.461584,
        1.751761,
        0.736376,
        1.26756,
        1.973037,
        2.310749,
        3.26031,
        2.138103,
        2.3383119999999997,
        1.192,
        1.4685650000000001,
        2.5471640000000004,
        1.6733820000000001,
        1.103847,
        0.913891,
        1.464258,
        1.116647,
        1.389815,
        2.186651,
        2.364965,
        1.343788,
        1.639563,
        1.5383689999999999,
        2.707538,
        0.79012,
        1.480394,
        2.423976,
        1.078632,
        1.892095,
        2.211898,
        1.776435,
        1.355622
    ],
    [
        2.4203539999999997,
        4.004135,
        3.35614,
        2.266338,
        3.4201599999999996,
        2.268062,
        3.646163,
        4.662359,
        2.6954119999999997,
        3.7007109999999996,
        3.326136,
        3.967657,
        4.112226,
        3.699262,
        1.654531,
        4.264203999999999,
        3.954312,
        2.902716,
        3.647406,
        4.605492,
        4.060392,
        2.696851,
        0.0,
        3.383212,
        2.927221,
        2.6205529999999997,
        3.586743,
        4.032433,
        2.61051,
        3.064579,
        3.160894,
        3.740806,
        3.85428,
        4.664167,
        4.174071,
        4.66687,
        4.8670789999999995,
        3.515753,
        3.549852,
        5.136076,
        4.064757999999999,
        3.252774,
        3.3210439999999997,
        3.180527,
        3.81338,
        3.776857,
        3.8918530000000002,
        3.15633,
        3.768434,
        3.562613,
        3.962886,
        0.380961,
        3.2635639999999997,
        3.561681,
        0.741264,
        2.873368,
        3.750973,
        3.125658,
        4.304352,
        2.129025
    ],
    [
        4.205557,
        1.161969,
        1.988514,
        2.662698,
        0.7064900000000001,
        1.626813,
        0.643103,
        3.82717,
        2.365847,
        0.721468,
        1.8191330000000001,
        3.689937,
        0.771683,
        1.666964,
        1.964055,
        1.07705,
        1.1121459999999999,
        2.465062,
        1.643194,
        2.7654270000000003,
        0.873239,
        2.6916819999999997,
        3.383212,
        0.0,
        1.500532,
        3.6092220000000004,
        3.634444,
        5.275493,
        2.251178,
        4.398586,
        3.4491370000000003,
        2.6421669999999997,
        1.4379849999999998,
        2.680501,
        0.9904489999999999,
        3.413237,
        3.093257,
        1.764488,
        4.1813270000000005,
        3.991167,
        2.184897,
        1.9235909999999998,
        2.018628,
        1.535809,
        3.372895,
        2.143463,
        4.899412999999999,
        0.279735,
        3.847868,
        1.70665,
        4.062405,
        3.251689,
        2.147288,
        4.193155,
        2.681232,
        1.672817,
        1.336805,
        0.690005,
        3.309993,
        1.977587
    ],
    [
        2.87872,
        1.6100329999999998,
        0.934118,
        1.2438589999999998,
        1.318519,
        0.651676,
        1.544522,
        2.722226,
        0.925082,
        1.59907,
        0.824341,
        2.3511260000000003,
        2.010584,
        1.038347,
        1.8367360000000001,
        2.162562,
        1.685583,
        0.9786480000000001,
        1.0266199999999999,
        2.140147,
        1.958751,
        1.2509169999999998,
        2.927221,
        1.500532,
        0.0,
        2.2426500000000003,
        2.3003460000000002,
        3.7692449999999997,
        0.787317,
        3.002678,
        1.987293,
        1.591097,
        0.8880589999999999,
        2.0695479999999997,
        2.069441,
        2.724844,
        2.482304,
        1.0132269999999999,
        2.7194830000000003,
        3.196174,
        1.462672,
        0.713086,
        0.967558,
        0.253305,
        2.038797,
        1.266322,
        3.393164,
        1.159697,
        2.51377,
        0.947309,
        2.7283069999999996,
        2.796565,
        1.0962180000000001,
        2.7313110000000003,
        2.346155,
        0.172285,
        0.786879,
        1.021028,
        2.3631759999999997,
        0.875677
    ],
    [
        0.63607,
        3.809349,
        2.1045990000000003,
        1.028908,
        3.472235,
        2.032377,
        3.698238,
        3.029779,
        1.493261,
        3.7527869999999997,
        2.168825,
        2.172346,
        4.1643,
        2.54195,
        2.266422,
        4.316279000000001,
        3.884898,
        1.498037,
        2.742832,
        3.3428229999999997,
        4.115585,
        1.154365,
        2.6205529999999997,
        3.6092220000000004,
        2.2426500000000003,
        0.0,
        1.7907,
        2.020193,
        1.453316,
        0.85003,
        0.991114,
        2.344297,
        2.96477,
        3.387487,
        4.230117,
        3.21484,
        3.415049,
        2.337753,
        0.881462,
        3.578503,
        2.819135,
        2.09558,
        2.054754,
        2.455991,
        2.147987,
        2.535567,
        1.641934,
        3.3347710000000004,
        1.917001,
        2.631296,
        1.7924010000000001,
        2.2625279999999997,
        1.930984,
        0.8932910000000001,
        2.349724,
        2.070365,
        2.883827,
        3.181705,
        2.853172,
        1.6851500000000001
    ],
    [
        2.3580140000000003,
        3.459161,
        1.665662,
        1.394623,
        3.301868,
        2.354108,
        3.510741,
        1.649877,
        1.577038,
        3.543929,
        1.943534,
        0.40990899999999997,
        3.93806,
        2.187904,
        3.268012,
        4.090037,
        3.5347109999999997,
        1.3216990000000002,
        2.392645,
        2.268785,
        3.886226,
        1.1620979999999999,
        3.586743,
        3.634444,
        2.3003460000000002,
        1.7907,
        0.0,
        1.964551,
        1.623809,
        1.5512750000000002,
        0.891103,
        1.586497,
        2.614583,
        2.3295100000000004,
        4.047337,
        2.0530549999999996,
        2.253264,
        1.893926,
        1.066002,
        2.0841,
        2.040378,
        1.870289,
        1.630915,
        2.376389,
        0.495257,
        1.88338,
        1.5807,
        3.43225,
        0.263218,
        2.281109,
        0.5403049999999999,
        3.596698,
        1.4871569999999998,
        1.054173,
        3.313136,
        2.126135,
        2.5336399999999997,
        2.999176,
        1.6798440000000001,
        2.245631
    ],
    [
        1.898813,
        5.118955,
        3.325455,
        2.7952559999999997,
        4.961661,
        3.754614,
        5.170534,
        3.3979630000000003,
        2.977544,
        5.203722,
        3.603327,
        2.2142399999999998,
        5.597852,
        3.847697,
        4.1747309999999995,
        5.74983,
        5.194504,
        2.813248,
        4.052438,
        4.2050730000000005,
        5.546019,
        2.5627310000000003,
        4.032433,
        5.275493,
        3.7692449999999997,
        2.020193,
        1.964551,
        0.0,
        3.021346,
        1.212113,
        1.8677380000000001,
        3.4833380000000003,
        4.271408,
        4.263901,
        5.704162,
        3.97918,
        4.1876549999999995,
        3.55075,
        1.214232,
        3.5183449999999996,
        3.9747689999999998,
        3.527114,
        3.287739,
        3.980878,
        2.4296480000000003,
        3.632641,
        0.424605,
        4.924728,
        1.896595,
        3.9379340000000003,
        1.455375,
        3.681693,
        3.143981,
        1.2260609999999998,
        3.9686950000000003,
        3.5963760000000002,
        4.1904650000000006,
        4.656001,
        3.614236,
        3.643169
    ],
    [
        2.089386,
        2.39735,
        0.7762720000000001,
        0.45452499999999996,
        2.062778,
        0.846127,
        2.28878,
        2.244573,
        0.135749,
        2.343329,
        0.745417,
        1.8734739999999999,
        2.7548429999999997,
        1.1185429999999998,
        1.9828219999999999,
        2.906821,
        2.4729,
        0.500995,
        1.3194249999999998,
        2.024774,
        2.703009,
        0.461584,
        2.61051,
        2.251178,
        0.787317,
        1.453316,
        1.623809,
        3.021346,
        0.0,
        2.213344,
        1.1979600000000001,
        1.3766489999999998,
        1.541363,
        2.082717,
        2.798727,
        2.247192,
        2.447402,
        0.934303,
        1.930149,
        2.718522,
        1.484157,
        0.672173,
        0.739593,
        1.002675,
        1.561145,
        1.1954069999999999,
        2.648234,
        1.903381,
        1.8055,
        1.207889,
        1.999952,
        2.621315,
        0.755092,
        1.941978,
        2.492241,
        0.622197,
        1.464077,
        1.7503140000000001,
        1.885524,
        0.969311
    ],
    [
        0.89767,
        4.53683,
        2.74333,
        1.8623830000000001,
        4.261599,
        2.8217399999999997,
        4.487601,
        3.1728899999999998,
        2.166574,
        4.5421499999999995,
        2.928853,
        1.932922,
        4.953664,
        3.265573,
        3.006747,
        5.105642,
        4.612379,
        2.129028,
        3.470313,
        3.7917979999999996,
        4.9018310000000005,
        1.751761,
        3.064579,
        4.398586,
        3.002678,
        0.85003,
        1.5512750000000002,
        1.212113,
        2.213344,
        0.0,
        1.02735,
        2.851309,
        3.601868,
        3.852523,
        5.01948,
        3.576067,
        3.7762759999999997,
        2.881211,
        0.485273,
        3.607112,
        3.27649,
        2.8415500000000002,
        2.6182,
        3.201961,
        2.018269,
        2.992923,
        0.836033,
        4.124135,
        1.677576,
        3.268394,
        1.47861,
        2.713839,
        2.474442,
        0.497102,
        3.000841,
        2.816335,
        3.520925,
        3.9710680000000003,
        3.202857,
        2.53518
    ],
    [
        1.5836700000000001,
        3.5214450000000004,
        1.7279449999999998,
        0.9689009999999999,
        3.260737,
        1.928259,
        3.4867399999999997,
        2.52798,
        1.151189,
        3.5412890000000004,
        1.9134680000000002,
        1.27275,
        3.952803,
        2.250188,
        2.842163,
        4.104781,
        3.5969949999999997,
        1.113643,
        2.454929,
        2.924833,
        3.900969,
        0.736376,
        3.160894,
        3.4491370000000003,
        1.987293,
        0.991114,
        0.891103,
        1.8677380000000001,
        1.1979600000000001,
        1.02735,
        0.0,
        1.849982,
        2.600541,
        2.893172,
        3.996687,
        2.7205250000000003,
        2.920735,
        1.879884,
        0.732169,
        2.94694,
        2.275163,
        1.8402239999999999,
        1.616873,
        2.200635,
        1.256037,
        1.991596,
        1.494626,
        3.1013409999999997,
        1.017404,
        2.267067,
        0.892805,
        2.9670970000000003,
        1.473115,
        0.743998,
        2.8872869999999997,
        1.815008,
        2.5195990000000004,
        2.948274,
        2.358857,
        1.819782
    ],
    [
        2.980367,
        2.273354,
        0.673384,
        1.547964,
        2.21502,
        2.2227759999999996,
        2.433334,
        1.302923,
        1.329878,
        2.358121,
        0.951256,
        1.5183250000000001,
        2.752252,
        1.0370160000000002,
        3.359471,
        2.90423,
        2.348903,
        0.890755,
        1.236033,
        1.008606,
        2.700418,
        1.26756,
        3.740806,
        2.6421669999999997,
        1.591097,
        2.344297,
        1.586497,
        3.4833380000000003,
        1.3766489999999998,
        2.851309,
        1.849982,
        0.0,
        1.468971,
        1.047529,
        2.851343,
        1.259092,
        1.3753810000000002,
        0.901648,
        2.552183,
        1.730421,
        0.622004,
        0.878011,
        0.656691,
        1.384112,
        1.103346,
        0.49881400000000004,
        3.110226,
        2.439972,
        1.837739,
        1.2888309999999998,
        2.09854,
        3.780777,
        0.613943,
        2.540355,
        3.5227199999999996,
        1.546206,
        1.441052,
        2.006898,
        0.897424,
        2.3196860000000004
    ],
    [
        3.6008400000000003,
        0.8690789999999999,
        0.965327,
        1.9659790000000001,
        0.8694080000000001,
        1.529554,
        1.0290599999999999,
        2.3867249999999998,
        1.647202,
        0.953847,
        0.795945,
        2.66675,
        1.347977,
        0.484548,
        2.703675,
        1.499955,
        0.944629,
        1.548673,
        0.233071,
        1.324115,
        1.296143,
        1.973037,
        3.85428,
        1.4379849999999998,
        0.8880589999999999,
        2.96477,
        2.614583,
        4.271408,
        1.541363,
        3.601868,
        2.600541,
        1.468971,
        0.0,
        1.254342,
        1.418747,
        1.987078,
        1.667098,
        0.7446269999999999,
        3.340253,
        2.564015,
        0.9187150000000001,
        0.907201,
        0.9987659999999999,
        0.686334,
        2.351473,
