[
    [
        0.0,
        1.992886,
        0.45642099999999997,
        0.44959,
        1.6922270000000001,
        2.857548,
        0.156688,
        0.760308,
        1.8541079999999999,
        0.45991699999999996,
        2.0094000000000003,
        1.1318050000000002,
        2.3684209999999997,
        2.201732,
        1.716307,
        1.920615,
        2.1253,
        2.00238,
        0.246279,
        2.482181
    ],
    [
        1.992886,
        0.0,
        1.569809,
        2.000164,
        0.337194,
        3.503156,
        1.851479,
        1.291592,
        3.733292,
        1.7859390000000002,
        0.217552,
        1.322272,
        2.0132280000000002,
        0.735559,
        0.5505650000000001,
        0.737506,
        1.2093019999999999,
        0.8388490000000001,
        2.203476,
        0.808243
    ],
    [
        0.45642099999999997,
        1.569809,
        0.0,
        0.949803,
        1.269538,
        3.3577600000000003,
        0.5876319999999999,
        0.543394,
        2.3357550000000002,
        0.866303,
        1.586711,
        0.709116,
        2.422218,
        1.893384,
        1.293618,
        1.4979259999999999,
        1.9705219999999999,
        1.579691,
        0.7464919999999999,
        2.113441
    ],
    [
        0.44959,
        2.000164,
        0.949803,
        0.0,
        1.691241,
        2.4079580000000003,
        0.292902,
        0.750878,
        1.7833869999999998,
        0.417497,
        2.071761,
        1.03664,
        1.91883,
        1.752142,
        1.500951,
        2.167116,
        1.6757090000000001,
        2.248881,
        0.20331100000000002,
        2.032591
    ],
    [
        1.6922270000000001,
        0.337194,
        1.269538,
        1.691241,
        0.0,
        3.165962,
        1.549961,
        0.990073,
        3.403273,
        1.48442,
        0.380521,
        1.020753,
        1.8072249999999999,
        0.894141,
        0.213371,
        0.6489980000000001,
        1.054897,
        0.75034,
        1.878357,
        0.935662
    ],
    [
        2.857548,
        3.503156,
        3.3577600000000003,
        2.4079580000000003,
        3.165962,
        0.0,
        2.725787,
        2.636741,
        3.200026,
        2.592145,
        3.595611,
        2.75154,
        1.8866189999999998,
        2.958532,
        3.010275,
        3.672244,
        2.491333,
        3.754009,
        2.636196,
        3.2845880000000003
    ],
    [
        0.156688,
        1.851479,
        0.5876319999999999,
        0.292902,
        1.549961,
        2.725787,
        0.0,
        0.60362,
        1.697419,
        0.30322899999999997,
        2.1660880000000002,
        0.845546,
        2.211732,
        2.0450440000000003,
        1.7938530000000001,
        2.0773029999999997,
        1.968611,
        2.1590680000000004,
        0.08959099999999999,
        2.325493
    ],
    [
        0.760308,
        1.291592,
        0.543394,
        0.750878,
        0.990073,
        2.636741,
        0.60362,
        0.0,
        2.253768,
        0.538079,
        1.429209,
        0.30912900000000004,
        1.804354,
        1.299191,
        0.9034249999999999,
        1.3436679999999999,
        1.352658,
        1.425433,
        0.631548,
        1.580592
    ],
    [
        1.8541079999999999,
        3.733292,
        2.3357550000000002,
        1.7833869999999998,
        3.403273,
        3.200026,
        1.697419,
        2.253768,
        0.0,
        2.0380730000000002,
        3.801415,
        2.766293,
        3.510252,
        3.481795,
        3.230604,
        3.72532,
        3.355351,
        3.79062,
        1.6866690000000002,
        3.762245
    ],
    [
        0.45991699999999996,
        1.7859390000000002,
        0.866303,
        0.417497,
        1.48442,
        2.592145,
        0.30322899999999997,
        0.538079,
        2.0380730000000002,
        0.0,
        1.923556,
        0.780006,
        2.044632,
        1.819441,
        1.356946,
        1.8380150000000002,
        1.732348,
        1.91978,
        0.45799599999999996,
        2.09989
    ],
    [
        2.0094000000000003,
        0.217552,
        1.586711,
        2.071761,
        0.380521,
        3.595611,
        2.1660880000000002,
        1.429209,
        3.801415,
        1.923556,
        0.0,
        1.367555,
        2.088357,
        0.810688,
        0.5958479999999999,
        0.542263,
        1.284431,
        0.643606,
        2.2487579999999996,
        0.8833719999999999
    ],
    [
        1.1318050000000002,
        1.322272,
        0.709116,
        1.03664,
        1.020753,
        2.75154,
        0.845546,
        0.30912900000000004,
        2.766293,
        0.780006,
        1.367555,
        0.0,
        1.764578,
        1.259415,
        0.863649,
        1.267734,
        1.312883,
        1.3495,
        1.27194,
        1.540817
    ],
    [
        2.3684209999999997,
        2.0132280000000002,
        2.422218,
        1.91883,
        1.8072249999999999,
        1.8866189999999998,
        2.211732,
        1.804354,
        3.510252,
        2.044632,
        2.088357,
        1.764578,
        0.0,
        1.2968,
        1.612236,
        2.39295,
        0.798674,
        2.474716,
        2.124531,
        1.622856
    ],
    [
        2.201732,
        0.735559,
        1.893384,
        1.752142,
        0.894141,
        2.958532,
        2.0450440000000003,
        1.299191,
        3.481795,
        1.819441,
        0.810688,
        1.259415,
        1.2968,
        0.0,
        0.69951,
        1.3306410000000002,
        0.492873,
        1.431984,
        1.9574090000000002,
        0.364502
    ],
    [
        1.716307,
        0.5505650000000001,
        1.293618,
        1.500951,
        0.213371,
        3.010275,
        1.7938530000000001,
        0.9034249999999999,
        3.230604,
        1.356946,
        0.5958479999999999,
        0.863649,
        1.612236,
        0.69951,
        0.0,
        0.805616,
        0.841526,
        0.887381,
        1.688067,
        0.828229
    ],
    [
        1.920615,
        0.737506,
        1.4979259999999999,
        2.167116,
        0.6489980000000001,
        3.672244,
        2.0773029999999997,
        1.3436679999999999,
        3.72532,
        1.8380150000000002,
        0.542263,
        1.267734,
        2.39295,
        1.3306410000000002,
        0.805616,
        0.0,
        1.641258,
        0.092488,
        2.150516,
        1.288964
    ],
    [
        2.1253,
        1.2093019999999999,
        1.9705219999999999,
        1.6757090000000001,
        1.054897,
        2.491333,
        1.968611,
        1.352658,
        3.355351,
        1.732348,
        1.284431,
        1.312883,
        0.798674,
        0.492873,
        0.841526,
        1.641258,
        0.0,
        1.747097,
        1.874779,
        0.818929
    ],
    [
        2.00238,
        0.8388490000000001,
        1.579691,
        2.248881,
        0.75034,
        3.754009,
        2.1590680000000004,
        1.425433,
        3.79062,
        1.91978,
        0.643606,
        1.3495,
        2.474716,
        1.431984,
        0.887381,
        0.092488,
        1.747097,
        0.0,
        2.232281,
        1.388505
    ],
    [
        0.246279,
        2.203476,
        0.7464919999999999,
        0.20331100000000002,
        1.878357,
        2.636196,
        0.08959099999999999,
        0.631548,
        1.6866690000000002,
        0.45799599999999996,
        2.2487579999999996,
        1.27194,
        2.124531,
        1.9574090000000002,
        1.688067,
        2.150516,
        1.874779,
        2.232281,
        0.0,
        2.235902
    ],
    [
        2.482181,
        0.808243,
        2.113441,
        2.032591,
        0.935662,
        3.2845880000000003,
        2.325493,
        1.580592,
        3.762245,
        2.09989,
        0.8833719999999999,
        1.540817,
        1.622856,
        0.364502,
        0.828229,
        1.288964,
        0.818929,
        1.388505,
        2.235902,
        0.0
    ]
]