[
    [
        0.0,
        1.94416,
        1.714269,
        3.240582,
        2.141165,
        1.478407,
        2.00572,
        0.608059,
        0.18415600000000001,
        2.332044,
        1.978956,
        2.238495,
        1.9066310000000002,
        2.1299140000000003,
        4.9093800000000005,
        0.689111,
        1.808515,
        1.161651,
        2.686334,
        1.2785730000000002,
        5.293274,
        1.488138,
        1.069251,
        1.886144,
        0.501398,
        1.629394,
        2.226601,
        1.8247650000000002,
        2.343407,
        3.1706779999999997
    ],
    [
        1.94416,
        0.0,
        0.614227,
        1.378887,
        0.231214,
        0.537046,
        0.095769,
        1.3361010000000002,
        1.760003,
        0.470349,
        0.057504,
        0.3768,
        0.037528,
        0.29588099999999995,
        3.325053,
        1.2739610000000001,
        0.506591,
        1.417849,
        1.0283099999999998,
        0.714391,
        3.469052,
        0.5193329999999999,
        0.874908,
        0.058016,
        1.4427619999999999,
        0.311473,
        0.364906,
        0.474852,
        0.481712,
        1.3464559999999999
    ],
    [
        1.714269,
        0.614227,
        0.0,
        1.873526,
        0.828414,
        0.419998,
        0.735921,
        1.1062100000000001,
        1.5301120000000001,
        1.086279,
        0.6976559999999999,
        0.99273,
        0.685821,
        0.905393,
        3.706292,
        1.0440699999999998,
        0.668759,
        0.8559880000000001,
        1.546578,
        0.539636,
        3.9358380000000004,
        0.402284,
        0.645018,
        0.665334,
        1.212871,
        0.41187599999999996,
        0.980836,
        0.263007,
        0.812058,
        2.016104
    ],
    [
        3.240582,
        1.378887,
        1.873526,
        0.0,
        1.182143,
        1.806519,
        1.317588,
        2.71525,
        3.139152,
        1.1707509999999999,
        1.355853,
        1.002172,
        1.4165,
        1.3205879999999999,
        4.588064,
        2.6531089999999997,
        1.795036,
        2.7634630000000002,
        2.011114,
        1.9838630000000002,
        3.3259920000000003,
        1.7888060000000001,
        2.254056,
        1.436987,
        2.82191,
        1.611273,
        1.0140660000000001,
        1.740424,
        1.089748,
        1.899494
    ],
    [
        2.141165,
        0.231214,
        0.828414,
        1.182143,
        0.0,
        0.734052,
        0.13544499999999998,
        1.533107,
        1.957009,
        0.265427,
        0.17371,
        0.179971,
        0.27105,
        0.328432,
        3.8839420000000002,
        1.470966,
        0.612893,
        1.614854,
        1.022487,
        0.911396,
        3.317848,
        0.7163390000000001,
        1.071914,
        0.291538,
        1.639767,
        0.49678,
        0.168077,
        0.6528930000000001,
        0.382625,
        1.195252
    ],
    [
        1.478407,
        0.537046,
        0.419998,
        1.806519,
        0.734052,
        0.0,
        0.598607,
        0.867677,
        1.291579,
        0.876126,
        0.571843,
        0.782578,
        0.49951799999999996,
        0.6739959999999999,
        3.438935,
        0.8055370000000001,
        0.401402,
        0.880802,
        1.279221,
        0.197163,
        3.886161,
        0.032221,
        0.40648500000000004,
        0.479031,
        0.9743379999999999,
        0.173476,
        0.7706839999999999,
        0.370936,
        0.88749,
        1.763565
    ],
    [
        2.00572,
        0.095769,
        0.735921,
        1.317588,
        0.13544499999999998,
        0.598607,
        0.0,
        1.397662,
        1.8215640000000002,
        0.400871,
        0.038265,
        0.315416,
        0.133297,
        0.38142899999999996,
        3.297548,
        1.335521,
        0.477449,
        1.4794100000000001,
        1.000805,
        0.775952,
        3.373282,
        0.580894,
        0.936469,
        0.153785,
        1.504323,
        0.40650400000000003,
        0.303522,
        0.5604,
        0.518069,
        1.250686
    ],
    [
        0.608059,
        1.3361010000000002,
        1.1062100000000001,
        2.71525,
        1.533107,
        0.867677,
        1.397662,
        0.0,
        0.423902,
        1.7239849999999999,
        1.370897,
        1.630436,
        1.2985730000000002,
        1.521855,
        4.500587,
        0.081053,
        1.200457,
        0.891051,
        2.078275,
        0.670515,
        4.685215,
        0.880079,
        0.46119299999999996,
        1.2780850000000001,
        0.106661,
        1.021335,
        1.618542,
        1.2167059999999998,
        1.735349,
        2.56262
    ],
    [
        0.18415600000000001,
        1.760003,
        1.5301120000000001,
        3.139152,
        1.957009,
        1.291579,
        1.8215640000000002,
        0.423902,
        0.0,
        2.1478870000000003,
        1.794799,
        2.054338,
        1.722475,
        1.945757,
        4.9244889999999995,
        0.5049549999999999,
        1.624358,
        1.083518,
        2.502177,
        1.094417,
        5.1091180000000005,
        1.303981,
        0.8850950000000001,
        1.7019870000000001,
        0.317241,
        1.445237,
        2.042444,
        1.6406079999999998,
        2.1592510000000003,
        2.986522
    ],
    [
        2.332044,
        0.470349,
        1.086279,
        1.1707509999999999,
        0.265427,
        0.876126,
        0.400871,
        1.7239849999999999,
        2.1478870000000003,
        0.0,
        0.439137,
        0.168579,
        0.507877,
        0.41196499999999997,
        3.618396,
        1.736393,
        0.8783200000000001,
        1.7786980000000001,
        0.953919,
        1.07524,
        3.052422,
        0.880182,
        1.33734,
        0.5283640000000001,
        1.905194,
        0.70265,
        0.156685,
        0.952747,
        0.371233,
        0.929826
    ],
    [
        1.978956,
        0.057504,
        0.6976559999999999,
        1.355853,
        0.17371,
        0.571843,
        0.038265,
        1.370897,
        1.794799,
        0.439137,
        0.0,
        0.35368099999999997,
        0.09503199999999999,
        0.34316399999999997,
        3.267549,
        1.3087570000000002,
        0.45068400000000003,
        1.452645,
        0.9708060000000001,
        0.749187,
        3.411548,
        0.554129,
        0.909705,
        0.11552,
        1.477558,
        0.368977,
        0.34178699999999995,
        0.522135,
        0.528995,
        1.288952
    ],
    [
        2.238495,
        0.3768,
        0.99273,
        1.002172,
        0.179971,
        0.782578,
        0.315416,
        1.630436,
        2.054338,
        0.168579,
        0.35368099999999997,
        0.0,
        0.414328,
        0.318416,
        3.772217,
        1.6509369999999999,
        0.792864,
        1.6851489999999998,
        1.122498,
        0.981691,
        3.064399,
        0.786633,
        1.251885,
        0.434815,
        1.819738,
        0.609101,
        0.011894,
        0.859198,
        0.202654,
        1.0835270000000001
    ],
    [
        1.9066310000000002,
        0.037528,
        0.685821,
        1.4165,
        0.27105,
        0.49951799999999996,
        0.133297,
        1.2985730000000002,
        1.722475,
        0.507877,
        0.09503199999999999,
        0.414328,
        0.0,
        0.333409,
        3.358811,
        1.236432,
        0.469063,
        1.380321,
        1.065838,
        0.6768630000000001,
        3.50658,
        0.481805,
        0.83738,
        0.020488,
        1.4052339999999999,
        0.273945,
        0.402434,
        0.491153,
        0.51924,
        1.3839839999999999
    ],
    [
        2.1299140000000003,
        0.29588099999999995,
        0.905393,
        1.3205879999999999,
        0.328432,
        0.6739959999999999,
        0.38142899999999996,
        1.521855,
        1.945757,
        0.41196499999999997,
        0.34316399999999997,
        0.318416,
        0.333409,
        0.0,
        4.03048,
        1.481484,
        0.7904990000000001,
        1.576568,
        1.2221769999999998,
        0.87311,
        3.4643870000000003,
        0.678052,
        1.082432,
        0.35054700000000005,
        1.650285,
        0.50052,
        0.306522,
        0.752952,
        0.359042,
        1.341791
    ],
    [
        4.9093800000000005,
        3.325053,
        3.706292,
        4.588064,
        3.8839420000000002,
        3.438935,
        3.297548,
        4.500587,
        4.9244889999999995,
        3.618396,
        3.267549,
        3.772217,
        3.358811,
        4.03048,
        0.0,
        4.189165,
        3.0508490000000004,
        4.333054,
        2.475689,
        3.6295949999999997,
        2.3999789999999996,
        3.4345369999999997,
        3.790113,
        3.340432,
        4.357966,
        3.351746,
        3.489415,
        3.68255,
        3.91612,
        2.807807
    ],
    [
        0.689111,
        1.2739610000000001,
        1.0440699999999998,
        2.6531089999999997,
        1.470966,
        0.8055370000000001,
        1.335521,
        0.081053,
        0.5049549999999999,
        1.736393,
        1.3087570000000002,
        1.6509369999999999,
        1.236432,
        1.481484,
        4.189165,
        0.0,
        1.138316,
        0.8289099999999999,
        2.016135,
        0.608374,
        4.623076,
        0.817939,
        0.399052,
        1.2159449999999998,
        0.187714,
        0.959195,
        1.556402,
        1.154566,
        1.673208,
        2.500479
    ],
    [
        1.808515,
        0.506591,
        0.668759,
        1.795036,
        0.612893,
        0.401402,
        0.477449,
        1.200457,
        1.624358,
        0.8783200000000001,
        0.45068400000000003,
        0.792864,
        0.469063,
        0.7904990000000001,
        3.0508490000000004,
        1.138316,
        0.0,
        1.282204,
        0.8778189999999999,
        0.578746,
        3.484759,
        0.383688,
        0.739264,
        0.44857600000000003,
        1.3071169999999999,
        0.385181,
        0.78097,
        0.6317010000000001,
        0.988303,
        1.362163
    ],
    [
        1.161651,
        1.417849,
        0.8559880000000001,
        2.7634630000000002,
        1.614854,
        0.880802,
        1.4794100000000001,
        0.891051,
        1.083518,
        1.7786980000000001,
        1.452645,
        1.6851489999999998,
        1.380321,
        1.576568,
        4.333054,
        0.8289099999999999,
        1.282204,
        0.0,
        2.1600230000000002,
        0.793688,
        4.766963,
        0.913023,
        0.756361,
        1.359833,
        0.993869,
        1.054279,
        1.651486,
        1.059375,
        1.6680460000000001,
        2.6443670000000004
    ],
    [
        2.686334,
        1.0283099999999998,
        1.546578,
        2.011114,
        1.022487,
        1.279221,
        1.000805,
        2.078275,
        2.502177,
        0.953919,
        0.9708060000000001,
        1.122498,
        1.065838,
        1.2221769999999998,
        2.475689,
        2.016135,
        0.8778189999999999,
        2.1600230000000002,
        0.0,
        1.454337,
        3.098058,
        1.259279,
        1.614854,
        1.1039960000000002,
        2.182708,
        1.176488,
        1.101894,
        1.5072919999999999,
        1.306676,
        0.975461
    ],
    [
        1.2785730000000002,
        0.714391,
        0.539636,
        1.9838630000000002,
        0.911396,
        0.197163,
        0.775952,
        0.670515,
        1.094417,
        1.07524,
        0.749187,
        0.981691,
        0.6768630000000001,
        0.87311,
        3.6295949999999997,
        0.608374,
        0.578746,
        0.793688,
        1.454337,
        0.0,
        4.063506,
        0.209565,
        0.209322,
        0.656375,
        0.777175,
        0.35082100000000005,
        0.948028,
        0.5482809999999999,
        1.064834,
        1.940909
    ],
    [
        5.293274,
        3.469052,
        3.9358380000000004,
        3.3259920000000003,
        3.317848,
        3.886161,
        3.373282,
        4.685215,
        5.1091180000000005,
        3.052422,
        3.411548,
        3.064399,
        3.50658,
        3.4643870000000003,
        2.3999789999999996,
        4.623076,
        3.484759,
        4.766963,
        3.098058,
        4.063506,
        0.0,
        3.868338,
        4.223913,
        3.5292649999999997,
        4.791767,
        3.7549609999999998,
        3.086759,
        3.796998,
        3.146322,
        2.166435
    ],
    [
        1.488138,
        0.5193329999999999,
        0.402284,
        1.7888060000000001,
        0.7163390000000001,
        0.032221,
        0.580894,
        0.880079,
        1.303981,
        0.880182,
        0.554129,
        0.786633,
        0.481805,
        0.678052,
        3.4345369999999997,
        0.817939,
        0.383688,
        0.913023,
        1.259279,
        0.209565,
        3.868338,
        0.0,
        0.41888600000000004,
        0.46131700000000003,
        0.9867400000000001,
        0.155763,
        0.75297,
        0.353223,
        0.869776,
        1.7458520000000002
    ],
    [
        1.069251,
        0.874908,
        0.645018,
        2.254056,
        1.071914,
        0.40648500000000004,
        0.936469,
        0.46119299999999996,
        0.8850950000000001,
        1.33734,
        0.909705,
        1.251885,
        0.83738,
        1.082432,
        3.790113,
        0.399052,
        0.739264,
        0.756361,
        1.614854,
        0.209322,
        4.223913,
        0.41888600000000004,
        0.0,
        0.816893,
        0.5678540000000001,
        0.560142,
        1.157349,
        0.755513,
        1.2741559999999998,
        2.101427
    ],
    [
        1.886144,
        0.058016,
        0.665334,
        1.436987,
        0.291538,
        0.479031,
        0.153785,
        1.2780850000000001,
        1.7019870000000001,
        0.5283640000000001,
        0.11552,
        0.434815,
        0.020488,
        0.35054700000000005,
        3.340432,
        1.2159449999999998,
        0.44857600000000003,
        1.359833,
        1.1039960000000002,
        0.656375,
        3.5292649999999997,
        0.46131700000000003,
        0.816893,
        0.0,
        1.384746,
        0.253457,
        0.422922,
        0.470665,
        0.539728,
        1.404471
    ],
    [
        0.501398,
        1.4427619999999999,
        1.212871,
        2.82191,
        1.639767,
        0.9743379999999999,
        1.504323,
        0.106661,
        0.317241,
        1.905194,
        1.477558,
        1.819738,
        1.4052339999999999,
        1.650285,
        4.357966,
        0.187714,
        1.3071169999999999,
        0.993869,
        2.182708,
        0.777175,
        4.791767,
        0.9867400000000001,
        0.5678540000000001,
        1.384746,
        0.0,
        1.127996,
        1.725203,
        1.323367,
        1.842009,
        2.66928
    ],
    [
        1.629394,
        0.311473,
        0.41187599999999996,
        1.611273,
        0.49678,
        0.173476,
        0.40650400000000003,
        1.021335,
        1.445237,
        0.70265,
        0.368977,
        0.609101,
        0.273945,
        0.50052,
        3.351746,
        0.959195,
        0.385181,
        1.054279,
        1.176488,
        0.35082100000000005,
        3.7549609999999998,
        0.155763,
        0.560142,
        0.253457,
        1.127996,
        0.0,
        0.597207,
        0.362815,
        0.714013,
        1.632475
    ],
    [
        2.226601,
        0.364906,
        0.980836,
        1.0140660000000001,
        0.168077,
        0.7706839999999999,
        0.303522,
        1.618542,
        2.042444,
        0.156685,
        0.34178699999999995,
        0.011894,
        0.402434,
        0.306522,
        3.489415,
        1.556402,
        0.78097,
        1.651486,
        1.101894,
        0.948028,
        3.086759,
        0.75297,
        1.157349,
        0.422922,
        1.725203,
        0.597207,
        0.0,
        0.847304,
        0.214548,
        1.08651
    ],
    [
        1.8247650000000002,
        0.474852,
        0.263007,
        1.740424,
        0.6528930000000001,
        0.370936,
        0.5604,
        1.2167059999999998,
        1.6406079999999998,
        0.952747,
        0.522135,
        0.859198,
        0.491153,
        0.752952,
        3.68255,
        1.154566,
        0.6317010000000001,
        1.059375,
        1.5072919999999999,
        0.5482809999999999,
        3.796998,
        0.353223,
        0.755513,
        0.470665,
        1.323367,
        0.362815,
        0.847304,
        0.0,
        0.659618,
        1.863664
    ],
    [
        2.343407,
        0.481712,
        0.812058,
        1.089748,
        0.382625,
        0.88749,
        0.518069,
        1.735349,
        2.1592510000000003,
        0.371233,
        0.528995,
        0.202654,
        0.51924,
        0.359042,
        3.91612,
        1.673208,
        0.988303,
        1.6680460000000001,
        1.306676,
        1.064834,
        3.146322,
        0.869776,
        1.2741559999999998,
        0.539728,
        1.842009,
        0.714013,
        0.214548,
        0.659618,
        0.0,
        1.247549
    ],
    [
        3.1706779999999997,
        1.3464559999999999,
        2.016104,
        1.899494,
        1.195252,
        1.763565,
        1.250686,
        2.56262,
        2.986522,
        0.929826,
        1.288952,
        1.0835270000000001,
        1.3839839999999999,
        1.341791,
        2.807807,
        2.500479,
        1.362163,
        2.6443670000000004,
        0.975461,
        1.940909,
        2.166435,
        1.7458520000000002,
        2.101427,
        1.404471,
        2.66928,
        1.632475,
        1.08651,
        1.863664,
        1.247549,
        0.0
    ]
]