[
  [
    0.0, 0.168077, 0.217035, 1.5492110000000001, 0.583947, 1.711982, 1.217886,
    1.91627, 0.891456, 0.5483250000000001, 0.199399, 1.5541669999999999,
    0.423706, 0.366993, 0.093331, 0.292537, 0.458855, 0.6886369999999999,
    3.5090169999999996, 1.8731300000000002, 0.17166700000000001, 0.659918,
    0.165286, 1.993752, 0.641745, 0.128522, 1.8326110000000002, 2.072596,
    1.544029, 1.426961, 1.38183, 1.837102, 0.07789700000000001, 2.337059,
    1.19725, 1.610061, 2.4507269999999997, 1.609404, 2.159868,
    1.5293599999999998, 2.23014, 0.49929399999999996, 1.5687170000000001,
    2.074747, 1.581617, 0.85726, 3.193775, 1.9278620000000002, 1.747947,
    0.14890799999999998, 1.735211, 1.881921, 0.22822, 2.2324569999999997,
    1.512227, 1.752348, 1.235548, 2.212075, 0.910308, 1.1615540000000002,
    2.224587, 1.9078689999999998, 2.081522, 0.534813, 1.657102, 1.768564,
    1.770391, 0.586462, 0.623784, 2.119021, 1.573161, 1.660942, 1.136233,
    1.3923699999999999, 1.8009680000000001, 1.3926669999999999, 1.066639,
    1.518208, 1.47532, 1.617511, 1.708642, 1.674885, 1.771614, 1.837647,
    0.5469930000000001, 0.682874, 1.832242, 1.81111, 1.594365, 1.894163,
    1.9101679999999999, 0.446395, 2.1174009999999996, 2.05175, 0.48189,
    2.334023, 0.27668400000000004, 0.243573, 0.219477, 2.286352, 2.586713
  ],
  [
    0.168077, 0.0, 0.048958, 1.670639, 0.705375, 1.833409, 1.3393130000000002,
    2.0376980000000002, 0.723379, 0.669753, 0.031322, 1.675594,
    0.5451330000000001, 0.198917, 0.144049, 0.124461, 0.5802820000000001,
    0.810064, 3.652249, 1.948108, 0.120532, 0.781346, 0.125282, 2.068729,
    0.809823, 0.263318, 1.954039, 1.987135, 1.6654570000000002,
    1.5483879999999999, 1.456808, 1.958529, 0.090179, 2.4802910000000002,
    1.029173, 1.685039, 2.593959, 1.684382, 2.234845, 1.650788, 2.373373,
    0.620721, 1.690145, 2.149725, 1.656595, 0.978688, 3.337008,
    2.0652440000000003, 1.5798699999999999, 0.199626, 1.8922809999999999,
    2.003348, 0.294051, 2.375689, 1.633655, 1.827326, 1.249674, 2.287053,
    0.985285, 1.318624, 2.3460140000000003, 2.029296, 2.20295, 0.65624,
    1.778529, 1.889991, 1.891818, 0.75454, 0.791862, 2.2622530000000003,
    1.694589, 1.7823689999999999, 1.25766, 1.513798, 1.922395, 1.514094,
    1.188067, 1.639635, 1.5967470000000001, 1.738938, 1.830069, 1.796313,
    1.893042, 1.959074, 0.668421, 0.850952, 1.95367, 1.932538,
    1.6982840000000001, 2.0155909999999997, 2.047549, 0.6144729999999999,
    2.238828, 2.173177, 0.603318, 2.455451, 0.398111, 0.353539,
    0.38755599999999996, 2.4295839999999997, 2.7081399999999998
  ],
  [
    0.217035, 0.048958, 0.0, 1.6216810000000002, 0.656417, 1.784451, 1.290355,
    1.988739, 0.713781, 0.620794, 0.0694, 1.626636, 0.49617500000000003,
    0.189319, 0.193007, 0.11486299999999999, 0.5313239999999999, 0.761106,
    3.581486, 1.997066, 0.16949, 0.7323869999999999, 0.17424,
    2.1176880000000002, 0.761034, 0.21436000000000002, 1.9050809999999998,
    1.977538, 1.616498, 1.49943, 1.5057660000000002, 1.909571, 0.139138,
    2.409528, 1.019576, 1.733997, 2.523196, 1.7333399999999999, 2.283804,
    1.6018299999999999, 2.30261, 0.571763, 1.641187, 2.198683, 1.705553,
    0.929729, 3.266244, 2.000331, 1.5702729999999998, 0.248584, 1.941239,
    1.95439, 0.24509299999999998, 2.304926, 1.5846969999999998, 1.876284,
    1.240077, 2.336011, 1.034244, 1.367582, 2.297056, 1.980338, 2.153992,
    0.607282, 1.729571, 1.841033, 1.84286, 0.705751, 0.743073, 2.19149,
    1.6456300000000001, 1.733411, 1.208702, 1.464839, 1.8734369999999998,
    1.465136, 1.139108, 1.590677, 1.547789, 1.68998, 1.781111, 1.747355,
    1.8440830000000001, 1.910116, 0.619462, 0.802163, 1.904712, 1.883579,
    1.688686, 1.966633, 1.982637, 0.565684, 2.18987, 2.124219, 0.554359,
    2.4064929999999998, 0.34915300000000005, 0.304581, 0.328677, 2.358821,
    2.659182
  ],
  [
    1.5492110000000001, 1.670639, 1.6216810000000002, 0.0, 0.965264, 0.17674,
    0.676986, 0.5668500000000001, 2.044595, 1.000886, 1.6910809999999998,
    0.25409, 1.1255050000000002, 1.6276769999999998, 1.642544, 1.581971,
    1.090357, 0.8605750000000001, 2.514245, 2.7014229999999997,
    1.5949069999999999, 1.020336, 1.714499, 2.822045, 1.47436,
    1.4541410000000001, 0.38229599999999997, 2.321119, 0.408343, 0.122251,
    2.043274, 0.632755, 1.6271099999999998, 1.219519, 2.3604540000000003,
    2.25797, 1.4559559999999998, 2.437697, 2.988161, 0.229284, 1.080153,
    1.049918, 0.383654, 2.8406149999999997, 2.40991, 1.0077340000000001,
    2.199004, 0.708117, 2.188709, 1.698121, 2.3407620000000002, 0.677573,
    1.376588, 1.077835, 0.212151, 2.5806419999999997, 1.0927909999999998,
    3.040368, 2.263792, 1.767106, 0.670827, 0.354109, 0.7228709999999999,
    1.054126, 0.10789, 0.219352, 0.22118000000000002, 1.260644, 1.281702,
    1.191259, 0.15158600000000003, 0.22778, 0.416551, 0.458575, 0.334903,
    0.15652000000000002, 0.801572, 0.218131, 0.20516, 0.0683,
    0.15943000000000002, 0.125674, 0.222403, 0.537571, 1.0663070000000001,
    1.178712, 0.627895, 0.507996, 0.9497490000000001, 0.689816, 0.740966,
    1.260023, 0.844077, 0.8903390000000001, 1.2755260000000002,
    0.7848120000000001, 1.309641, 1.317099, 1.341195, 1.168812,
    1.4533150000000001
  ],
  [
    0.583947, 0.705375, 0.656417, 0.965264, 0.0, 1.1280340000000002,
    0.6449790000000001, 1.3323230000000001, 1.091831, 0.035622, 0.725817,
    0.9702200000000001, 0.16024100000000002, 0.662413, 0.67728, 0.616707,
    0.125093, 0.10468899999999999, 2.9351, 2.1957649999999997,
    0.6296430000000001, 0.085759, 0.749235, 2.316387, 0.6177290000000001,
    0.488877, 1.248664, 1.699454, 0.960082, 0.843013, 1.537617, 1.264195,
    0.661846, 1.764152, 1.40769, 1.7523119999999999, 1.87782, 1.93204,
    2.4825030000000003, 0.9454130000000001, 1.6572339999999999, 0.084654,
    0.98477, 2.3349569999999997, 1.904253, 0.356916, 2.6208690000000003,
    1.354955, 1.473914, 0.732857, 1.835105, 1.309014, 0.411323,
    1.6595499999999999, 0.92828, 2.0749839999999997, 0.750128,
    2.5347109999999997, 1.4942570000000002, 1.2614480000000001, 1.64064,
    1.323922, 1.497575, 0.088862, 1.073154, 1.184616, 1.186444,
    0.43482600000000005, 0.313879, 1.546114, 0.989214, 1.076994,
    0.5522849999999999, 0.808423, 1.217021, 0.80872, 0.493733, 0.93426,
    0.8913730000000001, 1.0335640000000001, 1.124695, 1.0909380000000002,
    1.1876669999999998, 1.2537, 0.101042, 0.320336, 1.259336, 1.227163,
    1.021458, 1.3212570000000001, 1.337261, 0.294759, 1.5444939999999998,
    1.478844, 0.322762, 1.750076, 0.344377, 0.35183499999999995,
    0.37593099999999996, 1.7134449999999999, 2.013806
  ],
  [
    1.711982, 1.833409, 1.784451, 0.17674, 1.1280340000000002, 0.0, 0.842204,
    0.408628, 2.207366, 1.163656, 1.8538510000000001, 0.20421, 1.288276,
    1.790447, 1.805314, 1.7447409999999999, 1.2531269999999999, 1.023345,
    2.556458, 2.708569, 1.757678, 1.183106, 1.877269, 2.829191,
    1.6371300000000002, 1.616911, 0.22407400000000002, 2.482691, 0.557962,
    0.285021, 2.0504209999999996, 0.674968, 1.789881, 1.0965250000000002,
    2.523871, 2.265116, 1.3193489999999999, 2.4448429999999997, 2.995307,
    0.229016, 0.957159, 1.2126880000000002, 0.533274, 2.8477609999999998,
    2.417056, 1.172951, 2.2412170000000002, 0.684239, 2.3546810000000002,
    1.860892, 2.347909, 0.653695, 1.539358, 0.954841, 0.246149, 2.587788,
    1.2587629999999999, 3.047514, 2.270938, 1.774252, 0.512605, 0.195887,
    0.564649, 1.216896, 0.06885, 0.073994, 0.090174, 1.423414, 1.444472,
    1.068265, 0.184744, 0.05104, 0.579322, 0.621346, 0.484522, 0.31929,
    0.9667899999999999, 0.260344, 0.25353, 0.11761100000000001, 0.151923,
    0.051066, 0.077045, 0.369565, 1.229077, 1.341482, 0.6701079999999999,
    0.343028, 1.111321, 0.665938, 0.783179, 1.422793, 0.685856,
    0.7321169999999999, 1.438297, 0.678046, 1.472412, 1.4798699999999998,
    1.503965, 1.045818, 1.295094
  ],
  [
    1.217886, 1.3393130000000002, 1.290355, 0.676986, 0.6449790000000001,
    0.842204, 0.0, 0.904814, 1.569661, 0.6754450000000001, 1.3545989999999999,
    0.66124, 0.800064, 1.240553, 1.306061, 1.2454880000000002, 0.764915,
    0.5732569999999999, 2.3912750000000003, 2.7287, 1.258425, 0.694894,
    1.378017, 2.849322, 1.1489179999999999, 1.1176590000000002,
    0.9565520000000001, 1.834552, 1.0845740000000001, 0.553981, 2.070552,
    0.670789, 1.2906279999999999, 1.219317, 1.88552, 2.285247,
    1.3329849999999999, 2.464974, 3.015438, 0.636433, 1.1181869999999998,
    0.724476, 1.0598859999999999, 2.867891, 2.4371869999999998, 0.38232,
    2.076034, 0.746151, 1.616566, 1.3616389999999998, 2.368039,
    0.7156079999999999, 1.040105, 1.11587, 0.6193, 2.607918, 0.520648, 3.067645,
    2.1230390000000003, 1.794383, 1.348528, 1.03181, 1.190328, 0.721891,
    0.784122, 0.8955839999999999, 0.897411, 0.935202, 0.95626, 1.001279,
    0.697102, 0.784883, 0.47812099999999996, 0.30336900000000006, 0.927988,
    0.519687, 0.17615899999999998, 0.5755779999999999, 0.60234,
    0.7445309999999999, 0.835662, 0.801905, 0.898634, 0.7618550000000001,
    0.740865, 0.85327, 0.665929, 0.9199160000000001, 0.5524819999999999,
    0.72785, 0.727106, 0.934581, 0.9510879999999999, 0.885437, 0.800592,
    1.4610429999999999, 0.9360449999999999, 0.980617, 1.004713, 1.16861, 1.4204
  ],
  [
    1.91627, 2.0376980000000002, 1.988739, 0.5668500000000001,
    1.3323230000000001, 0.408628, 0.904814, 0.0, 2.411654, 1.367945, 2.05814,
    0.362103, 1.492564, 1.994736, 2.0096030000000003, 1.949029, 1.457416,
    1.227633, 2.4217579999999996, 3.00656, 1.9619659999999999, 1.387394,
    2.081558, 3.127181, 1.8414190000000001, 1.8212000000000002, 0.266327,
    2.4227939999999997, 0.948072, 0.52386, 2.348411, 0.482731, 1.994169,
    0.8559640000000001, 2.727513, 2.563107, 1.078788, 2.742833, 3.293297,
    0.38691000000000003, 0.716598, 1.4169770000000002, 0.923384, 3.145751,
    2.715047, 1.2355619999999998, 2.106516, 0.536246, 2.4172919999999998,
    2.06518, 2.645899, 0.505703, 1.743646, 0.7142809999999999, 0.404043,
    2.8857779999999997, 1.3213730000000001, 3.345505, 2.5689290000000002,
    2.072242, 0.589981, 0.273263, 0.33042200000000005, 1.421185, 0.45896,
    0.46410399999999996, 0.445972, 1.627703, 1.64876, 0.827704, 0.495252,
    0.374033, 0.78361, 0.769555, 0.874632, 0.5235789999999999, 1.0294, 0.447764,
    0.44095, 0.507721, 0.507721, 0.441176, 0.432796, 0.168904, 1.433365,
    1.54577, 0.487591, 0.10516, 1.15721, 0.5179450000000001, 0.640947,
    1.6270820000000001, 0.285752, 0.330649, 1.642585, 0.9107179999999999,
    1.6767, 1.6841579999999998, 1.708254, 0.805257, 0.888353
  ],
  [
    0.891456, 0.723379, 0.713781, 2.044595, 1.091831, 2.207366, 1.569661,
    2.411654, 0.0, 1.056856, 0.753398, 2.031193, 0.9661109999999999, 0.573194,
    0.8567319999999999, 0.614358, 1.00126, 1.165662, 3.6611770000000003,
    2.434318, 0.8593500000000001, 1.167802, 0.8641, 2.55494, 1.283148,
    0.8393229999999999, 2.3096370000000004, 1.341859, 2.049232, 1.903987,
    1.9430180000000001, 2.0714789999999996, 0.828998, 2.489219, 0.315859,
    2.171249, 2.6261579999999998, 2.170592, 2.721056, 2.006386, 2.382301,
    1.038489, 2.073921, 2.635935, 2.1428049999999996, 1.179354, 3.345936,
    2.090382, 0.934594, 0.801155, 2.4723919999999997, 2.094451, 0.790991,
    2.384617, 1.989253, 2.3135369999999997, 1.2586030000000001, 2.773263,
    1.4714960000000001, 1.9394749999999998, 2.702259, 2.3848949999999998,
    2.5585479999999996, 1.003616, 2.134127, 2.24559, 2.247417, 1.217898,
    1.25522, 2.271181, 2.0501869999999998, 2.137968, 1.613258, 1.808256,
    2.277994, 1.869693, 1.405213, 1.995234, 1.952346, 2.094537, 2.185668,
    2.152558, 2.24864, 2.2667420000000003, 1.0548769999999998, 1.311567,
    2.076339, 2.288136, 1.707212, 2.108683, 2.0669079999999997, 1.077831,
    2.2913330000000003, 2.2642800000000003, 0.782203, 2.811696, 0.836663,
    0.8092720000000001, 0.833368, 2.4385120000000002, 2.799243
  ],
  [
    0.5483250000000001, 0.669753, 0.620794, 1.000886, 0.035622, 1.163656,
    0.6754450000000001, 1.367945, 1.056856, 0.0, 0.690195, 1.005842, 0.124619,
    0.6267910000000001, 0.641657, 0.5810850000000001, 0.08947100000000001,
    0.14031100000000002, 2.971732, 2.1727510000000003, 0.5940209999999999,
    0.111593, 0.713613, 2.293373, 0.5821069999999999, 0.453255, 1.284286,
    1.735076, 0.9957039999999999, 0.8786349999999999, 1.5146030000000001,
    1.299818, 0.626224, 1.799774, 1.372068, 1.729298, 1.913443,
    1.9090250000000002, 2.459489, 0.981035, 1.692856, 0.049032, 1.020392,
    2.3119430000000003, 1.881238, 0.392538, 2.656491, 1.390577, 1.509536,
    0.697235, 1.812091, 1.344636, 0.375701, 1.6951720000000001, 0.963902,
    2.05197, 0.78575, 2.5116970000000003, 1.458635, 1.238434, 1.676262,
    1.359544, 1.533197, 0.05324, 1.108776, 1.220239, 1.222066, 0.399204,
    0.328538, 1.581736, 1.024836, 1.112617, 0.5879070000000001,
    0.8440449999999999, 1.252643, 0.844342, 0.529355, 0.969883, 0.926995,
    1.069186, 1.160317, 1.12656, 1.223289, 1.2893219999999999, 0.06542,
    0.35595800000000005, 1.294958, 1.262785, 1.05708, 1.356879, 1.372883,
    0.259137, 1.580117, 1.5144659999999999, 0.28714, 1.785698, 0.308755,
    0.316213, 0.34030900000000003, 1.749067, 2.049428
  ],
  [
    0.199399, 0.031322, 0.0694, 1.6910809999999998, 0.725817,
    1.8538510000000001, 1.3545989999999999, 2.05814, 0.753398, 0.690195, 0.0,
    1.696036, 0.565576, 0.21349700000000002, 0.175371, 0.139041, 0.600724,
    0.830506, 3.6668290000000003, 1.8991, 0.15185400000000002,
    0.8017880000000001, 0.135482, 2.019721, 0.841145, 0.28376, 1.974481,
    2.001716, 1.6858989999999998, 1.56883, 1.4078, 1.978971, 0.121502,
    2.4948710000000003, 1.0437539999999998, 1.636031, 2.60854, 1.635374,
    2.185837, 1.67123, 2.387953, 0.641163, 1.710587, 2.100716, 1.607587,
    0.99913, 3.351588, 2.079824, 1.5944500000000001, 0.23094900000000002,
    1.9236030000000002, 2.02379, 0.314493, 2.39027, 1.654097, 1.778318,
    1.2642550000000001, 2.238045, 0.936277, 1.3499469999999998, 2.366457,
    2.049739, 2.223392, 0.676682, 1.798971, 1.910433, 1.91226, 0.785862,
    0.823185, 2.276833, 1.715031, 1.802811, 1.278102, 1.53424, 1.942837,
    1.5345360000000001, 1.208509, 1.660077, 1.617189, 1.759381, 1.850511,
    1.8167550000000001, 1.913484, 1.979517, 0.688863, 0.882275, 1.974112,
    1.95298, 1.712864, 2.0360329999999998, 2.0621300000000002, 0.645795,
    2.259271, 2.193619, 0.62376, 2.475893, 0.418553, 0.373981, 0.418878,
    2.4441640000000002, 2.728582
  ],
  [
    1.5541669999999999, 1.675594, 1.626636, 0.25409, 0.9702200000000001,
    0.20421, 0.66124, 0.362103, 2.031193, 1.005842, 1.696036, 0.0, 1.130461,
    1.632632, 1.647499, 1.5869259999999998, 1.0953119999999998, 0.86553,
    2.381775, 2.912779, 1.599863, 1.025291, 1.719455, 3.033401,
    1.4793150000000002, 1.459096, 0.32027999999999995, 2.3080079999999996,
    0.6624329999999999, 0.161757, 2.25463, 0.500285, 1.632066, 1.01044, 2.36541,
    2.469326, 1.233264, 2.649053, 3.1995169999999997, 0.024806,
    0.8710739999999999, 1.054873, 0.637745, 3.051971, 2.621266, 0.998268,
    2.0665329999999997, 0.575647, 2.179998, 1.703077, 2.552118, 0.545103,
    1.381543, 0.868757, 0.041939, 2.791997, 1.08408, 3.2517240000000003,
    2.4751480000000003, 1.978462, 0.7168150000000001, 0.400097, 0.527356,
    1.059082, 0.27306, 0.278204, 0.29438400000000003, 1.265599, 1.286657,
    0.9821799999999999, 0.157483, 0.15317, 0.421507, 0.463531, 0.535764,
    0.161475, 0.792107, 0.085661, 0.078847, 0.321821, 0.356133, 0.255276,
    0.281255, 0.28348, 1.071262, 1.183667, 0.495425, 0.256943,
    0.9366380000000001, 0.557346, 0.6084959999999999, 1.2649780000000002,
    0.5776979999999999, 0.612946, 1.280482, 0.8822559999999999, 1.314597,
    1.322055, 1.346151, 0.959733, 1.147908
  ],
  [
    0.423706, 0.5451330000000001, 0.49617500000000003, 1.1255050000000002,
    0.16024100000000002, 1.288276, 0.800064, 1.492564, 0.9661109999999999,
    0.124619, 0.565576, 1.130461, 0.0, 0.5021720000000001, 0.517038,
    0.45646499999999995, 0.035149, 0.26493099999999997, 3.0963510000000003,
    2.048132, 0.469402, 0.23621199999999998, 0.588994, 2.168754, 0.457488,
    0.32863600000000004, 1.408905, 1.8987319999999999, 1.1203230000000002,
    1.003255, 1.3899839999999999, 1.424437, 0.501605, 1.924393, 1.28197,
    1.6046790000000002, 2.038062, 1.784406, 2.33487, 1.105654, 1.817475,
    0.075587, 1.145011, 2.1873240000000003, 1.756619, 0.5171570000000001,
    2.78111, 1.515197, 1.673192, 0.572616, 1.687472, 1.4692550000000002,
    0.25108199999999997, 1.8197919999999999, 1.0885209999999998, 1.927351,
    0.910369, 2.387078, 1.334016, 1.113815, 1.8008810000000002,
    1.4841630000000001, 1.657817, 0.111107, 1.233396, 1.3448579999999999,
    1.346685, 0.27458499999999997, 0.311907, 1.706355, 1.149455, 1.237236,
    0.712526, 0.968664, 1.377262, 0.968961, 0.653974, 1.0945019999999999,
    1.051614, 1.193805, 1.2849359999999999, 1.251179, 1.3479079999999999,
    1.4139410000000001, 0.12328700000000001, 0.368254, 1.419577, 1.387404,
    1.181699, 1.481498, 1.4975019999999999, 0.134517, 1.704736,
    1.6390850000000001, 0.260869, 1.910318, 0.184136, 0.191594, 0.21569,
    1.873686, 2.174047
  ],
  [
    0.366993, 0.198917, 0.189319, 1.6276769999999998, 0.662413, 1.790447,
    1.240553, 1.994736, 0.573194, 0.6267910000000001, 0.21349700000000002,
    1.632632, 0.5021720000000001, 0.0, 0.34296499999999996, 0.07445600000000001,
    0.53732, 0.767102, 3.486625, 2.090282, 0.31944900000000004, 0.738384,
    0.324198, 2.210904, 0.784334, 0.299421, 1.911077, 1.836951,
    1.6224949999999998, 1.505426, 1.598983, 1.846568, 0.289096, 2.314667,
    0.889053, 1.827213, 2.428335, 1.826556, 2.37702, 1.607826,
    2.2077489999999997, 0.577759, 1.647183, 2.291899, 1.798769, 0.850247,
    3.1713829999999996, 1.8996199999999999, 1.4296849999999999, 0.398543,
    2.014318, 1.903688, 0.251089, 2.210065, 1.590693, 1.969501, 1.08405,
    2.429228, 1.1274600000000001, 1.440661, 2.303053, 1.986335, 2.159988,
    0.613279, 1.735567, 1.847029, 1.848857, 0.729051, 0.766374, 2.096628,
    1.651627, 1.739407, 1.214698, 1.470836, 1.879433, 1.471133, 1.076105,
    1.596673, 1.5537860000000001, 1.695977, 1.787107, 1.753351, 1.85008,
    1.916113, 0.625459, 0.8254640000000001, 1.8417080000000001, 1.889576,
    1.5326590000000002, 1.91792, 1.8819249999999998, 0.5889840000000001,
    2.1005700000000003, 2.073517, 0.453096, 2.412489, 0.355149,
    0.31057799999999997, 0.334673, 2.26396, 2.60848
  ],
  [
    0.093331, 0.144049, 0.193007, 1.642544, 0.67728, 1.805314, 1.306061,
    2.0096030000000003, 0.8567319999999999, 0.641657, 0.175371, 1.647499,
    0.517038, 0.34296499999999996, 0.0, 0.268509, 0.552187, 0.781969,
    3.6023490000000002, 1.804059, 0.14763900000000002, 0.753251,
    0.14125800000000002, 1.924681, 0.735077, 0.221855, 1.9259439999999999,
    2.131184, 1.637361, 1.520293, 1.312759, 1.930434, 0.053869, 2.430391,
    1.101931, 1.54099, 2.5440590000000003, 1.5403330000000002,
    2.0907970000000002, 1.622693, 2.323473, 0.592626, 1.66205, 2.005676,
    1.512546, 0.9505929999999999, 3.287107, 2.021194, 1.7239190000000002,
    0.055578, 1.8175350000000001, 1.975253, 0.321553, 2.3257890000000003,
    1.6055599999999999, 1.6832770000000001, 1.32888, 2.143004, 0.841237,
    1.243878, 2.317919, 2.001201, 2.174855, 0.628145, 1.750434, 1.861896,
    1.863723, 0.679794, 0.717117, 2.2123530000000002, 1.666494, 1.754274,
    1.229565, 1.485703, 1.8942999999999999, 1.485999, 1.159971, 1.61154,
    1.568652, 1.710844, 1.801974, 1.768218, 1.864947, 1.93098,
    0.6403260000000001, 0.7762060000000001, 1.925575, 1.9044429999999999,
    1.6876969999999998, 1.9874960000000002, 2.0035, 0.539727,
    2.2107330000000003, 2.145083, 0.575222, 2.427356, 0.370016,
    0.33690499999999995, 0.31281, 2.379684, 2.6800450000000002
  ],
  [
    0.292537, 0.124461, 0.11486299999999999, 1.581971, 0.616707,
    1.7447409999999999, 1.2454880000000002, 1.949029, 0.614358,
    0.5810850000000001, 0.139041, 1.5869259999999998, 0.45646499999999995,
    0.07445600000000001, 0.268509, 0.0, 0.491614, 0.7213959999999999,
    3.5277890000000003, 2.015826, 0.244993, 0.692678, 0.249742,
    2.1364479999999997, 0.7386280000000001, 0.253715, 1.8653710000000001,
    1.8626749999999999, 1.576789, 1.4597200000000001, 1.524527,
    1.8698620000000001, 0.21464, 2.3558310000000002, 0.904713,
    1.7527570000000001, 2.469499, 1.7521, 2.302564, 1.56212, 2.248912, 0.532053,
    1.601477, 2.2174430000000003, 1.7243130000000002, 0.89002, 3.212547,
    1.940783, 1.45541, 0.324087, 1.968612, 1.9146800000000002, 0.205383,
    2.251229, 1.544987, 1.895045, 1.125214, 2.3547710000000004,
    1.0530039999999998, 1.394955, 2.257346, 1.940628, 2.114282, 0.567572,
    1.689861, 1.801323, 1.80315, 0.683345, 0.7206670000000001, 2.137792,
    1.6059210000000002, 1.6937010000000001, 1.168992, 1.42513, 1.833727,
    1.4254259999999999, 1.0993979999999999, 1.5509670000000002, 1.508079,
    1.650271, 1.741401, 1.707645, 1.804374, 1.870407, 0.5797530000000001,
    0.7797569999999999, 1.865002, 1.84387, 1.5738230000000002, 1.926923,
    1.923089, 0.543278, 2.150161, 2.084509, 0.5146499999999999, 2.366783,
    0.30944299999999997, 0.26487099999999997, 0.288967, 2.3051239999999997,
    2.619472
  ],
  [
    0.458855, 0.5802820000000001, 0.5313239999999999, 1.090357, 0.125093,
    1.2531269999999999, 0.764915, 1.457416, 1.00126, 0.08947100000000001,
    0.600724, 1.0953119999999998, 0.035149, 0.53732, 0.552187, 0.491614, 0.0,
    0.22978200000000001, 3.061203, 2.083281, 0.504551, 0.201064,
    0.6241420000000001, 2.203903, 0.492636, 0.363784, 1.3737570000000001,
    1.794697, 1.085175, 0.968106, 1.425132, 1.389288, 0.5367540000000001,
    1.8892449999999998, 1.317118, 1.639828, 2.002913, 1.819555,
    2.3700189999999997, 1.0705060000000002, 1.782327, 0.040439, 1.109863,
    2.2224720000000002, 1.791768, 0.482009, 2.745961, 1.480048, 1.569157,
    0.607765, 1.7226199999999998, 1.434107, 0.286231, 1.784643,
    1.0533730000000001, 1.962499, 0.875221, 2.422226, 1.369164,
    1.1489639999999999, 1.765732, 1.4490139999999998, 1.622668, 0.075958,
    1.198247, 1.309709, 1.311536, 0.309733, 0.347056, 1.671206, 1.114307,
    1.202087, 0.677378, 0.933516, 1.3421130000000001, 0.933812,
    0.6188250000000001, 1.059353, 1.016465, 1.158656, 1.249787,
    1.2160309999999999, 1.31276, 1.378793, 0.088139, 0.403402,
    1.3844290000000001, 1.3522560000000001, 1.1465509999999999,
    1.4463499999999998, 1.462354, 0.16966599999999998, 1.669587, 1.603936,
    0.29601799999999995, 1.875169, 0.219285, 0.226743, 0.250838, 1.838538,
    2.138899
  ],
  [
    0.6886369999999999, 0.810064, 0.761106, 0.8605750000000001,
    0.10468899999999999, 1.023345, 0.5732569999999999, 1.227633, 1.165662,
    0.14031100000000002, 0.830506, 0.86553, 0.26493099999999997, 0.767102,
    0.781969, 0.7213959999999999, 0.22978200000000001, 0.0, 2.868535, 2.193567,
    0.734333, 0.159761, 0.853924, 2.314188, 0.6137849999999999, 0.593566,
    1.143975, 1.6972550000000002, 0.855392, 0.738324, 1.535418,
    1.1976300000000002, 0.766536, 1.697587, 1.4969400000000002, 1.750114,
    1.811255, 1.929841, 2.4803040000000003, 0.840724, 1.590669,
    0.18934299999999998, 0.880081, 2.3327579999999997, 1.9020540000000001,
    0.290351, 2.554304, 1.2883900000000001, 1.4717149999999999, 0.837547,
    1.832906, 1.2424490000000001, 0.516013, 1.5929849999999999, 0.823591,
    2.0727849999999997, 0.683563, 2.532512, 1.598946, 1.259249,
    1.5359500000000001, 1.2192319999999999, 1.392886, 0.193551, 0.968465,
    1.0799269999999999, 1.0817539999999999, 0.400069, 0.42112700000000003,
    1.479549, 0.884525, 0.972305, 0.447596, 0.7037340000000001, 1.112331,
    0.7040299999999999, 0.427168, 0.8295710000000001, 0.786683, 0.928874,
    1.020005, 0.986249, 1.082978, 1.14901, 0.205732, 0.318137, 1.192771,
    1.122474, 0.954893, 1.254692, 1.2706959999999998, 0.39944799999999997,
    1.443228, 1.412278, 0.414952, 1.645387, 0.449067, 0.45652499999999996,
    0.48062, 1.6468800000000001, 1.947241
  ],
  [
    3.5090169999999996, 3.652249, 3.581486, 2.514245, 2.9351, 2.556458,
    2.3912750000000003, 2.4217579999999996, 3.6611770000000003, 2.971732,
    3.6668290000000003, 2.381775, 3.0963510000000003, 3.486625,
    3.6023490000000002, 3.5277890000000003, 3.061203, 2.868535, 0.0,
    5.0249880000000005, 3.511925, 2.99013, 3.631516, 5.145609,
    3.4441550000000003, 3.371158, 2.678871, 2.8403180000000003, 2.93008,
    2.429405, 4.366839, 2.034384, 3.544127, 1.812078, 3.840434,
    4.5815339999999996, 1.605404, 4.761261999999999, 5.311725, 2.364461,
    1.70516, 3.019712, 2.905392, 5.164179, 4.733475, 2.608968, 0.444621,
    1.96817, 2.972299, 3.615138, 4.664327, 1.989565, 3.293605,
    1.7074760000000002, 2.347328, 4.904206, 2.506339, 5.363933,
    4.3775900000000005, 4.09067, 3.002525, 2.6858069999999996,
    2.7286680000000003, 3.017127, 2.6328009999999997, 2.637326, 2.654125,
    3.230438, 3.252548, 1.594039, 2.425131, 2.512911, 2.689154, 2.485436,
    2.803412, 2.429123, 2.471395, 2.303607, 2.346495, 2.5900369999999997,
    2.681168, 2.615017, 2.640996, 2.424665, 3.036101, 3.148506, 2.039243,
    2.48702, 2.076731, 1.9773219999999998, 1.809097, 3.229817, 2.135317,
    2.104717, 3.0540920000000003, 3.323262, 3.189545, 3.2341159999999998,
    3.258212, 1.627685, 2.639679
  ],
  [
    1.8731300000000002, 1.948108, 1.997066, 2.7014229999999997,
    2.1957649999999997, 2.708569, 2.7287, 3.00656, 2.434318, 2.1727510000000003,
    1.8991, 2.912779, 2.048132, 2.090282, 1.804059, 2.015826, 2.083281,
    2.193567, 5.0249880000000005, 0.0, 1.9516980000000002, 2.1193429999999998,
    1.8202850000000002, 0.153721, 1.578638, 2.001654, 2.8220050000000003,
    3.764658, 2.4436269999999998, 2.823674, 0.685527, 3.334178, 1.857928,
    3.805094, 2.483871, 0.639285, 4.0279180000000006, 0.288982, 0.319837,
    2.937585, 3.665728, 2.110321, 2.418939, 0.384324, 0.29151299999999997,
    2.483567, 4.747520000000001, 3.40954, 3.357393, 1.7484819999999999,
    0.918288, 3.378996, 2.101352, 3.663411, 2.913574, 0.120782, 2.876779,
    0.372045, 0.9595090000000001, 0.9696079999999999, 2.882402, 2.79305,
    3.1625799999999997, 2.14584, 2.7064630000000003, 2.646913, 2.618395,
    1.833308, 1.982979, 3.776834, 2.853009, 2.7596089999999998,
    2.6444319999999997, 2.90057, 2.819957, 2.857943, 2.620384, 2.919554,
    2.906583, 2.666873, 2.613759, 2.7242469999999996, 2.6315239999999998,
    3.078134, 2.158021, 1.886023, 3.329318, 2.947706, 3.148109, 3.391239,
    3.442389, 1.917364, 3.283787, 3.330049, 2.233958, 2.9359360000000003,
    2.081013, 2.0523939999999996, 2.028299, 3.7543870000000004, 3.893025
  ],
  [
    0.17166700000000001, 0.120532, 0.16949, 1.5949069999999999,
    0.6296430000000001, 1.757678, 1.258425, 1.9619659999999999,
    0.8593500000000001, 0.5940209999999999, 0.15185400000000002, 1.599863,
    0.469402, 0.31944900000000004, 0.14763900000000002, 0.244993, 0.504551,
    0.734333, 3.511925, 1.9516980000000002, 0.0, 0.7056140000000001,
    0.12887200000000001, 2.0723200000000004, 0.719175, 0.17250100000000002,
    1.878307, 2.1076669999999997, 1.5897249999999998, 1.4726569999999999,
    1.4603989999999998, 1.882798, 0.09376999999999999, 2.382755, 1.149705,
    1.688629, 2.4964229999999996, 1.687972, 2.238436, 1.575057, 2.275836,
    0.54499, 1.614413, 2.153315, 1.660185, 0.902956, 3.239471, 1.973558,
    1.700402, 0.203217, 1.895871, 1.927617, 0.21832, 2.2781529999999997,
    1.557923, 1.830917, 1.291253, 2.290644, 0.988876, 1.322215, 2.270283,
    1.953565, 2.127219, 0.580509, 1.702798, 1.81426, 1.816087, 0.663892,
    0.701215, 2.164717, 1.618857, 1.7066379999999999, 1.181928, 1.438067,
    1.846664, 1.438363, 1.112335, 1.563904, 1.5210160000000001, 1.663207,
    1.754338, 1.720581, 1.81731, 1.883343, 0.5926889999999999,
    0.7603049999999999, 1.877939, 1.856806, 1.640061, 1.939859, 1.955864,
    0.5238250000000001, 2.163097, 2.0974459999999997, 0.527586, 2.379719,
    0.32238, 0.277808, 0.301904, 2.332048, 2.632409
  ],
  [
    0.659918, 0.781346, 0.7323869999999999, 1.020336, 0.085759, 1.183106,
    0.694894, 1.387394, 1.167802, 0.111593, 0.8017880000000001, 1.025291,
    0.23621199999999998, 0.738384, 0.753251, 0.692678, 0.201064, 0.159761,
    2.99013, 2.1193429999999998, 0.7056140000000001, 0.0, 0.825206, 2.225873,
    0.52547, 0.5648479999999999, 1.303736, 1.7545250000000001,
    0.9268759999999999, 0.898085, 1.447103, 1.319267, 0.7378170000000001,
    1.819224, 1.4807219999999999, 1.661798, 1.932892, 1.841525, 2.391989,
    1.000485, 1.712305, 0.160625, 0.951564, 2.2444430000000004, 1.813738,
    0.41198700000000005, 2.67594, 1.4100270000000001, 1.5289849999999998,
    0.808828, 1.744591, 1.364085, 0.487294, 1.714622, 0.983351, 1.984469,
    0.8052, 2.444196, 1.507461, 1.170934, 1.695711, 1.378993,
    1.5526469999999999, 0.164833, 1.1282260000000002, 1.2396880000000001,
    1.2415150000000001, 0.31175400000000003, 0.261366, 1.6011849999999999,
    1.0442850000000001, 1.132066, 0.6073569999999999, 0.863494, 1.272092,
    0.8637910000000001, 0.548804, 0.989332, 0.946444, 1.088635, 1.179766,
    1.146009, 1.2427380000000001, 1.308771, 0.177013, 0.229821,
    1.3144069999999999, 1.2822339999999999, 1.076529, 1.376328,
    1.3923320000000001, 0.37073, 1.599566, 1.533915, 0.398733, 1.675781,
    0.420348, 0.42780599999999996, 0.45190199999999997, 1.7685170000000001,
    2.068878
  ],
  [
    0.165286, 0.125282, 0.17424, 1.714499, 0.749235, 1.877269, 1.378017,
    2.081558, 0.8641, 0.713613, 0.135482, 1.719455, 0.588994, 0.324198,
    0.14125800000000002, 0.249742, 0.6241420000000001, 0.853924, 3.631516,
    1.8202850000000002, 0.12887200000000001, 0.825206, 0.0, 1.940907,
    0.8070320000000001, 0.29381, 1.9978989999999999, 2.1124169999999998,
    1.709317, 1.592248, 1.3289849999999999, 2.00239, 0.087389, 2.502346,
    1.1181569999999998, 1.557216, 2.616015, 1.556559, 2.1070219999999997,
    1.694648, 2.395428, 0.664581, 1.734005, 2.021902, 1.528772, 1.022548,
    3.359063, 2.093149, 1.705152, 0.132575, 1.8583589999999999, 2.047208,
    0.329355, 2.397745, 1.677515, 1.699503, 1.3749559999999998, 2.15923,
    0.857463, 1.315833, 2.389875, 2.073157, 2.24681, 0.700101,
    1.8223889999999998, 1.9338510000000002, 1.9356790000000001, 0.751749,
    0.789072, 2.284308, 1.7384490000000001, 1.826229, 1.30152, 1.557658,
    1.966255, 1.557955, 1.231927, 1.683495, 1.640607, 1.782799,
    1.8739290000000002, 1.840173, 1.9369020000000001, 2.002935,
    0.7122809999999999, 0.8481620000000001, 1.99753, 1.9763979999999999,
    1.759652, 2.059451, 2.075455, 0.6116820000000001, 2.282689, 2.217038,
    0.647178, 2.499311, 0.441971, 0.408861, 0.38476499999999997, 2.451639, 2.752
  ],
  [
    1.993752, 2.068729, 2.1176880000000002, 2.822045, 2.316387, 2.829191,
    2.849322, 3.127181, 2.55494, 2.293373, 2.019721, 3.033401, 2.168754,
    2.210904, 1.924681, 2.1364479999999997, 2.203903, 2.314188, 5.145609,
    0.153721, 2.0723200000000004, 2.225873, 1.940907, 0.0, 1.69926, 2.122276,
    2.942627, 3.8852800000000003, 2.564249, 2.944295, 0.806149, 3.454799,
    1.97855, 3.9257150000000003, 2.6044929999999997, 0.759907, 4.14854,
    0.409603, 0.166116, 3.058207, 3.78635, 2.230942, 2.53956,
    0.41674500000000003, 0.412135, 2.604189, 4.868142, 3.530162, 3.478014,
    1.869103, 1.03891, 3.499618, 2.2219740000000003, 3.7840320000000003,
    3.034195, 0.24140299999999998, 2.997401, 0.21832400000000002,
    1.0801310000000002, 1.0902290000000001, 3.003024, 2.913672, 3.283202,
    2.266462, 2.827085, 2.767534, 2.739017, 1.9539300000000002,
    2.1035999999999997, 3.897456, 2.9736309999999997, 2.880231, 2.765053,
    3.021191, 2.940578, 2.978565, 2.741005, 3.0401759999999998, 3.027205,
    2.787494, 2.7343800000000003, 2.844869, 2.752146, 3.198756,
    2.2786419999999996, 2.006645, 3.4499400000000002, 3.068327,
    3.2687310000000003, 3.5118609999999997, 3.563011, 2.037986,
    3.4044090000000002, 3.45067, 2.35458, 3.056558, 2.201635, 2.173016, 2.14892,
    3.875008, 4.0136460000000005
  ],
  [
    0.641745, 0.809823, 0.761034, 1.47436, 0.6177290000000001,
    1.6371300000000002, 1.1489179999999999, 1.8414190000000001, 1.283148,
    0.5821069999999999, 0.841145, 1.4793150000000002, 0.457488, 0.784334,
    0.735077, 0.7386280000000001, 0.492636, 0.6137849999999999,
    3.4441550000000003, 1.578638, 0.719175, 0.52547, 0.8070320000000001,
    1.69926, 0.0, 0.546674, 1.762173, 2.293183, 1.214642, 1.356522, 0.932496,
    1.812209, 0.719643, 2.3121660000000004, 1.676421, 1.147192, 2.425834,
    1.3269190000000002, 1.877382, 1.458922, 2.205247, 0.531683,
    1.1664459999999999, 1.729836, 1.299132, 0.904929, 3.168882,
    1.9029690000000001, 2.067643, 0.790654, 1.229984, 1.857027, 0.533245,
    2.2075639999999996, 1.441789, 1.4698630000000001, 1.298141, 1.92959,
    0.981752, 0.656327, 1.831016, 1.7416639999999999, 2.011084, 0.567202,
    1.5325060000000001, 1.564848, 1.53633, 0.25467, 0.404341, 2.094127,
    1.502723, 1.590503, 1.0657940000000001, 1.321932, 1.567464, 1.322228,
    1.041746, 1.447769, 1.404881, 1.492915, 1.474581, 1.550289, 1.54946,
    1.767209, 0.5793830000000001, 0.30738499999999996, 1.8073489999999999,
    1.740672, 1.569471, 1.86927, 1.885274, 0.33872599999999997,
    2.0925079999999996, 2.026857, 0.65532, 1.884549, 0.502375,
    0.47375599999999995, 0.449661, 2.261458, 2.561819
  ],
  [
    0.128522, 0.263318, 0.21436000000000002, 1.4541410000000001, 0.488877,
    1.616911, 1.1176590000000002, 1.8212000000000002, 0.8393229999999999,
    0.453255, 0.28376, 1.459096, 0.32863600000000004, 0.299421, 0.221855,
    0.253715, 0.363784, 0.593566, 3.371158, 2.001654, 0.17250100000000002,
    0.5648479999999999, 0.29381, 2.122276, 0.546674, 0.0, 1.737541,
    1.9775250000000002, 1.448959, 1.33189, 1.510354, 1.742032, 0.206421,
    2.2419879999999996, 1.1294710000000001, 1.738585, 2.3556570000000003,
    1.7379280000000001, 2.288392, 1.43429, 2.1350700000000002, 0.404223,
    1.473647, 2.203271, 1.7101410000000001, 0.76219, 3.098705, 1.832792,
    1.680375, 0.277432, 1.7766579999999998, 1.7868499999999998, 0.099698,
    2.137386, 1.417157, 1.880872, 1.1404770000000002, 2.340599,
    1.0388320000000002, 1.203001, 2.129517, 1.812798, 1.986452, 0.439742,
    1.562031, 1.673493, 1.67532, 0.491391, 0.528714, 2.02395,
    1.4780909999999998, 1.565871, 1.0411620000000001, 1.2973, 1.705897,
    1.297596, 0.9715689999999999, 1.4231369999999999, 1.380249, 1.522441,
    1.6135709999999999, 1.579815, 1.676544, 1.742577, 0.451923, 0.587804,
    1.737172, 1.71604, 1.4992940000000001, 1.799093, 1.815097, 0.351324,
    2.022331, 1.95668, 0.38682, 2.238953, 0.181613, 0.14850200000000002,
    0.12440699999999999, 2.191281, 2.4916419999999997
  ],
  [
    1.8326110000000002, 1.954039, 1.9050809999999998, 0.38229599999999997,
    1.248664, 0.22407400000000002, 0.9565520000000001, 0.266327,
    2.3096370000000004, 1.284286, 1.974481, 0.32027999999999995, 1.408905,
    1.911077, 1.9259439999999999, 1.8653710000000001, 1.3737570000000001,
    1.143975, 2.678871, 2.8220050000000003, 1.878307, 1.303736,
    1.9978989999999999, 2.942627, 1.762173, 1.737541, 0.0, 2.6737130000000002,
    0.763518, 0.405651, 2.163857, 0.701022, 1.91051, 1.106883,
    2.6438539999999997, 2.378552, 1.3297070000000002, 2.558279, 3.108743,
    0.345086, 0.9675170000000001, 1.333318, 0.738829, 2.9611970000000003,
    2.530492, 1.2935809999999999, 2.3574349999999997, 0.754537, 2.475311,
    1.9815209999999999, 2.4613449999999997, 0.723993, 1.659988,
    0.9651989999999999, 0.362219, 2.7012240000000003, 1.379393,
    3.1609499999999997, 2.3843739999999998, 1.887688, 0.41417000000000004,
    0.097452, 0.422348, 1.337526, 0.274406, 0.27955, 0.261418,
    1.5440440000000002, 1.565102, 1.078623, 0.305373, 0.184155, 0.699951,
    0.741975, 0.706086, 0.43992000000000003, 1.08742, 0.380974,
    0.37416000000000005, 0.323166, 0.323167, 0.256622, 0.248242, 0.400517,
    1.3497070000000002, 1.462112, 0.705881, 0.20747300000000002, 1.231951,
    0.736236, 0.903809, 1.543423, 0.5435549999999999, 0.589816, 1.558927,
    0.7326159999999999, 1.5930419999999998, 1.6005, 1.624595, 1.056176, 1.152793
  ],
  [
    2.072596, 1.987135, 1.977538, 2.321119, 1.699454, 2.482691, 1.834552,
    2.4227939999999997, 1.341859, 1.735076, 2.001716, 2.3080079999999996,
    1.8987319999999999, 1.836951, 2.131184, 1.8626749999999999, 1.794697,
    1.6972550000000002, 2.8403180000000003, 3.764658, 2.1076669999999997,
    1.7545250000000001, 2.1124169999999998, 3.8852800000000003, 2.293183,
    1.9775250000000002, 2.6737130000000002, 0.0, 2.590585, 2.198868, 3.225679,
    2.018941, 2.121687, 1.8131140000000001, 1.4345109999999999, 3.440375,
    1.718694, 3.460906, 4.01137, 2.349018, 1.7061959999999998, 1.792307,
    2.7047730000000003, 3.926249, 3.433119, 1.530762, 2.525076, 1.952728,
    0.444204, 2.091468, 3.523167, 1.9741220000000002, 1.909981, 1.708512,
    2.331885, 3.60385, 1.313904, 4.063577, 2.76181, 2.94951, 3.0035610000000004,
    2.6868429999999996, 2.7297040000000004, 1.756787, 2.429009, 2.622503,
    2.6386819999999997, 2.1505189999999996, 2.1878409999999997, 1.595076,
    2.409688, 2.497468, 2.118663, 2.006438, 2.572875, 2.164574, 1.78274,
    2.288164, 2.2472269999999996, 2.389418, 2.480549, 2.446792, 2.625553,
    2.425701, 1.808695, 1.928901, 2.0238, 2.488056, 1.3713499999999998,
    1.961879, 1.793654, 2.010452, 2.136353, 2.105753, 1.7148240000000001,
    3.105931, 1.795912, 1.850492, 1.874588, 1.740975, 2.640716
  ],
  [
    1.544029, 1.6654570000000002, 1.616498, 0.408343, 0.960082, 0.557962,
    1.0845740000000001, 0.948072, 2.049232, 0.9957039999999999,
    1.6858989999999998, 0.6624329999999999, 1.1203230000000002,
    1.6224949999999998, 1.637361, 1.576789, 1.085175, 0.855392, 2.93008,
    2.4436269999999998, 1.5897249999999998, 0.9268759999999999, 1.709317,
    2.564249, 1.214642, 1.448959, 0.763518, 2.590585, 0.0, 0.530593, 1.785479,
    1.041097, 1.621928, 1.627861, 2.355272, 2.000174, 1.864298,
    2.1799009999999996, 2.730365, 0.637626, 1.488495, 1.044736,
    0.024687999999999998, 2.5828189999999998, 2.152114, 1.0598230000000002,
    2.607346, 1.11646, 2.2966170000000004, 1.692939, 2.082966,
    1.0859159999999999, 1.371405, 1.4861780000000002, 0.6204930000000001,
    2.3228449999999996, 1.324925, 2.782572, 1.990412, 1.50931, 0.841504,
    0.7353310000000001, 1.104093, 1.0489439999999999, 0.48911200000000005,
    0.521455, 0.492937, 0.9812150000000001, 1.204045, 1.599601, 0.559929,
    0.6090019999999999, 0.824894, 0.866918, 0.52407, 0.564863, 1.016586,
    0.6264740000000001, 0.613503, 0.449521, 0.431188, 0.506896, 0.506066,
    0.927527, 1.061124, 0.899283, 1.036238, 0.889218, 1.358091, 1.098159,
    1.149309, 1.138431, 1.225299, 1.271561, 1.2703440000000001, 0.934162,
    1.304459, 1.311917, 1.336013, 1.577154, 1.834537
  ],
  [
    1.426961, 1.5483879999999999, 1.49943, 0.122251, 0.843013, 0.285021,
    0.553981, 0.52386, 1.903987, 0.8786349999999999, 1.56883, 0.161757,
    1.003255, 1.505426, 1.520293, 1.4597200000000001, 0.968106, 0.738324,
    2.429405, 2.823674, 1.4726569999999999, 0.898085, 1.592248, 2.944295,
    1.356522, 1.33189, 0.405651, 2.198868, 0.530593, 0.0, 2.165525, 0.540421,
    1.5048599999999999, 1.1271849999999999, 2.238204, 2.380221,
    1.3636220000000001, 2.559948, 3.110411, 0.136951, 0.98782, 0.927667,
    0.5059049999999999, 2.962865, 2.532161, 0.8854829999999999,
    2.1066700000000003, 0.615784, 2.066458, 1.575871, 2.463013, 0.58524,
    1.254337, 0.985502, 0.11981699999999999, 2.702892, 0.97054,
    3.1626190000000003, 2.386043, 1.889356, 0.797626, 0.480908,
    0.6891130000000001, 0.9318759999999999, 0.23014099999999998, 0.341603,
    0.34343, 1.138393, 1.159451, 1.098925, 0.1462, 0.233981, 0.294301, 0.336325,
    0.374007, 0.034269, 0.6793210000000001, 0.125798, 0.08291,
