[
  [
    0.0, 0.950348, 0.893995, 1.432529, 0.874413, 1.303337, 0.980305, 1.053835,
    0.121167, 0.9849260000000001, 0.816615, 0.962101, 1.182976, 1.371848,
    0.36244400000000004, 0.05215, 0.668393, 0.94759, 0.088399, 0.962894,
    0.587675, 1.680779, 0.73891, 0.859127, 1.358182, 1.075755, 0.843007,
    1.106867, 1.194677, 1.371693, 0.718204, 0.437226, 0.228034, 0.899578,
    0.45170699999999997, 0.81879, 0.29983800000000005, 0.746743, 0.859712,
    0.594465
  ],
  [
    0.950348, 0.0, 0.436005, 1.44367, 0.075935, 1.492962, 1.048719, 1.485055,
    0.977817, 1.4301579999999998, 1.415615, 1.427568, 1.8268140000000002,
    2.015686, 0.7577269999999999, 1.036161, 1.267394, 0.042839, 0.976992,
    1.031308, 0.362674, 1.932913, 0.30668799999999996, 0.10815999999999999,
    0.685695, 1.6747560000000001, 0.126348, 1.5162149999999999,
    1.2722529999999999, 2.0155309999999997, 1.317204, 0.626198, 0.767833,
    0.9679930000000001, 0.958927, 0.146571, 0.672848, 1.3457439999999998,
    0.928126, 1.193465
  ],
  [
    0.893995, 0.436005, 0.0, 1.243002, 0.36007, 1.4035170000000001, 0.959274,
    1.3956099999999998, 0.9214640000000001, 1.340713, 1.507098, 1.338123,
    1.737369, 1.926241, 0.701374, 0.979808, 1.358877, 0.433247, 1.016056,
    0.941864, 0.306321, 1.843468, 0.438315, 0.344784, 0.646685, 1.667868,
    0.35632600000000003, 1.4267699999999999, 1.126603, 1.926086,
    1.4086869999999998, 0.945748, 0.71148, 0.878548, 1.14219, 0.360226,
    0.616495, 1.437227, 0.838681, 1.2849480000000002
  ],
  [
    1.432529, 1.44367, 1.243002, 0.0, 1.367735, 1.012385, 0.972038, 0.968883,
    1.4599980000000001, 1.0377919999999998, 1.433965, 1.060605, 1.258274,
    1.447846, 1.004851, 0.932702, 1.440683, 1.440912, 0.968951, 0.523372,
    1.111081, 1.2335129999999999, 1.306738, 1.352448, 1.8144120000000001,
    1.1887729999999999, 1.36399, 1.098606, 0.291589, 1.447691,
    1.1869960000000002, 1.484281, 1.250014, 0.891312, 1.6216089999999999,
    1.367891, 1.155028, 1.23475, 0.682757, 1.4597449999999998
  ],
  [
    0.874413, 0.075935, 0.36007, 1.367735, 0.0, 1.417027, 0.972784, 1.40912,
    0.901882, 1.354223, 1.33968, 1.351633, 1.7508789999999999, 1.939751,
    0.6817920000000001, 0.960226, 1.191459, 0.118774, 0.901057,
    0.9553740000000001, 0.28673899999999997, 1.856978, 0.23075299999999999,
    0.032225000000000004, 0.666045, 1.5988209999999998, 0.050413, 1.44028,
    1.196318, 1.939596, 1.241269, 0.606548, 0.691898, 0.892058,
    0.9747720000000001, 0.07063599999999999, 0.596912, 1.269809, 0.852191,
    1.11753
  ],
  [
    1.303337, 1.492962, 1.4035170000000001, 1.012385, 1.417027, 0.0,
    0.8404510000000001, 0.250327, 1.33163, 0.31923599999999996, 0.810893,
    0.34205, 0.635202, 0.824074, 0.873263, 0.632638, 0.714696, 1.481754,
    0.668886, 0.5169360000000001, 1.124031, 0.751202, 1.354068, 1.39329,
    1.974408, 0.565701, 1.428173, 0.466581, 0.744352, 0.823919, 0.606811,
    1.342369, 1.233583, 0.759725, 0.996581, 1.403956, 1.138597,
    0.6545650000000001, 0.558025, 0.8347169999999999
  ],
  [
    0.980305, 1.048719, 0.959274, 0.972038, 0.972784, 0.8404510000000001, 0.0,
    0.832544, 0.117089, 0.7860969999999999, 1.349993, 0.783507, 1.174303,
    1.363175, 0.025639, 0.304073, 1.156153, 1.045961, 0.34032100000000004,
    0.448666, 0.688238, 1.280402, 0.918275, 0.9574969999999999, 1.538615,
    1.104801, 0.99238, 0.872154, 0.680449, 1.36302, 0.960544, 1.032057, 0.79779,
    0.08072599999999999, 1.228499, 0.968163, 0.702804, 1.008298, 0.282426,
    1.233293
  ],
  [
    1.053835, 1.485055, 1.3956099999999998, 0.968883, 1.40912, 0.250327,
    0.832544, 0.0, 1.0813030000000001, 0.06890900000000001, 0.586927, 0.091723,
    0.411236, 0.600108, 0.8653569999999999, 0.38231099999999996,
    0.46436900000000003, 1.473847, 0.41856, 0.509029, 1.1161240000000001,
    0.627769, 1.346162, 1.385384, 1.966501, 0.341735, 1.420266, 0.216255,
    0.736445, 0.599953, 0.35648399999999997, 1.092042, 1.0536379999999999,
    0.751818, 0.746254, 1.3960489999999999, 1.13069, 0.404238,
    0.5501180000000001, 0.58439
  ],
  [
    0.121167, 0.977817, 0.9214640000000001, 1.4599980000000001, 0.901882,
    1.33163, 0.117089, 1.0813030000000001, 0.0, 1.012395, 0.8440829999999999,
    0.9895700000000001, 1.210445, 1.399317, 0.389912, 0.245439, 0.695862,
    0.975059, 0.281688, 0.9903630000000001, 0.615143, 1.709073, 0.766378,
    0.886596, 1.38565, 1.103223, 0.870475, 0.39435899999999996, 1.222146,
    1.399162, 0.745672, 0.464694, 0.255503, 0.9270470000000001, 0.479175,
    0.8462580000000001, 0.327306, 0.774212, 0.887181, 0.621933
  ],
  [
    0.9849260000000001, 1.4301579999999998, 1.340713, 1.0377919999999998,
    1.354223, 0.31923599999999996, 0.7860969999999999, 0.06890900000000001,
    1.012395, 0.0, 0.543682, 0.022814, 0.47931999999999997, 0.668192,
    0.8189099999999999, 0.313402, 0.39546, 1.4274, 0.349651, 0.489178, 1.069677,
    0.696678, 1.299715, 1.3389369999999998, 1.93186, 0.395961, 1.373819,
    0.147346, 0.72096, 0.668037, 0.28757499999999997, 1.023134,
    0.9847290000000001, 0.705371, 0.677345, 1.349603, 1.058915, 0.335329,
    0.503671, 0.515481
  ],
  [
    0.816615, 1.415615, 1.507098, 1.433965, 1.33968, 0.810893, 1.349993,
    0.586927, 0.8440829999999999, 0.543682, 0.0, 0.520857, 0.366361, 0.555233,
    0.950828, 0.557361, 0.148196, 1.412858, 0.568423, 1.022825, 1.200777,
    0.940936, 1.203656, 1.324394, 1.792338, 0.25914, 1.307752,
    0.6656230000000001, 1.246528, 0.555078, 0.47091000000000005, 0.8152,
    0.816418, 1.265614, 0.509034, 1.283536, 0.8906040000000001,
    0.49944900000000003, 1.063915, 0.32630000000000003
  ],
  [
    0.962101, 1.427568, 1.338123, 1.060605, 1.351633, 0.34205, 0.783507,
    0.091723, 0.9895700000000001, 0.022814, 0.520857, 0.0, 0.48035700000000003,
    0.6692290000000001, 0.8163189999999999, 0.31081200000000003, 0.372635,
    1.42481, 0.39505599999999996, 0.486587, 1.067087, 0.7186670000000001,
    1.297124, 1.336346, 1.909036, 0.373136, 1.371229, 0.144755, 0.71837,
    0.669074, 0.26475, 1.000309, 0.961905, 0.702781, 0.65452,
    1.3470119999999999, 1.03609, 0.312504, 0.501081, 0.49265699999999996
  ],
  [
    1.182976, 1.8268140000000002, 1.737369, 1.258274, 1.7508789999999999,
    0.635202, 1.174303, 0.411236, 1.210445, 0.47931999999999997, 0.366361,
    0.48035700000000003, 0.0, 0.188868, 1.207115, 0.734541, 0.514557, 1.815606,
    0.75918, 0.850788, 1.457883, 0.767316, 1.570017, 1.727143, 2.158699,
    0.107221, 1.674114, 0.6266660000000001, 1.074491, 0.188713, 0.628875,
    1.181562, 1.18278, 1.093577, 0.875396, 1.649897, 1.2569649999999999,
    0.676629, 0.8918769999999999, 0.692661
  ],
  [
    1.371848, 2.015686, 1.926241, 1.447846, 1.939751, 0.824074, 1.363175,
    0.600108, 1.399317, 0.668192, 0.555233, 0.6692290000000001, 0.188868, 0.0,
    1.395988, 0.923413, 0.703429, 2.004478, 0.948052, 1.03966,
    1.6467550000000002, 0.956188, 1.758889, 1.9160139999999999, 2.347571,
    0.296093, 1.862986, 0.815538, 1.263363, 0.000155, 0.817747, 1.370434,
    1.3716510000000002, 1.2824490000000002, 1.064267, 1.838769, 1.445837,
    0.865501, 1.080749, 0.881533
  ],
  [
    0.36244400000000004, 0.7577269999999999, 0.701374, 1.004851,
    0.6817920000000001, 0.873263, 0.025639, 0.8653569999999999, 0.389912,
    0.8189099999999999, 0.950828, 0.8163189999999999, 1.207115, 1.395988, 0.0,
    0.278434, 0.687573, 0.980094, 0.314683, 0.41017200000000004, 0.620178,
    1.0379749999999999, 0.771413, 0.891631, 1.390685, 0.7167290000000001,
    0.87551, 0.427354, 0.641955, 1.009334, 0.402426, 0.469729,
    0.26053699999999996, 0.608084, 0.5064110000000001, 0.851293, 0.332341,
    0.336346, 0.406384, 0.613645
  ],
  [
    0.05215, 1.036161, 0.979808, 0.932702, 0.960226, 0.632638, 0.304073,
    0.38231099999999996, 0.245439, 0.313402, 0.557361, 0.31081200000000003,
    0.734541, 0.923413, 0.278434, 0.0, 0.40913900000000003, 0.9986970000000001,
    0.036249, 0.40932999999999997, 0.717564, 1.009255, 0.7894950000000001,
    0.910234, 1.349389, 0.6273200000000001, 0.8935919999999999, 0.399459,
    0.641113, 0.923258, 0.123992, 0.435966, 0.357923, 0.607242, 0.227977,
    0.869375, 0.42972699999999997, 0.057912, 0.40554199999999996,
    0.33521100000000004
  ],
  [
    0.668393, 1.267394, 1.358877, 1.440683, 1.191459, 0.714696, 1.156153,
    0.46436900000000003, 0.695862, 0.39546, 0.148196, 0.372635, 0.514557,
    0.703429, 0.687573, 0.40913900000000003, 0.0, 1.2646359999999999,
    0.42020100000000005, 0.870326, 1.052556, 1.095924, 1.055434, 1.176172,
    1.644116, 0.40733600000000003, 1.1595309999999999, 0.517401,
    1.1021079999999999, 0.703274, 0.322688, 0.666979, 0.668197, 1.086519,
    0.360813, 1.1353140000000002, 0.742382, 0.35122699999999996,
    0.8848189999999999, 0.17807800000000001
  ],
  [
    0.94759, 0.042839, 0.433247, 1.440912, 0.118774, 1.481754, 1.045961,
    1.473847, 0.975059, 1.4274, 1.412858, 1.42481, 1.815606, 2.004478, 0.980094,
    0.9986970000000001, 1.2646359999999999, 0.0, 0.9705839999999999, 1.024901,
    0.356266, 1.9265050000000001, 0.30028, 0.088463, 0.787356, 1.668348,
    0.135918, 1.5098070000000001, 1.265845, 2.009123, 1.310797, 0.669036,
    0.7614249999999999, 0.961585, 1.044299, 0.15613999999999997, 0.66644,
    1.339336, 0.9217190000000001, 1.187057
  ],
  [
    0.088399, 0.976992, 1.016056, 0.968951, 0.901057, 0.668886,
    0.34032100000000004, 0.41856, 0.281688, 0.349651, 0.568423,
    0.39505599999999996, 0.75918, 0.948052, 0.314683, 0.036249,
    0.42020100000000005, 0.9705839999999999, 0.0, 0.445579, 0.693101, 1.045504,
    0.765033, 0.885771, 1.3249259999999998, 0.651959, 0.869129,
    0.43570800000000004, 0.677362, 0.9478970000000001, 0.14863200000000001,
    0.411503, 0.333461, 0.643491, 0.20351499999999997, 0.844913, 0.405264,
    0.082552, 0.441791, 0.34627199999999997
  ],
  [
    0.962894, 1.031308, 0.941864, 0.523372, 0.9553740000000001,
    0.5169360000000001, 0.448666, 0.509029, 0.9903630000000001, 0.489178,
    1.022825, 0.486587, 0.850788, 1.03966, 0.41017200000000004,
    0.40932999999999997, 0.870326, 1.024901, 0.445579, 0.0, 0.670828,
    0.9568869999999999, 0.900865, 0.940087, 1.521204, 0.7812859999999999,
    0.9749690000000001, 0.575235, 0.231783, 1.0395050000000001, 0.663624,
    1.014647, 0.780379, 0.36794, 1.0982370000000001, 0.9507530000000001,
    0.6853940000000001, 0.7113780000000001, 0.159385, 0.936374
  ],
  [
    0.587675, 0.362674, 0.306321, 1.111081, 0.28673899999999997, 1.124031,
    0.688238, 1.1161240000000001, 0.615143, 1.069677, 1.200777, 1.067087,
    1.457883, 1.6467550000000002, 0.620178, 0.717564, 1.052556, 0.356266,
    0.693101, 0.670828, 0.0, 1.572432, 0.195656, 0.271453, 0.953006, 1.396832,
    0.282994, 1.1557339999999998, 0.90261, 1.65505, 1.102366, 0.639427, 0.40516,
    0.6075119999999999, 0.835869, 0.245544, 0.310174, 1.130906, 0.567645,
    0.9786269999999999
  ],
  [
    1.680779, 1.932913, 1.843468, 1.2335129999999999, 1.856978, 0.751202,
    1.280402, 0.627769, 1.709073, 0.696678, 0.940936, 0.7186670000000001,
    0.767316, 0.956188, 1.0379749999999999, 1.009255, 1.095924,
    1.9265050000000001, 1.045504, 0.9568869999999999, 1.572432, 0.0, 1.80392,
    1.843142, 2.424259, 0.699397, 1.878025, 0.844024, 1.038233, 0.956033,
    0.984253, 1.719812, 1.6834339999999999, 1.209576, 1.374023, 1.853808,
    1.588449, 1.0320070000000001, 1.007877, 1.2121600000000001
  ],
  [
    0.73891, 0.30668799999999996, 0.438315, 1.306738, 0.23075299999999999,
    1.354068, 0.918275, 1.346162, 0.766378, 1.299715, 1.203656, 1.297124,
    1.570017, 1.758889, 0.771413, 0.7894950000000001, 1.055434, 0.30028,
    0.765033, 0.900865, 0.195656, 1.80392, 0.0, 0.21546600000000002, 0.926885,
    1.462796, 0.198825, 1.385772, 1.1326479999999999, 1.758734,
    1.1052449999999998, 0.633554, 0.556395, 0.837549, 0.838748, 0.174608,
    0.439072, 1.1337840000000001, 0.797683, 0.981506
  ],
  [
    0.859127, 0.10815999999999999, 0.344784, 1.352448, 0.032225000000000004,
    1.39329, 0.9574969999999999, 1.385384, 0.886596, 1.3389369999999998,
    1.324394, 1.336346, 1.727143, 1.9160139999999999, 0.891631, 0.910234,
    1.176172, 0.088463, 0.885771, 0.940087, 0.271453, 1.843142,
    0.21546600000000002, 0.0, 0.69827, 1.583534, 0.047455, 1.4249939999999999,
    1.181031, 1.92431, 1.225983, 0.638772, 0.676612, 0.876771, 0.959486,
    0.067677, 0.581626, 1.254522, 0.836905, 1.102244
  ],
  [
    1.358182, 0.685695, 0.646685, 1.8144120000000001, 0.666045, 1.974408,
    1.538615, 1.966501, 1.38565, 1.93186, 1.792338, 1.909036, 2.158699,
    2.347571, 1.390685, 1.349389, 1.644116, 0.787356, 1.3249259999999998,
    1.521204, 0.953006, 2.424259, 0.926885, 0.69827, 0.0, 2.05602,
    0.7164579999999999, 2.006111, 1.705944, 2.351958, 1.66968, 1.024598,
    1.180209, 1.4578879999999999, 1.352786, 0.736681, 1.062886,
    1.6982190000000001, 1.418022, 1.5409249999999999
  ],
  [
    1.075755, 1.6747560000000001, 1.667868, 1.1887729999999999,
    1.5988209999999998, 0.565701, 1.104801, 0.341735, 1.103223, 0.395961,
    0.25914, 0.373136, 0.107221, 0.296093, 0.7167290000000001,
    0.6273200000000001, 0.40733600000000003, 1.668348, 0.651959,
    0.7812859999999999, 1.396832, 0.699397, 1.462796, 1.583534, 2.05602, 0.0,
    1.566893, 0.5179020000000001, 1.0049890000000001, 0.295938, 0.521654,
    1.074341, 1.075559, 1.024075, 0.768174, 1.542676, 1.1497439999999999,
    0.569408, 0.822376, 0.5854400000000001
  ],
  [
    0.843007, 0.126348, 0.35632600000000003, 1.36399, 0.050413, 1.428173,
    0.99238, 1.420266, 0.870475, 1.373819, 1.307752, 1.371229, 1.674114,
    1.862986, 0.87551, 0.8935919999999999, 1.1595309999999999, 0.135918,
    0.869129, 0.9749690000000001, 0.282994, 1.878025, 0.198825, 0.047455,
    0.7164579999999999, 1.566893, 0.0, 1.459876, 1.192573, 1.862831,
    1.2093420000000001, 0.737651, 0.6488780000000001, 0.911654, 0.942845,
    0.024217, 0.543169, 1.237881, 0.8717870000000001, 1.0856020000000002
  ],
  [
    1.106867, 1.5162149999999999, 1.4267699999999999, 1.098606, 1.44028,
    0.466581, 0.872154, 0.216255, 0.39435899999999996, 0.147346,
    0.6656230000000001, 0.144755, 0.6266660000000001, 0.815538, 0.427354,
    0.399459, 0.517401, 1.5098070000000001, 0.43570800000000004, 0.575235,
    1.1557339999999998, 0.844024, 1.385772, 1.4249939999999999, 2.006111,
    0.5179020000000001, 1.459876, 0.0, 0.8070170000000001, 0.8153830000000001,
    0.35396, 1.145075, 1.106671, 0.791428, 0.7992870000000001,
    1.4356600000000002, 1.1703, 0.401714, 0.5897279999999999, 0.637423
  ],
  [
    1.194677, 1.2722529999999999, 1.126603, 0.291589, 1.196318, 0.744352,
    0.680449, 0.736445, 1.222146, 0.72096, 1.246528, 0.71837, 1.074491,
    1.263363, 0.641955, 0.641113, 1.1021079999999999, 1.265845, 0.677362,
    0.231783, 0.90261, 1.038233, 1.1326479999999999, 1.181031, 1.705944,
    1.0049890000000001, 1.192573, 0.8070170000000001, 0.0, 1.263486,
    0.8954070000000001, 1.2464300000000001, 1.012162, 0.599723, 1.33002,
    1.182536, 0.917176, 0.9431609999999999, 0.391168, 1.168156
  ],
  [
    1.371693, 2.0155309999999997, 1.926086, 1.447691, 1.939596, 0.823919,
    1.36302, 0.599953, 1.399162, 0.668037, 0.555078, 0.669074, 0.188713,
    0.000155, 1.009334, 0.923258, 0.703274, 2.009123, 0.9478970000000001,
    1.0395050000000001, 1.65505, 0.956033, 1.758734, 1.92431, 2.351958,
    0.295938, 1.862831, 0.8153830000000001, 1.263486, 0.0, 0.817592, 1.370279,
    1.371497, 1.282294, 1.064113, 1.838614, 1.445682, 0.865346, 1.080594,
    0.881378
  ],
  [
    0.718204, 1.317204, 1.4086869999999998, 1.1869960000000002, 1.241269,
    0.606811, 0.960544, 0.35648399999999997, 0.745672, 0.28757499999999997,
    0.47091000000000005, 0.26475, 0.628875, 0.817747, 0.402426, 0.123992,
    0.322688, 1.310797, 0.14863200000000001, 0.663624, 1.102366, 0.984253,
    1.1052449999999998, 1.225983, 1.66968, 0.521654, 1.2093420000000001,
    0.35396, 0.8954070000000001, 0.817592, 0.0, 0.756411, 0.718007, 0.879818,
    0.410623, 1.185125, 0.792193, 0.06608, 0.678118, 0.24875899999999998
  ],
  [
    0.437226, 0.626198, 0.945748, 1.484281, 0.606548, 1.342369, 1.032057,
    1.092042, 0.464694, 1.023134, 0.8152, 1.000309, 1.181562, 1.370434,
    0.469729, 0.435966, 0.666979, 0.669036, 0.411503, 1.014647, 0.639427,
    1.719812, 0.633554, 0.638772, 1.024598, 1.074341, 0.737651, 1.145075,
    1.2464300000000001, 1.370279, 0.756411, 0.0, 0.44657600000000003, 0.951331,
    0.375649, 0.713434, 0.32925299999999996, 0.7849510000000001,
    0.9114650000000001, 0.563788
  ],
  [
    0.228034, 0.767833, 0.71148, 1.250014, 0.691898, 1.233583, 0.79779,
    1.0536379999999999, 0.255503, 0.9847290000000001, 0.816418, 0.961905,
    1.18278, 1.3716510000000002, 0.26053699999999996, 0.357923, 0.668197,
    0.7614249999999999, 0.333461, 0.780379, 0.40516, 1.6834339999999999,
    0.556395, 0.676612, 1.180209, 1.075559, 0.6488780000000001, 1.106671,
    1.012162, 1.371497, 0.718007, 0.44657600000000003, 0.0, 0.717063,
    0.45150999999999997, 0.6362749999999999, 0.117323, 0.7465470000000001,
    0.677197, 0.594268
  ],
  [
    0.899578, 0.9679930000000001, 0.878548, 0.891312, 0.892058, 0.759725,
    0.08072599999999999, 0.751818, 0.9270470000000001, 0.705371, 1.265614,
    0.702781, 1.093577, 1.2824490000000002, 0.608084, 0.607242, 1.086519,
    0.961585, 0.643491, 0.36794, 0.6075119999999999, 1.209576, 0.837549,
    0.876771, 1.4578879999999999, 1.024075, 0.911654, 0.791428, 0.599723,
    1.282294, 0.879818, 0.951331, 0.717063, 0.0, 1.147773, 0.887437, 0.622078,
    0.927572, 0.2017, 1.152567
  ],
  [
    0.45170699999999997, 0.958927, 1.14219, 1.6216089999999999,
    0.9747720000000001, 0.996581, 1.228499, 0.746254, 0.479175, 0.677345,
    0.509034, 0.65452, 0.875396, 1.064267, 0.5064110000000001, 0.227977,
    0.360813, 1.044299, 0.20351499999999997, 1.0982370000000001, 0.835869,
    1.374023, 0.838748, 0.959486, 1.352786, 0.768174, 0.942845,
    0.7992870000000001, 1.33002, 1.064113, 0.410623, 0.375649,
    0.45150999999999997, 1.147773, 0.0, 0.918628, 0.525696, 0.439162, 1.107907,
    0.277661
  ],
  [
    0.81879, 0.146571, 0.360226, 1.367891, 0.07063599999999999, 1.403956,
    0.968163, 1.3960489999999999, 0.8462580000000001, 1.349603, 1.283536,
    1.3470119999999999, 1.649897, 1.838769, 0.851293, 0.869375,
    1.1353140000000002, 0.15613999999999997, 0.844913, 0.9507530000000001,
    0.245544, 1.853808, 0.174608, 0.067677, 0.736681, 1.542676, 0.024217,
    1.4356600000000002, 1.182536, 1.838614, 1.185125, 0.713434,
    0.6362749999999999, 0.887437, 0.918628, 0.0, 0.518952, 1.213664,
    0.8475710000000001, 1.061386
  ],
  [
    0.29983800000000005, 0.672848, 0.616495, 1.155028, 0.596912, 1.138597,
    0.702804, 1.13069, 0.327306, 1.058915, 0.8906040000000001, 1.03609,
    1.2569649999999999, 1.445837, 0.332341, 0.42972699999999997, 0.742382,
    0.66644, 0.405264, 0.6853940000000001, 0.310174, 1.588449, 0.439072,
    0.581626, 1.062886, 1.1497439999999999, 0.543169, 1.1703, 0.917176,
    1.445682, 0.792193, 0.32925299999999996, 0.117323, 0.622078, 0.525696,
    0.518952, 0.0, 0.820732, 0.582211, 0.668453
  ],
  [
    0.746743, 1.3457439999999998, 1.437227, 1.23475, 1.269809,
    0.6545650000000001, 1.008298, 0.404238, 0.774212, 0.335329,
    0.49944900000000003, 0.312504, 0.676629, 0.865501, 0.336346, 0.057912,
    0.35122699999999996, 1.339336, 0.082552, 0.7113780000000001, 1.130906,
    1.0320070000000001, 1.1337840000000001, 1.254522, 1.6982190000000001,
    0.569408, 1.237881, 0.401714, 0.9431609999999999, 0.865346, 0.06608,
    0.7849510000000001, 0.7465470000000001, 0.927572, 0.439162, 1.213664,
    0.820732, 0.0, 0.725872, 0.27729899999999996
  ],
  [
    0.859712, 0.928126, 0.838681, 0.682757, 0.852191, 0.558025, 0.282426,
    0.5501180000000001, 0.887181, 0.503671, 1.063915, 0.501081,
    0.8918769999999999, 1.080749, 0.406384, 0.40554199999999996,
    0.8848189999999999, 0.9217190000000001, 0.441791, 0.159385, 0.567645,
    1.007877, 0.797683, 0.836905, 1.418022, 0.822376, 0.8717870000000001,
    0.5897279999999999, 0.391168, 1.080594, 0.678118, 0.9114650000000001,
    0.677197, 0.2017, 1.107907, 0.8475710000000001, 0.582211, 0.725872, 0.0,
    0.9508669999999999
  ],
  [
    0.594465, 1.193465, 1.2849480000000002, 1.4597449999999998, 1.11753,
    0.8347169999999999, 1.233293, 0.58439, 0.621933, 0.515481,
    0.32630000000000003, 0.49265699999999996, 0.692661, 0.881533, 0.613645,
    0.33521100000000004, 0.17807800000000001, 1.187057, 0.34627199999999997,
    0.936374, 0.9786269999999999, 1.2121600000000001, 0.981506, 1.102244,
    1.5409249999999999, 0.5854400000000001, 1.0856020000000002, 0.637423,
    1.168156, 0.881378, 0.24875899999999998, 0.563788, 0.594268, 1.152567,
    0.277661, 1.061386, 0.668453, 0.27729899999999996, 0.9508669999999999, 0.0
  ]
]
