[
    [
        0.0,
        0.9616950000000001,
        0.8268519999999999,
        0.552098,
        0.420238,
        0.701731,
        0.819506,
        0.41091300000000003,
        0.834997,
        0.71934,
        1.114587,
        1.5438830000000001,
        0.839369,
        0.8468669999999999,
        0.596376,
        0.6291230000000001,
        1.393182,
        1.278772,
        0.899433,
        0.810549,
        2.166111,
        0.837746,
        0.92061,
        0.8915639999999999,
        0.906803,
        0.866467,
        2.1604479999999997,
        0.574219,
        1.165827,
        0.615981,
        0.7564740000000001,
        0.670654,
        0.873925,
        2.188417,
        0.61746,
        0.629127,
        0.5412290000000001,
        1.28381,
        0.737476,
        0.6043,
        1.081741,
        0.496773,
        0.691928,
        1.307318,
        2.726441,
        0.869382,
        0.5392530000000001,
        0.9241079999999999,
        0.792529,
        0.039564999999999996,
        0.5731860000000001,
        0.366685,
        1.445703,
        0.5363559999999999,
        2.1667739999999998,
        0.6060650000000001,
        1.445164,
        0.925153,
        0.8807820000000001
    ],
    [
        0.9616950000000001,
        0.0,
        0.91737,
        0.47933,
        0.6120829999999999,
        0.37775,
        0.7495839999999999,
        1.246648,
        0.6288680000000001,
        1.555075,
        1.152924,
        1.613401,
        0.418385,
        0.856447,
        0.435053,
        0.786601,
        1.361168,
        1.318744,
        0.939406,
        0.406057,
        2.382491,
        1.396771,
        0.960582,
        0.9315370000000001,
        0.9467749999999999,
        0.906439,
        2.376828,
        0.731697,
        1.2058,
        0.7714289999999999,
        0.436465,
        1.5063900000000001,
        0.7872100000000001,
        1.912037,
        0.610414,
        0.733043,
        0.5442039999999999,
        2.050349,
        0.927019,
        0.623574,
        0.57726,
        0.651608,
        0.5282140000000001,
        1.117931,
        1.7647460000000001,
        1.6372719999999998,
        0.54618,
        0.96408,
        0.565308,
        0.92213,
        0.409345,
        0.987429,
        1.506194,
        0.535024,
        2.383154,
        0.761513,
        1.505655,
        1.142923,
        0.792168
    ],
    [
        0.8268519999999999,
        0.91737,
        0.0,
        0.6945,
        0.621745,
        0.8032509999999999,
        0.323441,
        1.193179,
        0.415696,
        1.040192,
        0.328916,
        0.717031,
        0.695485,
        0.348661,
        0.738777,
        0.251671,
        0.8938680000000001,
        0.571067,
        0.26502,
        0.6165689999999999,
        1.7957919999999998,
        0.825554,
        0.275783,
        0.273372,
        0.27238999999999997,
        0.25284,
        1.7901289999999999,
        0.306419,
        0.537837,
        0.260443,
        0.652421,
        1.0025,
        0.37786000000000003,
        1.689103,
        0.416195,
        0.25460900000000003,
        0.694371,
        2.066076,
        0.08937600000000001,
        0.403036,
        1.504383,
        0.379651,
        0.49441199999999996,
        0.8080040000000001,
        2.5266889999999997,
        1.0505730000000002,
        0.692395,
        0.314742,
        0.373228,
        0.866417,
        1.105366,
        1.1935360000000002,
        0.618851,
        0.513343,
        1.796455,
        0.27035899999999996,
        0.618312,
        0.546165,
        0.384716
    ],
    [
        0.552098,
        0.47933,
        0.6945,
        0.0,
        0.13275299999999998,
        0.156485,
        0.5109940000000001,
        0.9184249999999999,
        0.420664,
        1.2711189999999999,
        0.928293,
        1.38877,
        0.287271,
        0.6633519999999999,
        0.044277000000000004,
        0.44282900000000003,
        1.209668,
        1.095258,
        0.715919,
        0.270323,
        2.0422000000000002,
        1.05648,
        0.737096,
        0.70805,
        0.723288,
        0.682952,
        2.036537,
        0.387925,
        0.982313,
        0.432466,
        0.300614,
        1.178167,
        0.551297,
        1.918314,
        0.25810500000000003,
        0.442834,
        0.20537899999999998,
        1.7913219999999999,
        0.60642,
        0.271264,
        0.96512,
        0.313259,
        0.26701400000000003,
        0.882017,
        2.171311,
        1.296981,
        0.203403,
        0.7405940000000001,
        0.37819600000000003,
        0.591663,
        0.568434,
        0.883693,
        1.281563,
        0.167054,
        2.0428640000000002,
        0.422551,
        1.281024,
        0.8026319999999999,
        0.5562549999999999
    ],
    [
        0.420238,
        0.6120829999999999,
        0.621745,
        0.13275299999999998,
        0.0,
        0.282386,
        0.567619,
        0.7974410000000001,
        0.495481,
        1.1058679999999999,
        0.861756,
        1.322233,
        0.420024,
        0.5949800000000001,
        0.17703,
        0.376293,
        1.141296,
        1.026885,
        0.647547,
        0.40307600000000005,
        1.966462,
        0.980742,
        0.668723,
        0.639678,
        0.654916,
        0.61458,
        1.960799,
        0.32138799999999995,
        0.913941,
        0.364094,
        0.35004199999999996,
        1.057182,
        0.622039,
        1.936531,
        0.28682100000000005,
        0.370948,
        0.122563,
        1.6703379999999999,
        0.550044,
        0.27366199999999996,
        1.016336,
        0.244887,
        0.341831,
        0.9568329999999999,
        2.304064,
        1.2212429999999999,
        0.120587,
        0.672221,
        0.453012,
        0.47067899999999996,
        0.5574600000000001,
        0.75094,
        1.215027,
        0.129924,
        1.967125,
        0.354178,
        1.214488,
        0.736095,
        0.628895
    ],
    [
        0.701731,
        0.37775,
        0.8032509999999999,
        0.156485,
        0.282386,
        0.0,
        0.632914,
        1.004985,
        0.5121979999999999,
        1.37987,
        1.037943,
        1.49842,
        0.186845,
        0.739777,
        0.11220699999999999,
        0.5515800000000001,
        1.265401,
        1.20268,
        0.823341,
        0.174517,
        2.150951,
        1.165231,
        0.844518,
        0.815473,
        0.830711,
        0.790375,
        2.145288,
        0.496676,
        1.089736,
        0.5398890000000001,
        0.20492500000000002,
        1.342177,
        0.670541,
        1.816269,
        0.37887400000000004,
        0.5462079999999999,
        0.2226,
        1.808687,
        0.715171,
        0.392034,
        0.808635,
        0.420682,
        0.296674,
        1.001261,
        2.0697310000000004,
        1.405732,
        0.224576,
        0.848016,
        0.466053,
        0.680468,
        0.411949,
        0.7457670000000001,
        1.391213,
        0.303484,
        2.151614,
        0.5299729999999999,
        1.390674,
        0.911383,
        0.6754990000000001
    ],
    [
        0.819506,
        0.7495839999999999,
        0.323441,
        0.5109940000000001,
        0.567619,
        0.632914,
        0.0,
        1.1858330000000001,
        0.245234,
        1.351578,
        0.468944,
        0.947126,
        0.525023,
        0.181558,
        0.555271,
        0.40587799999999996,
        0.7445,
        0.63009,
        0.262839,
        0.457246,
        2.12193,
        1.13694,
        0.271928,
        0.24288200000000001,
        0.270208,
        0.263414,
        2.1162669999999997,
        0.455267,
        0.517145,
        0.356959,
        0.489484,
        1.3138859999999999,
        0.12681399999999998,
        1.5397349999999999,
        0.31577999999999995,
        0.215878,
        0.640246,
        2.05873,
        0.409855,
        0.32893900000000004,
        1.3339210000000001,
        0.322732,
        0.335089,
        0.48045299999999996,
        2.3195279999999996,
        1.3818840000000001,
        0.638269,
        0.275426,
        0.202766,
        0.859071,
        0.934904,
        1.186191,
        0.813893,
        0.449501,
        2.122594,
        0.347043,
        0.813354,
        0.8680950000000001,
        0.13367099999999998
    ],
    [
        0.41091300000000003,
        1.246648,
        1.193179,
        0.9184249999999999,
        0.7974410000000001,
        1.004985,
        1.1858330000000001,
        0.0,
        1.201324,
        0.326534,
        1.480914,
        1.91021,
        1.2056959999999999,
        1.213193,
        0.962703,
        0.9954500000000001,
        1.759509,
        1.6450989999999999,
        1.26576,
        1.176876,
        2.047583,
        0.44494,
        1.286937,
        1.257891,
        1.27313,
        1.2327940000000002,
        2.041921,
        0.9405460000000001,
        1.532154,
        0.982308,
        1.126321,
        0.27784800000000004,
        1.240252,
        2.5547440000000003,
        0.985287,
        0.995454,
        0.907556,
        1.413458,
        1.103803,
        0.972127,
        1.3666939999999999,
        0.8631,
        1.0582550000000002,
        1.673645,
        3.0113939999999997,
        0.476576,
        0.90558,
        1.290435,
        1.1588559999999999,
        0.421002,
        0.858139,
        0.554198,
        1.81203,
        0.902683,
        2.048247,
        0.972392,
        1.811491,
        0.977534,
        1.247109
    ],
    [
        0.834997,
        0.6288680000000001,
        0.415696,
        0.420664,
        0.495481,
        0.5121979999999999,
        0.245234,
        1.201324,
        0.0,
        1.36707,
        0.651251,
        1.111728,
        0.406983,
        0.354774,
        0.464942,
        0.42136900000000005,
        0.9314819999999999,
        0.817071,
        0.437732,
        0.334829,
        2.135945,
        1.152431,
        0.458909,
        0.42986399999999997,
        0.445102,
        0.404766,
        2.130283,
        0.47075900000000004,
        0.704127,
        0.37245100000000003,
        0.370681,
        1.329377,
        0.285537,
        1.7067940000000001,
        0.22544999999999998,
        0.23137,
        0.584898,
        2.0742220000000002,
        0.425346,
        0.23861000000000002,
        1.2158820000000001,
        0.33822399999999997,
        0.24475999999999998,
        0.6162569999999999,
        2.238188,
        1.3907260000000001,
        0.582922,
        0.46240699999999996,
        0.072557,
        0.8745620000000001,
        0.8168650000000001,
        1.201682,
        1.004521,
        0.365557,
        2.136609,
        0.36253500000000005,
        1.003982,
        0.883587,
        0.290495
    ],
    [
        0.71934,
        1.555075,
        1.040192,
        1.2711189999999999,
        1.1058679999999999,
        1.37987,
        1.351578,
        0.326534,
        1.36707,
        0.0,
        1.369109,
        1.757223,
        1.41935,
        1.3789390000000001,
        1.315396,
        0.9841449999999999,
        1.9252550000000002,
        1.602301,
        1.293849,
        1.349137,
        1.737636,
        0.214639,
        1.307017,
        1.3022,
        1.301218,
        1.2816690000000002,
        1.731974,
        1.038894,
        1.5690709999999999,
        0.994619,
        1.29651,
        0.061497,
        1.4059970000000002,
        2.72049,
        1.1554760000000002,
        1.135039,
        1.215984,
        1.721886,
        0.950816,
        1.142316,
        1.675122,
        1.03329,
        1.230502,
        1.83939,
        3.303391,
        0.166629,
        1.214008,
        1.345976,
        1.323069,
        0.7294299999999999,
        1.166567,
        0.862625,
        1.6590429999999998,
        1.0869000000000002,
        1.7383,
        1.004535,
        1.658504,
        0.76132,
        1.412854
    ],
    [
        1.114587,
        1.152924,
        0.328916,
        0.928293,
        0.861756,
        1.037943,
        0.468944,
        1.480914,
        0.651251,
        1.369109,
        0.0,
        0.478158,
        0.93425,
        0.296539,
        0.9769249999999999,
        0.483782,
        0.613049,
        0.289128,
        0.41514999999999996,
        0.866719,
        1.7530940000000002,
        1.15447,
        0.185048,
        0.330256,
        0.422892,
        0.350416,
        1.747431,
        0.538531,
        0.242028,
        0.494316,
        0.9029429999999999,
        1.331416,
        0.533987,
        1.408285,
        0.655934,
        0.512534,
        0.936902,
        2.3568510000000003,
        0.418292,
        0.642774,
        1.7431489999999998,
        0.619389,
        0.744934,
        0.5271849999999999,
        2.406127,
        1.379489,
        0.934926,
        0.191577,
        0.611993,
        1.1557270000000002,
        1.344503,
        1.483219,
        0.39545800000000003,
        0.746158,
        1.753757,
        0.504232,
        0.39491899999999996,
        0.875081,
        0.5408440000000001
    ],
    [
        1.5438830000000001,
        1.613401,
        0.717031,
        1.38877,
        1.322233,
        1.49842,
        0.947126,
        1.91021,
        1.111728,
        1.757223,
        0.478158,
        0.0,
        1.3979780000000002,
        0.780397,
        1.442776,
        0.955669,
        0.451178,
        0.427544,
        0.8870370000000001,
        1.330447,
        2.05538,
        1.5482609999999999,
        0.65928,
        0.7921480000000001,
        0.8944070000000001,
        0.8126789999999999,
        2.0497170000000002,
        1.010418,
        0.547508,
        0.9662029999999999,
        1.366299,
        1.7252070000000002,
        0.997861,
        1.231228,
        1.121955,
        0.960368,
        1.398369,
        2.788783,
        0.812083,
        1.108795,
        2.2068760000000003,
        1.0831169999999999,
        1.2082899999999999,
        0.695528,
        2.5815590000000004,
        1.77328,
        1.396393,
        0.6575080000000001,
        1.075721,
        1.589124,
        1.8078589999999999,
        1.9162439999999998,
        0.215218,
        1.2173420000000001,
        2.0560430000000003,
        0.976118,
        0.215871,
        1.225028,
        1.004718
    ],
    [
        0.839369,
        0.418385,
        0.695485,
        0.287271,
        0.420024,
        0.186845,
        0.525023,
        1.2056959999999999,
        0.406983,
        1.41935,
        0.93425,
        1.3979780000000002,
        0.0,
        0.634562,
        0.242993,
        0.583221,
        1.1502439999999998,
        1.09686,
        0.717521,
        0.199398,
        2.1911590000000003,
        1.204711,
        0.738698,
        0.7096520000000001,
        0.72489,
        0.684554,
        2.185496,
        0.528317,
        0.983915,
        0.5689249999999999,
        0.229689,
        1.381657,
        0.565326,
        1.701113,
        0.403755,
        0.511158,
        0.382903,
        1.956462,
        0.705135,
        0.41691500000000004,
        0.972514,
        0.448227,
        0.321555,
        0.896046,
        2.076184,
        1.445212,
        0.384879,
        0.7421960000000001,
        0.35089600000000004,
        0.8282419999999999,
        0.5734969999999999,
        0.893541,
        1.284309,
        0.34296499999999996,
        2.191822,
        0.55901,
        1.28377,
        0.951591,
        0.570284
    ],
    [
        0.8468669999999999,
        0.856447,
        0.348661,
        0.6633519999999999,
        0.5949800000000001,
        0.739777,
        0.181558,
        1.213193,
        0.354774,
        1.3789390000000001,
        0.296539,
        0.780397,
        0.634562,
        0.0,
        0.70763,
        0.433238,
        0.5735589999999999,
        0.459149,
        0.288059,
        0.566785,
        1.955935,
        1.1643,
        0.10433400000000001,
        0.075289,
        0.295429,
        0.09581999999999999,
        1.950272,
        0.482628,
        0.346204,
        0.38432,
        0.599023,
        1.3412460000000002,
        0.24821100000000001,
        1.368794,
        0.425319,
        0.243239,
        0.667606,
        2.0860909999999997,
        0.43721499999999996,
        0.37347800000000003,
        1.443461,
        0.35009300000000004,
        0.44462799999999997,
        0.450122,
        2.2965079999999998,
        1.4092449999999999,
        0.6656299999999999,
        0.107832,
        0.312305,
        0.8864310000000001,
        1.044443,
        1.2135509999999998,
        0.646299,
        0.476862,
        1.956598,
        0.374404,
        0.64576,
        0.895456,
        0.255068
    ],
    [
        0.596376,
        0.435053,
        0.738777,
        0.044277000000000004,
        0.17703,
        0.11220699999999999,
        0.555271,
        0.962703,
        0.464942,
        1.315396,
        0.9769249999999999,
        1.442776,
        0.242993,
        0.70763,
        0.0,
        0.487107,
        1.2539449999999999,
        1.1395350000000002,
        0.760196,
        0.226045,
        2.086478,
        1.1007580000000001,
        0.7813730000000001,
        0.752328,
        0.7675660000000001,
        0.72723,
        2.080815,
        0.43220299999999995,
        1.02659,
        0.476744,
        0.256336,
        1.2224439999999999,
        0.5955739999999999,
        1.874036,
        0.302382,
        0.487111,
        0.24965700000000002,
        1.8356,
        0.650698,
        0.315542,
        0.920843,
        0.357537,
        0.348202,
        0.926294,
        2.127034,
        1.341259,
        0.24768,
        0.784871,
        0.422473,
        0.6359400000000001,
        0.524156,
        0.804628,
        1.3258409999999998,
        0.211331,
        2.087141,
        0.46682799999999997,
        1.325302,
        0.8469099999999999,
        0.6005320000000001
    ],
    [
        0.6291230000000001,
        0.786601,
        0.251671,
        0.44282900000000003,
        0.376293,
        0.5515800000000001,
        0.40587799999999996,
        0.9954500000000001,
        0.42136900000000005,
        0.9841449999999999,
        0.483782,
        0.955669,
        0.583221,
        0.433238,
        0.487107,
        0.0,
        0.9795539999999999,
        0.670867,
        0.36241500000000004,
        0.409028,
        1.754497,
        0.7695069999999999,
        0.375583,
        0.37076600000000004,
        0.369784,
        0.350235,
        1.7488350000000001,
        0.054749,
        0.6376369999999999,
        0.048919,
        0.458206,
        0.946453,
        0.460297,
        1.774789,
        0.204671,
        0.189339,
        0.4427,
        1.868348,
        0.16359100000000001,
        0.191511,
        1.3372490000000001,
        0.168126,
        0.286871,
        0.8936900000000001,
        2.475101,
        1.0092780000000001,
        0.440724,
        0.414543,
        0.37889999999999996,
        0.668688,
        0.938231,
        0.995808,
        0.8387340000000001,
        0.261672,
        1.755161,
        0.058834000000000004,
        0.838195,
        0.500663,
        0.46715300000000004
    ],
    [
        1.393182,
        1.361168,
        0.8938680000000001,
        1.209668,
        1.141296,
        1.265401,
        0.7445,
        1.759509,
        0.9314819999999999,
        1.9252550000000002,
        0.613049,
        0.451178,
        1.1502439999999998,
        0.5735589999999999,
        1.2539449999999999,
        0.9795539999999999,
        0.0,
        0.320276,
        0.836515,
        1.143739,
        2.353763,
        1.710616,
        0.6224959999999999,
        0.621604,
        0.843885,
        0.6421359999999999,
        2.3481,
        1.028943,
        0.370952,
        0.930635,
        1.1795909999999998,
        1.887562,
        0.8110069999999999,
        0.814133,
        0.9329529999999999,
        0.789554,
        1.213922,
        2.632406,
        0.9835309999999999,
        0.919794,
        1.886757,
        0.896409,
        1.021582,
        0.380964,
        2.123156,
        1.9555609999999999,
        1.211946,
        0.5839500000000001,
        0.889013,
        1.432747,
        1.549165,
        1.759867,
        0.549621,
        1.023178,
        2.354426,
        0.9207190000000001,
        0.550273,
        1.4417719999999998,
        0.817864
    ],
    [
        1.278772,
        1.318744,
        0.571067,
        1.095258,
        1.026885,
        1.20268,
        0.63009,
        1.6450989999999999,
        0.817071,
        1.602301,
        0.289128,
        0.427544,
        1.09686,
        0.459149,
        1.1395350000000002,
        0.670867,
        0.320276,
        0.0,
        0.602236,
        1.029329,
        1.99221,
        1.387057,
        0.372133,
        0.507194,
        0.6096050000000001,
        0.527726,
        1.986547,
        0.725616,
        0.198682,
        0.6814009999999999,
        1.065181,
        1.564003,
        0.696597,
        1.100326,
        0.818543,
        0.675144,
        1.099512,
        2.517996,
        0.660443,
        0.805384,
        1.8389490000000002,
        0.7819980000000001,
        0.895787,
        0.267984,
        2.396443,
        1.627558,
        1.0975350000000001,
        0.37599400000000005,
        0.7746029999999999,
        1.318337,
        1.439932,
        1.6454559999999998,
        0.422402,
        0.9091090000000001,
        1.9928730000000001,
        0.691317,
        0.423055,
        1.118819,
        0.703453
    ],
    [
        0.899433,
        0.939406,
        0.26502,
        0.715919,
        0.647547,
        0.823341,
        0.262839,
        1.26576,
        0.437732,
        1.293849,
        0.41514999999999996,
        0.8870370000000001,
        0.717521,
        0.288059,
        0.760196,
        0.36241500000000004,
        0.836515,
        0.602236,
        0.0,
        0.64999,
        2.064324,
        1.0786040000000001,
        0.248262,
        0.21277000000000001,
        0.00737,
        0.192239,
        2.058662,
        0.417164,
        0.569006,
        0.372948,
        0.685842,
        1.25555,
        0.317258,
        1.62961,
        0.439204,
        0.295805,
        0.720173,
        2.1386570000000003,
        0.354396,
        0.426045,
        1.5264190000000002,
        0.40266,
        0.527833,
        0.7381810000000001,
        2.5487260000000003,
        1.319105,
        0.718197,
        0.251651,
        0.395264,
        0.938998,
        1.127402,
        1.2661179999999999,
        0.770102,
        0.52977,
        2.064988,
        0.382864,
        0.769563,
        0.810366,
        0.324115
    ],
    [
        0.810549,
        0.406057,
        0.6165689999999999,
        0.270323,
        0.40307600000000005,
        0.174517,
        0.457246,
        1.176876,
        0.334829,
        1.349137,
        0.866719,
        1.330447,
        0.199398,
        0.566785,
        0.226045,
        0.409028,
        1.143739,
        1.029329,
        0.64999,
        0.0,
        2.1192330000000004,
        1.133513,
        0.6711670000000001,
        0.6421209999999999,
        0.657359,
        0.617023,
        2.11357,
        0.45639100000000005,
        0.916384,
        0.36010899999999996,
        0.11375400000000001,
        1.310459,
        0.49754899999999996,
        1.698985,
        0.204357,
        0.419688,
        0.365955,
        1.944134,
        0.534173,
        0.217517,
        0.960186,
        0.376301,
        0.122157,
        0.828269,
        2.073744,
        1.3740139999999998,
        0.367931,
        0.674665,
        0.29236,
        0.849616,
        0.561168,
        0.8812129999999999,
        1.205393,
        0.273207,
        2.1198960000000002,
        0.350193,
        1.204854,
        0.8796649999999999,
        0.502507
    ],
    [
        2.166111,
        2.382491,
        1.7957919999999998,
        2.0422000000000002,
        1.966462,
        2.150951,
        2.12193,
        2.047583,
        2.135945,
        1.737636,
        1.7530940000000002,
        2.05538,
        2.1911590000000003,
        1.955935,
        2.086478,
        1.754497,
        2.353763,
        1.99221,
        2.064324,
        2.1192330000000004,
        0.0,
        1.761573,
        1.861876,
        1.9947439999999999,
        2.0749969999999998,
        2.015275,
        0.033804,
        1.808669,
        1.989606,
        1.764393,
        2.0675909999999997,
        1.782546,
        2.175772,
        3.1581390000000003,
        1.926557,
        1.904813,
        2.042071,
        3.442934,
        1.707286,
        1.913397,
        2.9366190000000003,
        1.8043710000000002,
        2.001583,
        2.277041,
        4.074472,
        1.571007,
        2.040095,
        1.900835,
        2.092844,
        2.204602,
        2.5376019999999997,
        2.583674,
        1.934118,
        1.857982,
        0.040130000000000006,
        1.774309,
        1.933579,
        1.318699,
        2.1826280000000002
    ],
    [
        0.837746,
        1.396771,
        0.825554,
        1.05648,
        0.980742,
        1.165231,
        1.13694,
        0.44494,
        1.152431,
        0.214639,
        1.15447,
        1.5482609999999999,
        1.204711,
        1.1643,
        1.1007580000000001,
        0.7695069999999999,
        1.710616,
        1.387057,
        1.0786040000000001,
        1.133513,
        1.761573,
        0.0,
        1.092379,
        1.087562,
        1.0865799999999999,
        1.06703,
        1.763509,
        0.824256,
        1.354433,
        0.779981,
        1.081871,
        0.176946,
        1.1913589999999998,
        2.5058510000000003,
        0.940837,
        0.9204009999999999,
        1.056351,
        1.840291,
        0.736178,
        0.927677,
        1.793527,
        0.8186509999999999,
        1.015863,
        1.624752,
        3.088752,
        0.364681,
        1.054375,
        1.131338,
        1.108431,
        0.847835,
        1.284972,
        0.981031,
        1.444405,
        0.872262,
        1.769835,
        0.7898959999999999,
        1.443866,
        0.532594,
        1.1982149999999998
    ],
    [
        0.92061,
        0.960582,
        0.275783,
        0.737096,
        0.668723,
        0.844518,
        0.271928,
        1.286937,
        0.458909,
        1.307017,
        0.185048,
        0.65928,
        0.738698,
        0.10433400000000001,
        0.7813730000000001,
        0.375583,
        0.6224959999999999,
        0.372133,
        0.248262,
        0.6711670000000001,
        1.861876,
        1.092379,
        0.0,
        0.13286799999999999,
        0.255632,
        0.153399,
        1.845938,
        0.430332,
        0.32572500000000004,
        0.38611700000000004,
        0.707019,
        1.2687190000000002,
        0.338581,
        1.417731,
        0.460381,
        0.31698200000000004,
        0.7413500000000001,
        2.159834,
        0.36515800000000004,
        0.44722199999999995,
        1.547596,
        0.423836,
        0.54901,
        0.528981,
        2.384183,
        1.332274,
        0.7393730000000001,
        0.038959,
        0.41644099999999995,
        0.960175,
        1.148579,
        1.287295,
        0.5423450000000001,
        0.550605,
        1.852264,
        0.396033,
        0.541806,
        0.823534,
        0.345437
    ],
    [
        0.8915639999999999,
        0.9315370000000001,
        0.273372,
        0.70805,
        0.639678,
        0.815473,
        0.24288200000000001,
        1.257891,
        0.42986399999999997,
        1.3022,
        0.330256,
        0.7921480000000001,
        0.7096520000000001,
        0.075289,
        0.752328,
        0.37076600000000004,
        0.621604,
        0.507194,
        0.21277000000000001,
        0.6421209999999999,
        1.9947439999999999,
        1.087562,
        0.13286799999999999,
        0.0,
        0.22013999999999997,
        0.020530999999999997,
        1.9788050000000001,
        0.425515,
        0.39425,
        0.38130000000000003,
        0.6779729999999999,
        1.263902,
        0.309535,
        1.4168399999999999,
        0.431336,
        0.28793599999999997,
        0.7123039999999999,
        2.130789,
        0.362748,
        0.418176,
        1.518551,
        0.394791,
        0.508579,
        0.525411,
        2.371797,
        1.327457,
        0.710328,
        0.13636600000000001,
        0.387395,
        0.931129,
        1.119534,
        1.258249,
        0.674833,
        0.521901,
        1.985131,
        0.419102,
        0.674294,
        0.818718,
        0.316392
    ],
    [
        0.906803,
        0.9467749999999999,
        0.27238999999999997,
        0.723288,
        0.654916,
        0.830711,
        0.270208,
        1.27313,
        0.445102,
        1.301218,
        0.422892,
        0.8944070000000001,
        0.72489,
        0.295429,
        0.7675660000000001,
        0.369784,
        0.843885,
        0.6096050000000001,
        0.00737,
        0.657359,
        2.0749969999999998,
        1.0865799999999999,
        0.255632,
        0.22013999999999997,
        0.0,
        0.199608,
        2.0660309999999997,
        0.424533,
        0.576375,
        0.380318,
        0.6932119999999999,
        1.26292,
        0.32462799999999997,
        1.636979,
        0.446574,
        0.30317500000000003,
        0.727542,
        2.146027,
        0.36176600000000003,
        0.43341399999999997,
        1.533789,
        0.410029,
        0.535203,
        0.7455510000000001,
        2.556095,
        1.3264749999999998,
        0.725566,
        0.259021,
        0.40263299999999996,
        0.9463680000000001,
        1.134772,
        1.273487,
        0.7774719999999999,
        0.53714,
        2.072357,
        0.39023399999999997,
        0.776933,
        0.817736,
        0.331484
    ],
    [
        0.866467,
        0.906439,
        0.25284,
        0.682952,
        0.61458,
        0.790375,
        0.263414,
        1.2327940000000002,
        0.404766,
        1.2816690000000002,
        0.350416,
        0.8126789999999999,
        0.684554,
        0.09581999999999999,
        0.72723,
        0.350235,
        0.6421359999999999,
        0.527726,
        0.192239,
        0.617023,
        2.015275,
        1.06703,
        0.153399,
        0.020530999999999997,
        0.199608,
        0.0,
        2.046482,
        0.40498399999999996,
        0.414781,
        0.360769,
        0.652876,
        1.2433699999999999,
        0.284292,
        1.4373710000000002,
        0.406238,
        0.262839,
        0.687206,
        2.1056909999999998,
        0.342216,
        0.393078,
        1.493453,
        0.369693,
        0.483482,
        0.545943,
        2.392329,
        1.306925,
        0.68523,
        0.15689699999999998,
        0.36229700000000004,
        0.9060320000000001,
        1.094436,
        1.233151,
        0.695364,
        0.49680399999999997,
        2.052808,
        0.370684,
        0.694825,
        0.7981860000000001,
        0.291148
    ],
    [
        2.1604479999999997,
        2.376828,
        1.7901289999999999,
        2.036537,
        1.960799,
        2.145288,
        2.1162669999999997,
        2.041921,
        2.130283,
        1.731974,
        1.747431,
        2.0497170000000002,
        2.185496,
        1.950272,
        2.080815,
        1.7488350000000001,
        2.3481,
        1.986547,
        2.058662,
        2.11357,
        0.033804,
        1.763509,
        1.845938,
        1.9788050000000001,
        2.0660309999999997,
        2.046482,
        0.0,
        1.803006,
        1.983943,
        1.758731,
        2.061928,
        1.776883,
        2.170109,
        3.1524769999999998,
        1.920895,
        1.899151,
        2.0364079999999998,
        3.437271,
        1.701623,
        1.907735,
        2.930957,
        1.798708,
        1.995921,
        2.2713780000000003,
        4.06881,
        1.565344,
        2.034432,
        1.895173,
        2.087181,
        2.19894,
        2.531939,
        2.578012,
        1.928455,
        1.852319,
        0.006326,
        1.7686469999999999,
        1.927916,
        1.313036,
        2.1769659999999997
    ],
    [
        0.574219,
        0.731697,
        0.306419,
        0.387925,
        0.32138799999999995,
        0.496676,
        0.455267,
        0.9405460000000001,
        0.47075900000000004,
        1.038894,
        0.538531,
        1.010418,
        0.528317,
        0.482628,
        0.43220299999999995,
        0.054749,
        1.028943,
        0.725616,
        0.417164,
        0.45639100000000005,
        1.808669,
        0.824256,
        0.430332,
        0.425515,
        0.424533,
        0.40498399999999996,
        1.803006,
        0.0,
        0.692386,
        0.10366800000000001,
        0.403302,
        1.001202,
        0.507291,
        1.821783,
        0.263799,
        0.236994,
        0.387796,
        1.813443,
        0.21834,
        0.250639,
        1.2823440000000002,
        0.132535,
        0.338267,
        0.940684,
        2.420197,
        1.064027,
        0.38582,
        0.469292,
        0.42589499999999997,
        0.613784,
        0.883327,
        0.940904,
        0.8934829999999999,
        0.206768,
        1.8099100000000001,
        0.113583,
        0.892944,
        0.555412,
        0.514148
    ],
    [
        1.165827,
        1.2058,
        0.537837,
        0.982313,
        0.913941,
        1.089736,
        0.517145,
        1.532154,
        0.704127,
        1.5690709999999999,
        0.242028,
        0.547508,
        0.983915,
        0.346204,
        1.02659,
        0.6376369999999999,
        0.370952,
        0.198682,
        0.569006,
        0.916384,
        1.989606,
        1.354433,
        0.32572500000000004,
        0.39425,
        0.576375,
        0.414781,
        1.983943,
        0.692386,
        0.0,
        0.634301,
        0.952236,
        1.516902,
        0.5836520000000001,
        1.166188,
        0.7055990000000001,
        0.562199,
        0.986567,
        2.405052,
        0.6133419999999999,
        0.6924389999999999,
        1.7928140000000001,
        0.6690539999999999,
        0.782842,
        0.30285700000000004,
        2.416417,
        1.580457,
        0.984591,
        0.31395,
        0.661658,
        1.205392,
        1.393796,
        1.5325119999999999,
        0.45913299999999996,
        0.796164,
        1.98085,
        0.644216,
        0.458594,
        1.0717180000000002,
        0.5905090000000001
    ],
    [
        0.615981,
        0.7714289999999999,
        0.260443,
        0.432466,
        0.364094,
        0.5398890000000001,
        0.356959,
        0.982308,
        0.37245100000000003,
        0.994619,
        0.494316,
        0.9662029999999999,
        0.5689249999999999,
        0.38432,
        0.476744,
        0.048919,
        0.930635,
        0.6814009999999999,
        0.372948,
        0.36010899999999996,
        1.764393,
        0.779981,
        0.38611700000000004,
        0.38130000000000003,
        0.380318,
        0.360769,
        1.758731,
        0.10366800000000001,
        0.634301,
        0.0,
        0.44242000000000004,
        0.956927,
        0.41137799999999997,
        1.7258699999999998,
        0.155752,
        0.14042,
        0.43672000000000005,
        1.855205,
        0.174064,
        0.14259200000000002,
        1.325557,
        0.119207,
        0.237952,
        0.8447709999999999,
        2.4634099999999997,
        1.019752,
        0.434744,
        0.425076,
        0.32998200000000005,
        0.6555460000000001,
        0.9265399999999999,
        0.982665,
        0.849268,
        0.245976,
        1.765635,
        0.009916000000000001,
        0.8487290000000001,
        0.511137,
        0.418235
    ],
    [
        0.7564740000000001,
        0.436465,
        0.652421,
        0.300614,
        0.35004199999999996,
        0.20492500000000002,
        0.489484,
        1.126321,
        0.370681,
        1.29651,
        0.9029429999999999,
        1.366299,
        0.229689,
        0.599023,
        0.256336,
        0.458206,
        1.1795909999999998,
        1.065181,
        0.685842,
        0.11375400000000001,
        2.0675909999999997,
        1.081871,
        0.707019,
        0.6779729999999999,
        0.6932119999999999,
        0.652876,
        2.061928,
        0.403302,
        0.952236,
        0.44242000000000004,
        0.0,
        1.258817,
        0.529787,
        1.81274,
        0.240131,
        0.449274,
        0.396246,
        1.9992180000000002,
        0.621797,
        0.25329,
        0.990593,
        0.32321300000000003,
        0.15793000000000001,
        0.8605069999999999,
        2.128446,
        1.322372,
        0.39822199999999996,
        0.705893,
        0.328212,
        0.799558,
        0.591576,
        0.911621,
        1.248007,
        0.220118,
        2.068254,
        0.433995,
        1.247468,
        0.8280230000000001,
        0.534745
    ],
    [
        0.670654,
        1.5063900000000001,
        1.0025,
        1.178167,
        1.057182,
        1.342177,
        1.3138859999999999,
        0.27784800000000004,
        1.329377,
        0.061497,
        1.331416,
        1.7252070000000002,
        1.381657,
        1.3412460000000002,
        1.2224439999999999,
        0.946453,
        1.887562,
        1.564003,
        1.25555,
        1.310459,
        1.782546,
        0.176946,
        1.2687190000000002,
        1.263902,
        1.26292,
        1.2433699999999999,
        1.776883,
        1.001202,
        1.516902,
        0.956927,
        1.258817,
        0.0,
        1.370002,
        2.684804,
        1.11948,
        1.099043,
        1.167298,
        1.6732,
        0.91513,
        1.10632,
        1.626436,
        0.997294,
        1.194506,
        1.803395,
        3.267395,
        0.21153899999999998,
        1.165322,
        1.309981,
        1.2870730000000001,
        0.680744,
        1.1178810000000001,
        0.8139400000000001,
        1.623357,
        1.050904,
        1.783209,
        0.968539,
        1.622818,
        0.711237,
        1.376858
    ],
    [
        0.873925,
        0.7872100000000001,
        0.37786000000000003,
        0.551297,
        0.622039,
        0.670541,
        0.12681399999999998,
        1.240252,
        0.285537,
        1.4059970000000002,
        0.533987,
        0.997861,
        0.565326,
        0.24821100000000001,
        0.5955739999999999,
        0.460297,
        0.8110069999999999,
        0.696597,
        0.317258,
        0.49754899999999996,
        2.175772,
        1.1913589999999998,
        0.338581,
        0.309535,
        0.32462799999999997,
        0.284292,
        2.170109,
        0.507291,
        0.5836520000000001,
        0.41137799999999997,
        0.529787,
        1.370002,
        0.0,
        1.606242,
        0.35608300000000004,
        0.270297,
        0.694665,
        2.113149,
        0.464274,
        0.369242,
        1.374224,
        0.377152,
        0.375392,
