[
    [
        0.0,
        1.125221,
        1.199522,
        2.450703,
        2.4486909999999997,
        1.207498,
        2.168105,
        0.29812900000000003,
        1.756337,
        1.2316369999999999,
        1.5844280000000002,
        0.479524,
        0.899923,
        1.077075,
        0.877094,
        1.1311410000000002,
        1.603508,
        1.2459639999999998,
        1.651842,
        0.376308
    ],
    [
        1.125221,
        0.0,
        0.38133,
        1.728751,
        1.4910150000000002,
        0.375359,
        1.389536,
        0.96761,
        0.977769,
        1.4566780000000001,
        0.830202,
        1.149005,
        1.925545,
        0.441584,
        0.574495,
        0.09661700000000001,
        0.56656,
        0.610465,
        1.35103,
        1.100419
    ],
    [
        1.199522,
        0.38133,
        0.0,
        1.823843,
        1.3994010000000001,
        0.179037,
        1.6095760000000001,
        1.030162,
        1.165182,
        1.397779,
        1.2222760000000001,
        1.211557,
        1.988097,
        0.767632,
        0.515596,
        0.456061,
        0.573247,
        0.969641,
        1.078127,
        1.162971
    ],
    [
        2.450703,
        1.728751,
        1.823843,
        0.0,
        1.968248,
        1.943933,
        0.697996,
        2.335831,
        0.694366,
        3.086364,
        1.114692,
        2.383003,
        3.034683,
        1.450423,
        2.188101,
        1.538876,
        1.715962,
        1.377432,
        3.1669389999999997,
        2.344481
    ],
    [
        2.4486909999999997,
        1.4910150000000002,
        1.3994010000000001,
        1.968248,
        0.0,
        1.400148,
        2.0668580000000003,
        2.291081,
        1.643422,
        2.5285279999999997,
        2.073201,
        2.472476,
        3.249016,
        2.1391199999999997,
        1.8099480000000001,
        1.6684469999999998,
        1.036953,
        2.1055740000000003,
        1.9139629999999999,
        2.4238899999999997
    ],
    [
        1.207498,
        0.375359,
        0.179037,
        1.943933,
        1.400148,
        0.0,
        1.614843,
        1.049888,
        1.170449,
        1.538956,
        1.242002,
        1.231283,
        2.007823,
        0.787358,
        0.656773,
        0.465408,
        0.578514,
        0.989367,
        1.1023589999999999,
        1.1826969999999999
    ],
    [
        2.168105,
        1.389536,
        1.6095760000000001,
        0.697996,
        2.0668580000000003,
        1.614843,
        0.0,
        2.050767,
        0.453381,
        2.870215,
        0.8296290000000001,
        2.09794,
        2.7496199999999997,
        1.16536,
        1.971953,
        1.322727,
        1.499814,
        1.092369,
        2.950791,
        2.059418
    ],
    [
        0.29812900000000003,
        0.96761,
        1.030162,
        2.335831,
        2.291081,
        1.049888,
        2.050767,
        0.0,
        1.582722,
        1.441758,
        1.357446,
        0.239179,
        0.922927,
        0.90346,
        1.1297380000000001,
        0.97353,
        1.445898,
        1.008731,
        1.904485,
        0.19059299999999998
    ],
    [
        1.756337,
        0.977769,
        1.165182,
        0.694366,
        1.643422,
        1.170449,
        0.453381,
        1.582722,
        0.0,
        2.446779,
        0.512543,
        1.780855,
        2.432534,
        0.848275,
        1.548516,
        0.8992910000000001,
        1.0763779999999998,
        0.775284,
        2.527355,
        1.7423330000000001
    ],
    [
        1.2316369999999999,
        1.4566780000000001,
        1.397779,
        3.086364,
        2.5285279999999997,
        1.538956,
        2.870215,
        1.441758,
        2.446779,
        0.0,
        2.226698,
        1.764999,
        1.74167,
        1.6574069999999999,
        0.90618,
        1.5314079999999999,
        1.934966,
        1.888234,
        0.73665,
        1.539925
    ],
    [
        1.5844280000000002,
        0.830202,
        1.2222760000000001,
        1.114692,
        2.073201,
        1.242002,
        0.8296290000000001,
        1.357446,
        0.512543,
        2.226698,
        0.0,
        1.376414,
        2.028094,
        0.45464299999999996,
        1.382811,
        0.733585,
        1.171978,
        0.37794900000000003,
        2.3830210000000003,
        1.337893
    ],
    [
        0.479524,
        1.149005,
        1.211557,
        2.383003,
        2.472476,
        1.231283,
        2.09794,
        0.239179,
        1.780855,
        1.764999,
        1.376414,
        0.0,
        0.695902,
        1.0931549999999999,
        1.214729,
        1.154925,
        1.592277,
        1.198426,
        2.131366,
        0.34756099999999995
    ],
    [
        0.899923,
        1.925545,
        1.988097,
        3.034683,
        3.249016,
        2.007823,
        2.7496199999999997,
        0.922927,
        2.432534,
        1.74167,
        2.028094,
        0.695902,
        0.0,
        1.764336,
        1.698318,
        1.826107,
        2.298474,
        1.869607,
        2.398236,
        1.080996
    ],
    [
        1.077075,
        0.441584,
        0.767632,
        1.450423,
        2.1391199999999997,
        0.787358,
        1.16536,
        0.90346,
        0.848275,
        1.6574069999999999,
        0.45464299999999996,
        1.0931549999999999,
        1.764336,
        0.0,
        1.068301,
        0.349293,
        0.810404,
        0.242935,
        1.844195,
        1.0244929999999999
    ],
    [
        0.877094,
        0.574495,
        0.515596,
        2.188101,
        1.8099480000000001,
        0.656773,
        1.971953,
        1.1297380000000001,
        1.548516,
        0.90618,
        1.382811,
        1.214729,
        1.698318,
        1.068301,
        0.0,
        0.649225,
        1.0527829999999998,
        1.3097059999999998,
        0.8469829999999999,
        1.2358989999999999
    ],
    [
        1.1311410000000002,
        0.09661700000000001,
        0.456061,
        1.538876,
        1.6684469999999998,
        0.465408,
        1.322727,
        0.97353,
        0.8992910000000001,
        1.5314079999999999,
        0.733585,
        1.154925,
        1.826107,
        0.349293,
        0.649225,
        0.0,
        0.50954,
        0.513848,
        1.42576,
        1.1063399999999999
    ],
    [
        1.603508,
        0.56656,
        0.573247,
        1.715962,
        1.036953,
        0.578514,
        1.499814,
        1.445898,
        1.0763779999999998,
        1.934966,
        1.171978,
        1.592277,
        2.298474,
        0.810404,
        1.0527829999999998,
        0.50954,
        0.0,
        0.9485159999999999,
        1.611482,
        1.6590719999999999
    ],
    [
        1.2459639999999998,
        0.610465,
        0.969641,
        1.377432,
        2.1055740000000003,
        0.989367,
        1.092369,
        1.008731,
        0.775284,
        1.888234,
        0.37794900000000003,
        1.198426,
        1.869607,
        0.242935,
        1.3097059999999998,
        0.513848,
        0.9485159999999999,
        0.0,
        2.1239850000000002,
        1.140015
    ],
    [
        1.651842,
        1.35103,
        1.078127,
        3.1669389999999997,
        1.9139629999999999,
        1.1023589999999999,
        2.950791,
        1.904485,
        2.527355,
        0.73665,
        2.3830210000000003,
        2.131366,
        2.398236,
        1.844195,
        0.8469829999999999,
        1.42576,
        1.611482,
        2.1239850000000002,
        0.0,
        2.010594
    ],
    [
        0.376308,
        1.100419,
        1.162971,
        2.344481,
        2.4238899999999997,
        1.1826969999999999,
        2.059418,
        0.19059299999999998,
        1.7423330000000001,
        1.539925,
        1.337893,
        0.34756099999999995,
        1.080996,
        1.0244929999999999,
        1.2358989999999999,
        1.1063399999999999,
        1.6590719999999999,
        1.140015,
        2.010594,
        0.0
    ]
]