[
    [
        0.0,
        1.178664,
        1.668297,
        2.621388,
        2.35182,
        1.382808,
        0.770792,
        1.4585270000000001,
        2.6429229999999997,
        1.0125309999999998,
        2.554987,
        2.649988,
        2.416807,
        2.5359499999999997,
        1.690843,
        3.203752,
        1.135174,
        1.761749,
        1.438,
        2.590215
    ],
    [
        1.178664,
        0.0,
        2.691904,
        3.423613,
        3.351917,
        2.478291,
        1.791489,
        1.508618,
        2.825005,
        2.041893,
        3.5783620000000003,
        3.6733629999999997,
        3.416904,
        3.4877249999999997,
        2.6909389999999997,
        3.179552,
        2.15612,
        2.033709,
        2.386516,
        3.613168
    ],
    [
        1.668297,
        2.691904,
        0.0,
        3.2617730000000003,
        2.947194,
        0.428136,
        0.966856,
        2.811743,
        3.545973,
        0.672768,
        1.061494,
        1.126522,
        3.0573040000000002,
        2.676362,
        2.441705,
        4.358874,
        0.560791,
        2.5791329999999997,
        1.897472,
        1.174044
    ],
    [
        2.621388,
        3.423613,
        3.2617730000000003,
        0.0,
        0.360769,
        2.9126619999999996,
        2.670261,
        2.605169,
        0.672096,
        3.283574,
        3.880562,
        3.290345,
        0.224719,
        0.654898,
        0.8781,
        2.3924380000000003,
        3.165562,
        1.310471,
        1.400031,
        4.1804380000000005
    ],
    [
        2.35182,
        3.351917,
        2.947194,
        0.360769,
        0.0,
        2.529026,
        2.2963449999999996,
        2.55691,
        0.710474,
        2.899938,
        3.689196,
        3.09898,
        0.156189,
        0.545702,
        0.709354,
        2.323659,
        2.780115,
        1.2159,
        1.0313130000000001,
        3.955474
    ],
    [
        1.382808,
        2.478291,
        0.428136,
        2.9126619999999996,
        2.529026,
        0.0,
        0.6599790000000001,
        2.531681,
        3.132771,
        0.43344,
        1.348429,
        1.3699400000000002,
        2.660237,
        2.279019,
        2.0285029999999997,
        3.945672,
        0.320848,
        2.165931,
        1.48427,
        1.506942
    ],
    [
        0.770792,
        1.791489,
        0.966856,
        2.670261,
        2.2963449999999996,
        0.6599790000000001,
        0.0,
        1.8872639999999998,
        2.88932,
        0.587802,
        1.991902,
        2.017581,
        2.3820740000000002,
        2.2828809999999997,
        1.795327,
        3.632286,
        0.549533,
        1.92248,
        1.2425840000000001,
        2.034551
    ],
    [
        1.4585270000000001,
        1.508618,
        2.811743,
        2.605169,
        2.55691,
        2.531681,
        1.8872639999999998,
        0.0,
        2.111361,
        2.361945,
        3.7453119999999998,
        3.633719,
        2.595802,
        2.985314,
        2.0648299999999997,
        1.7702840000000002,
        2.406574,
        1.573875,
        2.044267,
        3.911338
    ],
    [
        2.6429229999999997,
        2.825005,
        3.545973,
        0.672096,
        0.710474,
        3.132771,
        2.88932,
        2.111361,
        0.0,
        3.490123,
        4.366021,
        3.7575540000000003,
        0.713934,
        1.1441130000000002,
        1.109059,
        1.8395139999999999,
        3.372111,
        0.9743740000000001,
        1.60859,
        4.524535
    ],
    [
        1.0125309999999998,
        2.041893,
        0.672768,
        3.283574,
        2.899938,
        0.43344,
        0.587802,
        2.361945,
        3.490123,
        0.0,
        1.564595,
        1.659596,
        3.016343,
        2.708025,
        2.407039,
        4.078844,
        0.127769,
        2.547619,
        1.866283,
        1.607243
    ],
    [
        2.554987,
        3.5783620000000003,
        1.061494,
        3.880562,
        3.689196,
        1.348429,
        1.991902,
        3.7453119999999998,
        4.366021,
        1.564595,
        0.0,
        0.590216,
        3.673442,
        3.237424,
        3.228653,
        5.191241,
        1.525413,
        3.4115,
        2.712903,
        0.303178
    ],
    [
        2.649988,
        3.6733629999999997,
        1.126522,
        3.290345,
        3.09898,
        1.3699400000000002,
        2.017581,
        3.633719,
        3.7575540000000003,
        1.659596,
        0.590216,
        0.0,
        3.0832260000000002,
        2.647208,
        2.6381,
        4.855942,
        1.686899,
        2.776208,
        2.1226860000000003,
        0.890092
    ],
    [
        2.416807,
        3.416904,
        3.0573040000000002,
        0.224719,
        0.156189,
        2.660237,
        2.3820740000000002,
        2.595802,
        0.713934,
        3.016343,
        3.673442,
        3.0832260000000002,
        0.0,
        0.45042899999999997,
        0.774342,
        2.434275,
        2.882558,
        1.32507,
        1.135251,
        3.975969
    ],
    [
        2.5359499999999997,
        3.4877249999999997,
        2.676362,
        0.654898,
        0.545702,
        2.279019,
        2.2828809999999997,
        2.985314,
        1.1441130000000002,
        2.708025,
        3.237424,
        2.647208,
        0.45042899999999997,
        0.0,
        1.163855,
        2.888444,
        2.5437420000000004,
        1.66827,
        1.163149,
        3.539951
    ],
    [
        1.690843,
        2.6909389999999997,
        2.441705,
        0.8781,
        0.709354,
        2.0285029999999997,
        1.795327,
        2.0648299999999997,
        1.109059,
        2.407039,
        3.228653,
        2.6381,
        0.774342,
        1.163855,
        0.0,
        2.227637,
        2.287968,
        0.6482899999999999,
        0.5203139999999999,
        3.45374
    ],
    [
        3.203752,
        3.179552,
        4.358874,
        2.3924380000000003,
        2.323659,
        3.945672,
        3.632286,
        1.7702840000000002,
        1.8395139999999999,
        4.078844,
        5.191241,
        4.855942,
        2.434275,
        2.888444,
        2.227637,
        0.0,
        4.215930999999999,
        2.068854,
        2.732814,
        5.416379
    ],
    [
        1.135174,
        2.15612,
        0.560791,
        3.165562,
        2.780115,
        0.320848,
        0.549533,
        2.406574,
        3.372111,
        0.127769,
        1.525413,
        1.686899,
        2.882558,
        2.5437420000000004,
        2.287968,
        4.215930999999999,
        0.0,
        2.419849,
        1.741992,
        1.5680619999999998
    ],
    [
        1.761749,
        2.033709,
        2.5791329999999997,
        1.310471,
        1.2159,
        2.165931,
        1.92248,
        1.573875,
        0.9743740000000001,
        2.547619,
        3.4115,
        2.776208,
        1.32507,
        1.66827,
        0.6482899999999999,
        2.068854,
        2.419849,
        0.0,
        0.811055,
        3.572123
    ],
    [
        1.438,
        2.386516,
        1.897472,
        1.400031,
        1.0313130000000001,
        1.48427,
        1.2425840000000001,
        2.044267,
        1.60859,
        1.866283,
        2.712903,
        2.1226860000000003,
        1.135251,
        1.163149,
        0.5203139999999999,
        2.732814,
        1.741992,
        0.811055,
        0.0,
        2.912386
    ],
    [
        2.590215,
        3.613168,
        1.174044,
        4.1804380000000005,
        3.955474,
        1.506942,
        2.034551,
        3.911338,
        4.524535,
        1.607243,
        0.303178,
        0.890092,
        3.975969,
        3.539951,
        3.45374,
        5.416379,
        1.5680619999999998,
        3.572123,
        2.912386,
        0.0
    ]
]