[
    [
        0.0,
        1.191878,
        0.704405,
        0.98424,
        1.375555,
        0.555704,
        1.2349960000000002,
        0.538172,
        1.235423,
        0.778945,
        1.724249,
        0.524334,
        1.157319,
        1.4213140000000002,
        0.7591319999999999,
        1.295601,
        0.109186,
        0.731146,
        1.07399,
        2.000879
    ],
    [
        1.191878,
        0.0,
        0.8167519999999999,
        0.615328,
        1.762528,
        0.635897,
        1.610952,
        0.987611,
        0.18930000000000002,
        1.309482,
        0.5682670000000001,
        1.497443,
        0.034552,
        2.443928,
        1.728256,
        0.603445,
        1.183068,
        0.7550410000000001,
        0.15093,
        0.876829
    ],
    [
        0.704405,
        0.8167519999999999,
        0.0,
        0.377813,
        1.693729,
        0.41075,
        1.542154,
        0.8281029999999999,
        0.815643,
        1.2596939999999999,
        1.36485,
        0.751457,
        0.9064679999999999,
        1.698367,
        0.982271,
        0.689173,
        0.610109,
        0.0865,
        0.720986,
        1.8457999999999999
    ],
    [
        0.98424,
        0.615328,
        0.377813,
        0.0,
        1.768739,
        0.485759,
        1.617163,
        1.021896,
        0.49485199999999996,
        1.3437670000000002,
        1.044059,
        1.035138,
        0.736266,
        1.983395,
        1.265952,
        0.551278,
        0.8367290000000001,
        0.30704000000000004,
        0.60134,
        1.52501
    ],
    [
        1.375555,
        1.762528,
        1.693729,
        1.768739,
        0.0,
        1.320692,
        0.151575,
        1.15813,
        1.935521,
        0.7851509999999999,
        2.04144,
        1.930424,
        1.727652,
        2.722667,
        2.165223,
        2.36942,
        1.548473,
        1.660161,
        1.915444,
        2.203567
    ],
    [
        0.555704,
        0.635897,
        0.41075,
        0.485759,
        1.320692,
        0.0,
        1.169199,
        0.573932,
        0.6797190000000001,
        0.895803,
        1.1685450000000002,
        0.914659,
        0.601615,
        1.834192,
        1.1494570000000002,
        0.9205420000000001,
        0.502802,
        0.377264,
        0.5182859999999999,
        1.4451749999999999
    ],
    [
        1.2349960000000002,
        1.610952,
        1.542154,
        1.617163,
        0.151575,
        1.169199,
        0.0,
        1.017571,
        1.783945,
        0.84001,
        1.889864,
        1.789865,
        1.576076,
        2.582107,
        2.024663,
        2.2178449999999996,
        1.4079139999999999,
        1.508586,
        1.763869,
        2.054601
    ],
    [
        0.538172,
        0.987611,
        0.8281029999999999,
        1.021896,
        1.15813,
        0.573932,
        1.017571,
        0.0,
        1.213664,
        0.465165,
        1.551053,
        0.978407,
        1.005795,
        1.853026,
        1.213206,
        1.489325,
        0.566551,
        0.8650019999999999,
        1.193587,
        1.834031
    ],
    [
        1.235423,
        0.18930000000000002,
        0.815643,
        0.49485199999999996,
        1.935521,
        0.6797190000000001,
        1.783945,
        1.213664,
        0.0,
        1.637671,
        0.5768730000000001,
        1.3175899999999998,
        0.407029,
        2.264076,
        1.548403,
        0.4628,
        1.193571,
        0.661508,
        0.29091500000000003,
        1.054633
    ],
    [
        0.778945,
        1.309482,
        1.2596939999999999,
        1.3437670000000002,
        0.7851509999999999,
        0.895803,
        0.84001,
        0.465165,
        1.637671,
        0.0,
        1.94322,
        1.274045,
        1.397962,
        1.979242,
        1.5088430000000002,
        1.885562,
        0.8785,
        1.2457660000000002,
        1.5857539999999999,
        2.2261979999999997
    ],
    [
        1.724249,
        0.5682670000000001,
        1.36485,
        1.044059,
        2.04144,
        1.1685450000000002,
        1.889864,
        1.551053,
        0.5768730000000001,
        1.94322,
        0.0,
        1.923688,
        0.5806290000000001,
        2.870173,
        2.154501,
        0.854653,
        1.717382,
        1.267606,
        0.6856749999999999,
        0.605509
    ],
    [
        0.524334,
        1.497443,
        0.751457,
        1.035138,
        1.930424,
        0.914659,
        1.789865,
        0.978407,
        1.3175899999999998,
        1.274045,
        1.923688,
        0.0,
        1.6108289999999998,
        0.875452,
        0.234798,
        1.288087,
        0.462834,
        0.790862,
        1.425347,
        2.544944
    ],
    [
        1.157319,
        0.034552,
        0.9064679999999999,
        0.736266,
        1.727652,
        0.601615,
        1.576076,
        1.005795,
        0.407029,
        1.397962,
        0.5806290000000001,
        1.6108289999999998,
        0.0,
        2.4784800000000002,
        1.762808,
        0.6223650000000001,
        1.1041400000000001,
        0.789593,
        0.185482,
        0.856818
    ],
    [
        1.4213140000000002,
        2.443928,
        1.698367,
        1.983395,
        2.722667,
        1.834192,
        2.582107,
        1.853026,
        2.264076,
        1.979242,
        2.870173,
        0.875452,
        2.4784800000000002,
        0.0,
        0.703446,
        2.2307979999999996,
        1.374099,
        1.7035719999999999,
        2.338058,
        3.488652
    ],
    [
        0.7591319999999999,
        1.728256,
        0.982271,
        1.265952,
        2.165223,
        1.1494570000000002,
        2.024663,
        1.213206,
        1.548403,
        1.5088430000000002,
        2.154501,
        0.234798,
        1.762808,
        0.703446,
        0.0,
        1.555017,
        0.6976319999999999,
        1.0144199999999999,
        1.648482,
        2.784981
    ],
    [
        1.295601,
        0.603445,
        0.689173,
        0.551278,
        2.36942,
        0.9205420000000001,
        2.2178449999999996,
        1.489325,
        0.4628,
        1.885562,
        0.854653,
        1.288087,
        0.6223650000000001,
        2.2307979999999996,
        1.555017,
        0.0,
        1.276142,
        0.8457619999999999,
        0.705083,
        1.335848
    ],
    [
        0.109186,
        1.183068,
        0.610109,
        0.8367290000000001,
        1.548473,
        0.502802,
        1.4079139999999999,
        0.566551,
        1.193571,
        0.8785,
        1.717382,
        0.462834,
        1.1041400000000001,
        1.374099,
        0.6976319999999999,
        1.276142,
        0.0,
        0.6219589999999999,
        1.082162,
        1.943025
    ],
    [
        0.731146,
        0.7550410000000001,
        0.0865,
        0.30704000000000004,
        1.660161,
        0.377264,
        1.508586,
        0.8650019999999999,
        0.661508,
        1.2457660000000002,
        1.267606,
        0.790862,
        0.789593,
        1.7035719999999999,
        1.0144199999999999,
        0.8457619999999999,
        0.6219589999999999,
        0.0,
        0.6572870000000001,
        1.684802
    ],
    [
        1.07399,
        0.15093,
        0.720986,
        0.60134,
        1.915444,
        0.5182859999999999,
        1.763869,
        1.193587,
        0.29091500000000003,
        1.5857539999999999,
        0.6856749999999999,
        1.425347,
        0.185482,
        2.338058,
        1.648482,
        0.705083,
        1.082162,
        0.6572870000000001,
        0.0,
        1.0275150000000002
    ],
    [
        2.000879,
        0.876829,
        1.8457999999999999,
        1.52501,
        2.203567,
        1.4451749999999999,
        2.054601,
        1.834031,
        1.054633,
        2.2261979999999997,
        0.605509,
        2.544944,
        0.856818,
        3.488652,
        2.784981,
        1.335848,
        1.943025,
        1.684802,
        1.0275150000000002,
        0.0
    ]
]