[
    [
        0.0,
        0.910107,
        0.40824400000000005,
        2.060644,
        0.26018,
        0.592063,
        0.907072,
        1.5998050000000001,
        0.409274,
        0.272667,
        0.216749,
        0.133011,
        0.6160650000000001,
        1.657496,
        0.170131,
        0.623484,
        1.280212,
        0.654489,
        0.939096,
        1.170847,
        0.545193,
        0.810907,
        0.886451,
        0.461774,
        0.138437,
        1.090417,
        0.34409100000000004,
        0.870538,
        0.598386,
        1.510251,
        0.522283,
        1.130779,
        0.675739,
        0.29462700000000003,
        0.5343450000000001,
        0.279065,
        0.9293819999999999,
        0.29369999999999996,
        0.892649,
        0.459323,
        0.382998,
        0.34764,
        1.080873,
        0.45414,
        0.5733010000000001,
        0.37411,
        0.038404,
        1.434022,
        0.9824189999999999,
        0.7669779999999999,
        1.9788379999999999,
        0.480971,
        0.597418,
        0.6514610000000001,
        1.628923,
        1.027098,
        0.668706,
        0.637732,
        0.889164,
        1.861976
    ],
    [
        0.910107,
        0.0,
        0.964708,
        2.5968359999999997,
        0.998441,
        1.3743910000000001,
        1.4986300000000001,
        2.1359969999999997,
        1.164089,
        0.750216,
        0.993015,
        0.754184,
        1.408245,
        1.794557,
        0.7639109999999999,
        1.415664,
        1.8826379999999998,
        0.743837,
        0.9154500000000001,
        1.767869,
        1.370298,
        1.587173,
        1.483472,
        1.029224,
        0.9147029999999999,
        1.6866320000000001,
        0.592672,
        0.039569,
        1.1954069999999999,
        1.647313,
        0.850718,
        1.6791530000000001,
        1.4520050000000002,
        0.897277,
        0.838656,
        0.756614,
        1.5255969999999999,
        1.069966,
        1.674445,
        1.035701,
        1.15177,
        1.140723,
        1.354861,
        1.021946,
        1.1648589999999999,
        0.5663980000000001,
        0.81467,
        2.030236,
        1.584846,
        0.6859919999999999,
        2.57586,
        0.8920309999999999,
        1.19444,
        1.387423,
        2.23135,
        1.6186559999999999,
        1.460886,
        1.328136,
        1.4807219999999999,
        1.868046
    ],
    [
        0.40824400000000005,
        0.964708,
        0.0,
        1.639259,
        0.6321,
        0.695858,
        0.595022,
        1.17842,
        0.494168,
        0.6563289999999999,
        0.5063759999999999,
        0.458728,
        0.824842,
        2.041157,
        0.495847,
        0.832021,
        1.656215,
        0.24789699999999998,
        1.250421,
        1.541445,
        0.691764,
        1.074237,
        1.257049,
        0.077973,
        0.509843,
        0.9072100000000001,
        0.540393,
        0.9258780000000001,
        0.9689840000000001,
        1.893913,
        0.11399,
        1.502699,
        0.9390700000000001,
        0.678288,
        0.126052,
        0.662727,
        0.7461749999999999,
        0.66562,
        1.101427,
        0.831244,
        0.48184899999999997,
        0.5713189999999999,
        1.452793,
        0.070694,
        0.22683099999999998,
        0.5704130000000001,
        0.459916,
        1.222925,
        1.358422,
        0.971332,
        2.3494360000000003,
        0.072677,
        0.968016,
        1.0233809999999999,
        2.0049259999999998,
        0.715048,
        0.839656,
        0.649602,
        0.577114,
        1.455383
    ],
    [
        2.060644,
        2.5968359999999997,
        1.639259,
        0.0,
        2.196371,
        2.0013199999999998,
        1.482186,
        0.476545,
        1.904312,
        2.2821379999999998,
        2.070646,
        2.079868,
        2.031218,
        3.666967,
        2.1169890000000002,
        1.9690329999999998,
        2.904771,
        1.8759839999999999,
        2.885587,
        2.772454,
        2.0663009999999997,
        2.2575770000000004,
        2.785672,
        1.579594,
        2.140965,
        1.804649,
        2.17556,
        2.5616640000000004,
        2.4964720000000002,
        3.519723,
        1.759623,
        3.078056,
        2.3735180000000002,
        2.3040979999999998,
        1.771685,
        2.288537,
        1.6436140000000001,
        2.229022,
        2.115843,
        2.395515,
        1.891993,
        2.1160729999999996,
        3.017064,
        1.575852,
        1.504249,
        2.205579,
        2.081057,
        1.918129,
        2.887045,
        2.606498,
        3.87806,
        1.71831,
        2.495504,
        2.5459699999999996,
        3.53355,
        1.4232609999999999,
        1.9429480000000001,
        1.957959,
        1.429675,
        1.90756
    ],
    [
        0.26018,
        0.998441,
        0.6321,
        2.196371,
        0.0,
        0.43380799999999997,
        1.1228879999999999,
        1.72418,
        0.30568,
        0.33547000000000005,
        0.220839,
        0.497174,
        0.447644,
        1.5610899999999999,
        0.5342939999999999,
        0.46523000000000003,
        1.025438,
        0.891992,
        0.862939,
        0.910668,
        0.386938,
        0.624105,
        0.6262709999999999,
        0.699277,
        0.283762,
        0.974525,
        0.56259,
        0.975801,
        0.338206,
        1.413845,
        0.759787,
        0.919791,
        0.488937,
        0.247521,
        0.771849,
        0.341868,
        0.813732,
        0.106897,
        0.711376,
        0.21406899999999998,
        0.32097899999999996,
        0.19003399999999998,
        0.8356180000000001,
        0.691998,
        0.697677,
        0.532571,
        0.425406,
        1.31813,
        0.727645,
        0.712426,
        1.7186590000000002,
        0.7184740000000001,
        0.337238,
        0.464658,
        1.3741489999999998,
        1.011444,
        0.510451,
        0.479477,
        1.017657,
        2.0994789999999997
    ],
    [
        0.592063,
        1.3743910000000001,
        0.695858,
        2.0013199999999998,
        0.43380799999999997,
        0.0,
        0.731136,
        1.570948,
        0.227593,
        0.754067,
        0.390672,
        0.668467,
        0.21573900000000001,
        1.804751,
        0.705587,
        0.213885,
        1.1489719999999999,
        0.942102,
        1.2942580000000001,
        1.0166549999999999,
        0.13621100000000003,
        0.509626,
        0.7920309999999999,
        0.6906680000000001,
        0.506161,
        0.582773,
        0.784326,
        1.310773,
        0.549812,
        1.6575060000000001,
        0.8098970000000001,
        1.0881189999999998,
        0.374458,
        0.6661180000000001,
        0.821959,
        0.7604650000000001,
        0.421738,
        0.465031,
        0.46393900000000005,
        0.588711,
        0.26889100000000005,
        0.30032400000000004,
        1.0845660000000001,
        0.686925,
        0.55721,
        0.814345,
        0.630467,
        0.926378,
        0.893405,
        1.1399890000000001,
        1.884419,
        0.7685839999999999,
        0.548844,
        0.5585650000000001,
        1.5399090000000002,
        0.619692,
        0.101468,
        0.073399,
        0.7836470000000001,
        2.1495889999999997
    ],
    [
        0.907072,
        1.4986300000000001,
        0.595022,
        1.482186,
        1.1228879999999999,
        0.731136,
        0.0,
        0.966145,
        0.722986,
        1.128567,
        0.88932,
        0.952759,
        0.7193999999999999,
        2.3097280000000002,
        0.9898790000000001,
        0.657215,
        1.592954,
        0.831746,
        1.77172,
        1.460637,
        0.636467,
        0.94576,
        1.297009,
        0.5353559999999999,
        0.962971,
        0.492832,
        1.067462,
        1.447797,
        1.134539,
        2.168583,
        0.7988460000000001,
        1.593096,
        0.879436,
        1.164766,
        0.810908,
        1.134965,
        0.331797,
        0.968723,
        0.8040259999999999,
        1.092403,
        0.710667,
        0.804016,
        1.595643,
        0.531614,
        0.368191,
        1.097481,
        0.9544020000000001,
        0.606312,
        1.398382,
        1.492631,
        2.389396,
        0.757533,
        1.102769,
        1.063542,
        2.044887,
        0.111444,
        0.631131,
        0.46032999999999996,
        0.052511,
        1.9770860000000001
    ],
    [
        1.5998050000000001,
        2.1359969999999997,
        1.17842,
        0.476545,
        1.72418,
        1.570948,
        0.966145,
        0.0,
        1.443473,
        1.821299,
        1.609807,
        1.61903,
        1.58399,
        3.206128,
        1.65615,
        1.5218040000000002,
        2.4575430000000003,
        1.4151449999999999,
        2.424748,
        2.3252260000000002,
        1.605462,
        1.810349,
        2.324833,
        1.1187550000000002,
        1.680125,
        1.357421,
        1.714721,
        2.100825,
        2.0356330000000002,
        3.058884,
        1.2987840000000002,
        2.617217,
        1.912679,
        1.843259,
        1.310846,
        1.827698,
        1.196386,
        1.768183,
        1.668615,
        1.9346759999999998,
        1.431155,
        1.6552339999999999,
        2.556225,
        1.1150129999999998,
        1.0434100000000002,
        1.74474,
        1.6202180000000002,
        1.470901,
        2.426206,
        2.145659,
        3.417221,
        1.257471,
        2.034665,
        2.085131,
        3.072711,
        0.976033,
        1.49572,
        1.4971199999999998,
        0.9136340000000001,
        1.9424000000000001
    ],
    [
        0.409274,
        1.164089,
        0.494168,
        1.904312,
        0.30568,
        0.227593,
        0.722986,
        1.443473,
        0.0,
        0.584152,
        0.220758,
        0.498553,
        0.34875,
        1.86428,
        0.535673,
        0.355928,
        1.251568,
        0.7404120000000001,
        1.16613,
        1.119251,
        0.27787799999999996,
        0.6043740000000001,
        0.88136,
        0.5245850000000001,
        0.336247,
        0.7311810000000001,
        0.6144109999999999,
        1.113256,
        0.592159,
        1.717036,
        0.6082069999999999,
        1.173744,
        0.469206,
        0.49620299999999995,
        0.620269,
        0.590551,
        0.5701459999999999,
        0.336902,
        0.625334,
        0.517259,
        0.041298,
        0.21176,
        1.170191,
        0.53118,
        0.41697,
        0.6444310000000001,
        0.460553,
        1.074786,
        0.982733,
        1.01186,
        1.9737470000000001,
        0.566894,
        0.591192,
        0.6416580000000001,
        1.629238,
        0.7681,
        0.401391,
        0.370417,
        0.711951,
        1.9478989999999998
    ],
    [
        0.272667,
        0.750216,
        0.6563289999999999,
        2.2821379999999998,
        0.33547000000000005,
        0.754067,
        1.128567,
        1.821299,
        0.584152,
        0.0,
        0.268281,
        0.236459,
        0.683511,
        1.581432,
        0.273579,
        0.6909310000000001,
        1.3317439999999998,
        0.757937,
        0.863032,
        1.216974,
        0.612639,
        0.8624400000000001,
        0.932578,
        0.565222,
        0.18997,
        1.1887480000000001,
        0.344753,
        0.739611,
        0.649918,
        1.4341869999999999,
        0.625731,
        1.182311,
        0.727272,
        0.346159,
        0.637793,
        0.006398,
        1.0277129999999999,
        0.34523200000000004,
        0.949711,
        0.510856,
        0.450445,
        0.415989,
        1.1324049999999999,
        0.557943,
        0.676749,
        0.314733,
        0.089936,
        1.532353,
        1.033951,
        0.647259,
        2.030179,
        0.584419,
        0.648759,
        0.7029930000000001,
        1.68567,
        1.130546,
        0.736152,
        0.705178,
        0.9926119999999999,
        1.965424
    ],
    [
        0.216749,
        0.993015,
        0.5063759999999999,
        2.070646,
        0.220839,
        0.390672,
        0.88932,
        1.609807,
        0.220758,
        0.268281,
        0.0,
        0.357292,
        0.414673,
        1.671889,
        0.394412,
        0.422093,
        1.1498389999999998,
        0.75262,
        0.973739,
        1.035069,
        0.34380099999999997,
        0.664068,
        0.750673,
        0.559905,
        0.196712,
        0.931389,
        0.484633,
        1.01108,
        0.462608,
        1.524645,
        0.620414,
        0.996324,
        0.528901,
        0.275446,
        0.632476,
        0.369793,
        0.770595,
        0.159245,
        0.6912569999999999,
        0.324868,
        0.181607,
        0.147708,
        0.9464170000000001,
        0.552626,
        0.5583049999999999,
        0.514652,
        0.31929199999999996,
        1.274994,
        0.8520460000000001,
        0.811395,
        1.8430609999999998,
        0.579102,
        0.46164,
        0.517006,
        1.498551,
        0.968308,
        0.467315,
        0.43633999999999995,
        0.878285,
        1.960107
    ],
    [
        0.133011,
        0.754184,
        0.458728,
        2.079868,
        0.497174,
        0.668467,
        0.952759,
        1.61903,
        0.498553,
        0.236459,
        0.357292,
        0.0,
        0.681453,
        1.706971,
        0.03712,
        0.6888730000000001,
        1.329686,
        0.730893,
        0.988571,
        1.214917,
        0.610582,
        0.860382,
        0.9357340000000001,
        0.538177,
        0.187912,
        1.1668209999999999,
        0.29346,
        0.819908,
        0.647861,
        1.5597260000000002,
        0.598687,
        1.180254,
        0.725214,
        0.34410199999999996,
        0.610749,
        0.32854,
        1.0057859999999998,
        0.343175,
        0.947654,
        0.508798,
        0.448387,
        0.413932,
        1.130348,
        0.530898,
        0.6497050000000001,
        0.32348000000000005,
        0.087879,
        1.5104259999999998,
        1.037107,
        0.745279,
        2.0283130000000003,
        0.557374,
        0.646893,
        0.700936,
        1.6783979999999998,
        1.103502,
        0.734095,
        0.70312,
        0.965568,
        1.878326
    ],
    [
        0.6160650000000001,
        1.408245,
        0.824842,
        2.031218,
        0.447644,
        0.21573900000000001,
        0.7193999999999999,
        1.58399,
        0.34875,
        0.683511,
        0.414673,
        0.681453,
        0.0,
        1.597512,
        0.729588,
        0.06996899999999999,
        0.943894,
        1.000664,
        1.243921,
        0.811577,
        0.168869,
        0.296699,
        0.584793,
        0.784837,
        0.530162,
        0.571037,
        0.808327,
        1.334774,
        0.422323,
        1.450267,
        0.868458,
        0.88088,
        0.16722,
        0.690119,
        0.88052,
        0.784466,
        0.410003,
        0.489033,
        0.276584,
        0.542983,
        0.30154899999999996,
        0.324326,
        0.877328,
        0.791432,
        0.677222,
        0.838346,
        0.6544679999999999,
        0.914643,
        0.686166,
        1.127818,
        1.6771800000000001,
        0.827145,
        0.390553,
        0.351326,
        1.332671,
        0.607957,
        0.114172,
        0.26140800000000003,
        0.771912,
        2.2081500000000003
    ],
    [
        1.657496,
        1.794557,
        2.041157,
        3.666967,
        1.5610899999999999,
        1.804751,
        2.3097280000000002,
        3.206128,
        1.86428,
        1.581432,
        1.671889,
        1.706971,
        1.597512,
        0.0,
        1.7984179999999999,
        1.666395,
        1.7921559999999999,
        2.0362560000000003,
        0.930393,
        1.780444,
        1.75788,
        1.72536,
        1.296992,
        2.114436,
        1.605167,
        2.161365,
        1.6199359999999998,
        1.754988,
        1.236905,
        0.14724500000000001,
        2.015539,
        1.056743,
        1.632851,
        1.568925,
        2.003477,
        1.5556130000000001,
        2.0064290000000002,
        1.651726,
        1.86161,
        1.3417329999999998,
        1.865808,
        1.7348620000000001,
        0.735844,
        2.107157,
        2.242505,
        1.589917,
        1.63915,
        2.5049699999999997,
        1.3199459999999998,
        1.433637,
        1.533896,
        2.0568519999999997,
        1.2991759999999999,
        1.440779,
        1.96645,
        2.198284,
        1.710599,
        1.850419,
        2.36224,
        3.16093
    ],
    [
        0.170131,
        0.7639109999999999,
        0.495847,
        2.1169890000000002,
        0.5342939999999999,
        0.705587,
        0.9898790000000001,
        1.65615,
        0.535673,
        0.273579,
        0.394412,
        0.03712,
        0.729588,
        1.7984179999999999,
        0.0,
        0.651753,
        1.292567,
        0.71876,
        0.951451,
        1.177797,
        0.573462,
        0.8232619999999999,
        0.8934,
        0.526044,
        0.150792,
        1.14957,
        0.408361,
        0.906143,
        0.610741,
        1.522606,
        0.586554,
        1.143134,
        0.6880940000000001,
        0.30698200000000003,
        0.598616,
        0.29142,
        0.9885349999999999,
        0.306055,
        0.910534,
        0.471678,
        0.411267,
        0.37681200000000004,
        1.093228,
        0.518765,
        0.637572,
        0.43838,
        0.050759,
        1.493175,
        0.994774,
        0.7793329999999999,
        1.991002,
        0.545241,
        0.609773,
        0.6638160000000001,
        1.641278,
        1.0913689999999998,
        0.696975,
        0.666,
        0.9534349999999999,
        1.9262460000000001
    ],
    [
        0.623484,
        1.415664,
        0.832021,
        1.9690329999999998,
        0.46523000000000003,
        0.213885,
        0.657215,
        1.5218040000000002,
        0.355928,
        0.6909310000000001,
        0.422093,
        0.6888730000000001,
        0.06996899999999999,
        1.666395,
        0.651753,
        0.0,
        1.003342,
        0.998809,
        1.306705,
        0.8710249999999999,
        0.16701400000000002,
        0.356148,
        0.647577,
        0.782982,
        0.537582,
        0.508852,
        0.815747,
        1.3421939999999999,
        0.485107,
        1.5130519999999998,
        0.866604,
        0.943665,
        0.230004,
        0.697539,
        0.8786660000000001,
        0.791886,
        0.34781799999999996,
        0.496452,
        0.328154,
        0.605767,
        0.299695,
        0.331745,
        0.940112,
        0.789577,
        0.6753669999999999,
        0.845766,
        0.661888,
        0.8524579999999999,
        0.74895,
        1.17141,
        1.739965,
        0.8252910000000001,
        0.453338,
        0.41411000000000003,
        1.395455,
        0.545772,
        0.045463,
        0.259553,
        0.709727,
        2.206296
    ],
    [
        1.280212,
        1.8826379999999998,
        1.656215,
        2.904771,
        1.025438,
        1.1489719999999999,
        1.592954,
        2.4575430000000003,
        1.251568,
        1.3317439999999998,
        1.1498389999999998,
        1.329686,
        0.943894,
        1.7921559999999999,
        1.292567,
        1.003342,
        0.0,
        1.9152850000000001,
        1.475746,
        0.246797,
        1.1099510000000001,
        0.791792,
        0.566337,
        1.722569,
        1.168582,
        1.181539,
        1.44741,
        1.840314,
        0.760805,
        1.644911,
        1.7830789999999999,
        0.8650650000000001,
        0.813645,
        1.13234,
        1.795141,
        1.2266869999999999,
        1.283557,
        1.0623099999999999,
        0.8716820000000001,
        0.881465,
        1.242631,
        1.220915,
        1.071971,
        1.715291,
        1.618303,
        1.4173900000000001,
        1.310225,
        1.788196,
        0.503491,
        1.4663009999999999,
        1.172884,
        1.7417660000000001,
        0.7032010000000001,
        0.829152,
        0.511702,
        1.4815099999999999,
        1.048805,
        1.2024890000000001,
        1.645465,
        3.122771
    ],
    [
        0.654489,
        0.743837,
        0.24789699999999998,
        1.8759839999999999,
        0.891992,
        0.942102,
        0.831746,
        1.4151449999999999,
        0.7404120000000001,
        0.757937,
        0.75262,
        0.730893,
        1.000664,
        2.0362560000000003,
        0.71876,
        0.998809,
        1.9152850000000001,
        0.0,
        1.1575119999999999,
        1.784532,
        0.934851,
        1.3173240000000002,
        1.500135,
        0.32106,
        0.75293,
        1.1502970000000001,
        0.44524400000000003,
        0.711821,
        1.21207,
        1.889375,
        0.130332,
        1.745786,
        1.182157,
        0.921375,
        0.11827,
        0.766559,
        0.99037,
        0.908707,
        1.3445129999999998,
        1.074331,
        0.724936,
        0.814406,
        1.596923,
        0.31378100000000003,
        0.459318,
        0.475263,
        0.703003,
        1.46712,
        1.601509,
        0.878423,
        2.5925230000000004,
        0.17164500000000002,
        1.211103,
        1.2664680000000001,
        2.248013,
        0.947535,
        1.082743,
        0.892689,
        0.809601,
        1.207486
    ],
    [
        0.939096,
        0.9154500000000001,
        1.250421,
        2.885587,
        0.862939,
        1.2942580000000001,
        1.77172,
        2.424748,
        1.16613,
        0.863032,
        0.973739,
        0.988571,
        1.243921,
        0.930393,
        0.951451,
        1.306705,
        1.475746,
        1.1575119999999999,
        0.0,
        1.467634,
        1.233616,
        1.371769,
        1.033217,
        1.317975,
        0.8867670000000001,
        1.807774,
        0.740829,
        0.875881,
        0.8938809999999999,
        0.7831480000000001,
        1.136431,
        0.8149890000000001,
        1.27926,
        0.850526,
        1.124369,
        0.837213,
        1.646739,
        0.9535750000000001,
        1.508019,
        0.700938,
        1.167657,
        1.036711,
        0.490697,
        1.3106959999999999,
        1.43795,
        0.7108099999999999,
        0.920751,
        2.151379,
        1.090459,
        0.554529,
        1.8793520000000001,
        1.177744,
        0.894204,
        1.087188,
        1.736964,
        1.844693,
        1.3571289999999998,
        1.326154,
        1.753813,
        2.2818229999999997
    ],
    [
        1.170847,
        1.767869,
        1.541445,
        2.772454,
        0.910668,
        1.0166549999999999,
        1.460637,
        2.3252260000000002,
        1.119251,
        1.216974,
        1.035069,
        1.214917,
        0.811577,
        1.780444,
        1.177797,
        0.8710249999999999,
        0.246797,
        1.784532,
        1.467634,
        0.0,
        0.979004,
        0.65598,
        0.565551,
        1.643405,
        1.053812,
        1.0452439999999998,
        1.33264,
        1.724968,
        0.64546,
        1.633199,
        1.703914,
        0.911453,
        0.682698,
        1.01757,
        1.7159760000000002,
        1.111918,
        1.1512390000000001,
        0.9475410000000001,
        0.751366,
        0.766695,
        1.111684,
        1.089968,
        1.06026,
        1.636126,
        1.487356,
        1.30262,
        1.195455,
        1.65725,
        0.54988,
        1.350955,
        1.290094,
        1.6626010000000002,
        0.5843229999999999,
        0.714382,
        0.6387010000000001,
        1.349193,
        0.9164880000000001,
        1.0701720000000001,
        1.513148,
        3.044216
    ],
    [
        0.545193,
        1.370298,
        0.691764,
        2.0663009999999997,
        0.386938,
        0.13621100000000003,
        0.636467,
        1.605462,
        0.27787799999999996,
        0.612639,
        0.34380099999999997,
        0.610582,
        0.168869,
        1.75788,
        0.573462,
        0.16701400000000002,
        1.1099510000000001,
        0.934851,
        1.233616,
        0.979004,
        0.0,
        0.46275599999999995,
        0.745161,
        0.615968,
        0.42762900000000004,
        0.679085,
        0.705794,
        1.2046389999999998,
        0.502941,
        1.610635,
        0.699589,
        1.041249,
        0.32758800000000005,
        0.587586,
        0.7116509999999999,
        0.681933,
        0.515517,
        0.387824,
        0.417068,
        0.541841,
        0.13268000000000002,
        0.22311699999999998,
        1.037696,
        0.622563,
        0.508353,
        0.7358129999999999,
        0.551935,
        1.02269,
        0.846534,
        1.062782,
        1.837548,
        0.658276,
        0.501974,
        0.511694,
        1.493039,
        0.716005,
        0.212478,
        0.176137,
        0.8799600000000001,
        2.039281
    ],
    [
        0.810907,
        1.587173,
        1.074237,
        2.2575770000000004,
        0.624105,
        0.509626,
        0.94576,
        1.810349,
        0.6043740000000001,
        0.8624400000000001,
        0.664068,
        0.860382,
        0.296699,
        1.72536,
        0.8232619999999999,
        0.356148,
        0.791792,
        1.3173240000000002,
        1.371769,
        0.65598,
        0.46275599999999995,
        0.0,
        0.7126399999999999,
        1.127767,
        0.779557,
        0.601817,
        1.057722,
        1.5841690000000002,
        0.5501699999999999,
        1.578115,
        1.188276,
        1.0087279999999998,
        0.16764099999999998,
        0.897175,
        1.200338,
        0.991523,
        0.59637,
        0.7384270000000001,
        0.141847,
        0.67083,
        0.5954360000000001,
        0.573721,
        1.005176,
        1.1204880000000002,
        0.971109,
        1.087741,
        0.9038630000000001,
        1.101009,
        0.814014,
        1.255666,
        1.717512,
        1.1469639999999999,
        0.518401,
        0.479174,
        1.2155509999999998,
        0.794323,
        0.403947,
        0.555295,
        0.958279,
        2.527969
    ],
    [
        0.886451,
        1.483472,
        1.257049,
        2.785672,
        0.6262709999999999,
        0.7920309999999999,
        1.297009,
        2.324833,
        0.88136,
        0.932578,
        0.750673,
        0.9357340000000001,
        0.584793,
        1.296992,
        0.8934,
        0.647577,
        0.566337,
        1.500135,
        1.033217,
        0.565551,
        0.745161,
        0.7126399999999999,
        0.0,
        1.323403,
        0.7694160000000001,
        1.148646,
        1.048243,
        1.4411479999999999,
        0.31501,
        1.149747,
        1.383913,
        0.507713,
        0.6201319999999999,
        0.733174,
        1.395975,
        0.827521,
        0.987611,
        0.663144,
        0.765112,
        0.480373,
        0.877841,
        0.81416,
        0.5768070000000001,
        1.316124,
        1.2535139999999998,
        1.018224,
        0.911059,
        1.492251,
        0.104857,
        1.0652080000000002,
        1.095919,
        1.3426,
        0.289025,
        0.42806,
        0.7512580000000001,
        1.185565,
        0.69178,
        0.8377,
        1.34952,
        2.723605
    ],
    [
        0.461774,
        1.029224,
        0.077973,
        1.579594,
        0.699277,
        0.6906680000000001,
        0.5353559999999999,
        1.1187550000000002,
        0.5245850000000001,
        0.565222,
        0.559905,
        0.538177,
        0.784837,
        2.114436,
        0.526044,
        0.782982,
        1.722569,
        0.32106,
        1.317975,
        1.643405,
        0.615968,
        1.127767,
        1.323403,
        0.0,
        0.5630170000000001,
        0.901919,
        0.6075929999999999,
        0.993697,
        1.0221580000000001,
        1.947087,
        0.192012,
        1.555874,
        0.992244,
        0.731463,
        0.204073,
        0.7159009999999999,
        0.740884,
        0.7187939999999999,
        1.1546010000000002,
        0.884418,
        0.5261399999999999,
        0.6244930000000001,
        1.505967,
        0.007279,
        0.167166,
        0.637612,
        0.51309,
        1.114329,
        1.411596,
        1.0385309999999999,
        2.402611,
        0.150699,
        1.02119,
        1.076556,
        2.058101,
        0.655383,
        0.8282240000000001,
        0.6519940000000001,
        0.5174489999999999,
        1.531704
    ],
    [
        0.138437,
        0.9147029999999999,
        0.509843,
        2.140965,
        0.283762,
        0.506161,
        0.962971,
        1.680125,
        0.336247,
        0.18997,
        0.196712,
        0.187912,
        0.530162,
        1.605167,
        0.150792,
        0.537582,
        1.168582,
        0.75293,
        0.8867670000000001,
        1.053812,
        0.42762900000000004,
        0.779557,
        0.7694160000000001,
        0.5630170000000001,
        0.0,
        1.022492,
        0.498469,
        1.024916,
        0.47274099999999997,
        1.5334539999999999,
        0.634221,
        1.005133,
        0.5500940000000001,
        0.28425599999999995,
        0.646283,
        0.378603,
        0.861699,
        0.168054,
        0.772533,
        0.333678,
        0.27270999999999995,
        0.23881200000000002,
        0.9552269999999999,
        0.566432,
        0.575776,
        0.528489,
        0.333129,
        1.366097,
        0.862179,
        0.8202039999999999,
        1.853193,
        0.592908,
        0.471773,
        0.5258160000000001,
        1.508683,
        1.059411,
        0.558418,
        0.5274439999999999,
        0.891639,
        1.973913
    ],
    [
        1.090417,
        1.6866320000000001,
        0.9072100000000001,
        1.804649,
        0.974525,
        0.582773,
        0.492832,
        1.357421,
        0.7311810000000001,
        1.1887480000000001,
        0.931389,
        1.1668209999999999,
        0.571037,
        2.161365,
        1.14957,
        0.508852,
        1.181539,
        1.1502970000000001,
        1.807774,
        1.0452439999999998,
        0.679085,
        0.601817,
        1.148646,
        0.901919,
        1.022492,
        0.0,
        1.255464,
        1.635799,
        0.986176,
        2.0141210000000003,
        1.021249,
        1.444734,
        0.731073,
        1.207076,
        1.0333109999999999,
        1.301423,
        0.16103499999999998,
        1.005989,
        0.45997000000000005,
        1.106836,
        0.781146,
        0.841041,
        1.441181,
        0.8981760000000001,
        0.768442,
        1.285483,
        1.142404,
        0.688074,
        1.250019,
        1.691672,
        2.241033,
        0.979936,
        0.954406,
        0.915179,
        1.6114469999999999,
        0.38138799999999995,
        0.482768,
        0.540584,
        0.5453429999999999,
        2.360941
    ],
    [
        0.34409100000000004,
        0.592672,
        0.540393,
        2.17556,
        0.56259,
        0.784326,
        1.067462,
        1.714721,
        0.6144109999999999,
        0.344753,
        0.484633,
        0.29346,
        0.808327,
        1.6199359999999998,
        0.408361,
        0.815747,
        1.44741,
        0.44524400000000003,
        0.740829,
        1.33264,
        0.705794,
        1.057722,
        1.048243,
        0.6075929999999999,
        0.498469,
        1.255464,
        0.0,
        0.554092,
        0.760178,
        1.472691,
        0.426279,
        1.291816,
        0.8804379999999999,
        0.461825,
        0.414217,
        0.321315,
        1.088535,
        0.498398,
        1.1028769999999999,
        0.6203609999999999,
        0.60361,
        0.569155,
        1.18024,
        0.600544,
        0.7277980000000001,
        0.030018999999999997,
        0.243102,
        1.593175,
        1.1496169999999999,
        0.46174,
        2.140631,
        0.467592,
        0.759211,
        0.856159,
        1.796121,
        1.181594,
        0.8893179999999999,
        0.858344,
        1.04366,
        1.637031
    ],
    [
        0.870538,
        0.039569,
        0.9258780000000001,
        2.5616640000000004,
        0.975801,
        1.310773,
        1.447797,
        2.100825,
        1.113256,
        0.739611,
        1.01108,
        0.819908,
        1.334774,
        1.754988,
        0.906143,
        1.3421939999999999,
        1.840314,
        0.711821,
        0.875881,
        1.724968,
        1.2046389999999998,
        1.5841690000000002,
        1.4411479999999999,
        0.993697,
        1.024916,
        1.635799,
        0.554092,
        0.0,
        1.155838,
        1.607743,
        0.811149,
        1.6395840000000002,
        1.412436,
        0.8577079999999999,
        0.799087,
        0.7170449999999999,
        1.486027,
        1.030397,
        1.634875,
        0.9961319999999999,
        1.112201,
        1.101154,
        1.315292,
        0.982376,
        1.12529,
        0.526828,
        0.7751,
        1.990667,
        1.545276,
        0.646423,
        2.5362910000000003,
        0.8524619999999999,
        1.1548699999999998,
        1.347854,
        2.1917809999999998,
        1.579087,
        1.421317,
        1.288566,
        1.4411530000000001,
        1.8284770000000001
    ],
    [
        0.598386,
        1.1954069999999999,
        0.9689840000000001,
        2.4964720000000002,
        0.338206,
        0.549812,
        1.134539,
        2.0356330000000002,
        0.592159,
        0.649918,
        0.462608,
        0.647861,
        0.422323,
        1.236905,
        0.610741,
        0.485107,
        0.760805,
        1.21207,
        0.8938809999999999,
        0.64546,
        0.502941,
        0.5501699999999999,
        0.31501,
        1.0221580000000001,
        0.47274099999999997,
        0.986176,
        0.760178,
        1.155838,
        0.0,
        1.08966,
        1.095848,
        0.520273,
        0.45766199999999996,
        0.445109,
        1.1079100000000002,
        0.539456,
        0.825141,
        0.375079,
        0.6864199999999999,
        0.192943,
        0.6570410000000001,
        0.526095,
        0.5167200000000001,
        1.028059,
        1.033738,
        0.730159,
        0.622994,
        1.3297809999999999,
        0.416383,
        0.777779,
        1.407398,
        1.054535,
        0.064185,
        0.26559,
        1.0628879999999998,
        1.023095,
        0.52931,
        0.59548,
        1.18705,
        2.43554
    ],
    [
        1.510251,
        1.647313,
        1.893913,
        3.519723,
        1.413845,
        1.6575060000000001,
        2.168583,
        3.058884,
        1.717036,
        1.4341869999999999,
        1.524645,
        1.5597260000000002,
        1.450267,
        0.14724500000000001,
        1.522606,
        1.5130519999999998,
        1.644911,
        1.889375,
        0.7831480000000001,
        1.633199,
        1.610635,
        1.578115,
        1.149747,
        1.947087,
        1.5334539999999999,
        2.0141210000000003,
        1.472691,
        1.607743,
        1.08966,
        0.0,
        1.8682940000000001,
        0.9094990000000001,
        1.485606,
        1.421681,
        1.8562319999999999,
        1.4083679999999998,
        1.853086,
        1.504481,
        1.714365,
        1.1944890000000001,
        1.718563,
        1.587617,
        0.5885990000000001,
        1.959913,
        2.095261,
        1.442672,
        1.491906,
        2.357726,
        1.172701,
        1.286392,
        1.546807,
        1.909607,
        1.151931,
        1.2935340000000002,
        1.819205,
        2.05104,
        1.557255,
        1.703174,
        2.214995,
        3.0136849999999997
    ],
    [
        0.522283,
        0.850718,
        0.11399,
        1.759623,
        0.759787,
        0.8098970000000001,
        0.7988460000000001,
        1.2987840000000002,
        0.6082069999999999,
        0.625731,
        0.620414,
        0.598687,
        0.868458,
        2.015539,
        0.586554,
        0.866604,
        1.7830789999999999,
        0.130332,
        1.136431,
        1.703914,
        0.699589,
        1.188276,
        1.383913,
        0.192012,
        0.634221,
        1.021249,
        0.426279,
        0.811149,
        1.095848,
        1.8682940000000001,
        0.0,
        1.616738,
        1.0531089999999999,
        0.792327,
        0.012062,
        0.747719,
        0.860214,
        0.779659,
        1.215465,
        0.945283,
        0.5958880000000001,
        0.6853579999999999,
        1.5758420000000002,
        0.184733,
        0.34082,
        0.456423,
        0.573955,
        1.336964,
        1.472461,
        0.8573419999999999,
        2.463475,
        0.041313,
        1.082055,
        1.13742,
        2.118965,
        0.829038,
        0.9536950000000001,
        0.763641,
        0.691104,
        1.3418160000000001
    ],
    [
        1.130779,
        1.6791530000000001,
        1.502699,
        3.078056,
        0.919791,
        1.0881189999999998,
        1.593096,
        2.617217,
        1.173744,
        1.182311,
        0.996324,
        1.180254,
        0.88088,
        1.056743,
        1.143134,
        0.943665,
        0.8650650000000001,
        1.745786,
        0.8149890000000001,
        0.911453,
        1.041249,
        1.0087279999999998,
        0.507713,
        1.555874,
        1.005133,
        1.444734,
        1.291816,
        1.6395840000000002,
        0.520273,
        0.9094990000000001,
        1.616738,
        0.0,
        0.916219,
        0.9781839999999999,
        1.6411110000000002,
        1.072132,
        1.2836990000000001,
        0.956664,
        1.144978,
        0.671456,
        1.190242,
        1.059296,
        0.32429199999999997,
        1.561261,
        1.549601,
        1.264149,
        1.15567,
        1.788339,
        0.530667,
        1.142115,
        1.13514,
        1.5877370000000002,
        0.582544,
        0.7241470000000001,
        1.0393599999999998,
        1.481653,
        0.9878680000000001,
        1.133787,
        1.645608,
        2.903665
    ],
    [
        0.675739,
        1.4520050000000002,
        0.9390700000000001,
        2.3735180000000002,
        0.488937,
        0.374458,
        0.879436,
        1.912679,
        0.469206,
        0.727272,
        0.528901,
        0.725214,
        0.16722,
        1.632851,
        0.6880940000000001,
        0.230004,
        0.813645,
        1.182157,
        1.27926,
        0.682698,
        0.32758800000000005,
        0.16764099999999998,
        0.6201319999999999,
        0.992244,
        0.5500940000000001,
        0.731073,
        0.8804379999999999,
        1.412436,
