[
    [
        0.0,
        0.674002,
        0.903701,
        0.607198,
        1.059468,
        0.861865,
        0.761668,
        0.8438859999999999,
        0.09615800000000001,
        1.1163409999999998,
        0.883796,
        0.469127,
        0.42963,
        0.7497480000000001,
        1.547318,
        3.130771,
        0.088962,
        0.93396,
        3.85545,
        0.7521939999999999
    ],
    [
        0.674002,
        0.0,
        0.230632,
        0.47924,
        0.386399,
        0.274549,
        0.296136,
        0.170817,
        0.6963039999999999,
        0.904334,
        0.210727,
        1.0852460000000002,
        0.293303,
        0.076679,
        0.874249,
        2.4577020000000003,
        0.676391,
        0.328843,
        2.863449,
        0.30561
    ],
    [
        0.903701,
        0.230632,
        0.0,
        0.679345,
        0.258416,
        0.045901000000000004,
        0.19669399999999998,
        0.5052099999999999,
        0.8252820000000001,
        1.1044390000000002,
        0.13528800000000002,
        1.109713,
        0.53463,
        0.411072,
        0.8845599999999999,
        2.4680120000000003,
        0.805369,
        0.6632359999999999,
        2.873759,
        0.20616800000000002
    ],
    [
        0.607198,
        0.47924,
        0.679345,
        0.0,
        0.8341029999999999,
        0.7040040000000001,
        0.5948289999999999,
        0.618521,
        0.559886,
        1.070984,
        0.658431,
        0.692662,
        0.174681,
        0.524383,
        1.321953,
        2.905406,
        0.5399729999999999,
        0.603146,
        3.825915,
        0.604304
    ],
    [
        1.059468,
        0.386399,
        0.258416,
        0.8341029999999999,
        0.0,
        0.249182,
        0.383222,
        0.417704,
        1.051137,
        0.585449,
        0.224228,
        1.355599,
        0.760484,
        0.32356599999999996,
        0.626144,
        2.209597,
        1.031224,
        0.57573,
        2.615344,
        0.392697
    ],
    [
        0.861865,
        0.274549,
        0.045901000000000004,
        0.7040040000000001,
        0.249182,
        0.0,
        0.227352,
        0.535869,
        0.8559410000000001,
        1.135098,
        0.143746,
        1.1403720000000002,
        0.565288,
        0.441731,
        0.893018,
        2.476471,
        0.836028,
        0.6938949999999999,
        2.8822170000000003,
        0.236827
    ],
    [
        0.761668,
        0.296136,
        0.19669399999999998,
        0.5948289999999999,
        0.383222,
        0.227352,
        0.0,
        0.46602,
        0.786092,
        1.0652490000000001,
        0.323719,
        0.9723769999999999,
        0.495439,
        0.371882,
        1.072991,
        2.656444,
        0.7661789999999999,
        0.6240460000000001,
        3.062191,
        0.009474
    ],
    [
        0.8438859999999999,
        0.170817,
        0.5052099999999999,
        0.618521,
        0.417704,
        0.535869,
        0.46602,
        0.0,
        0.837865,
        0.703073,
        0.411425,
        0.97064,
        0.452659,
        0.277377,
        1.0749469999999999,
        2.6584,
        0.817952,
        0.158026,
        3.458003,
        0.501698
    ],
    [
        0.09615800000000001,
        0.6963039999999999,
        0.8252820000000001,
        0.559886,
        1.051137,
        0.8559410000000001,
        0.786092,
        0.837865,
        0.0,
        1.070576,
        0.853853,
        0.463477,
        0.399687,
        0.7198049999999999,
        1.517375,
        3.100828,
        0.059018999999999995,
        0.9040170000000001,
        3.825506,
        0.72225
    ],
    [
        1.1163409999999998,
        0.904334,
        1.1044390000000002,
        1.070984,
        0.585449,
        1.135098,
        1.0652490000000001,
        0.703073,
        1.070576,
        0.0,
        0.6546230000000001,
        1.218027,
        0.700047,
        0.810937,
        0.978452,
        2.5619050000000003,
        1.068616,
        0.300137,
        2.832167,
        1.035258
    ],
    [
        0.883796,
        0.210727,
        0.13528800000000002,
        0.658431,
        0.224228,
        0.143746,
        0.323719,
        0.411425,
        0.853853,
        0.6546230000000001,
        0.0,
        1.119211,
        0.5441280000000001,
        0.42057100000000003,
        0.904464,
        2.487917,
        0.814868,
        0.672735,
        2.8936640000000002,
        0.215667
    ],
    [
        0.469127,
        1.0852460000000002,
        1.109713,
        0.692662,
        1.355599,
        1.1403720000000002,
        0.9723769999999999,
        0.97064,
        0.463477,
        1.218027,
        1.119211,
        0.0,
        0.56733,
        1.156194,
        1.9537650000000002,
        3.537217,
        0.5213490000000001,
        1.3777840000000001,
        3.942964,
        0.958105
    ],
    [
        0.42963,
        0.293303,
        0.53463,
        0.174681,
        0.760484,
        0.565288,
        0.495439,
        0.452659,
        0.399687,
        0.700047,
        0.5441280000000001,
        0.56733,
        0.0,
        0.36904899999999996,
        1.1666189999999999,
        2.7500720000000003,
        0.41464100000000004,
        0.447812,
        3.6705799999999997,
        0.462298
    ],
    [
        0.7497480000000001,
        0.076679,
        0.411072,
        0.524383,
        0.32356599999999996,
        0.441731,
        0.371882,
        0.277377,
        0.7198049999999999,
        0.810937,
        0.42057100000000003,
        1.156194,
        0.36904899999999996,
        0.0,
        1.169076,
        2.752529,
        0.912081,
        0.252155,
        3.552132,
        0.595828
    ],
    [
        1.547318,
        0.874249,
        0.8845599999999999,
        1.321953,
        0.626144,
        0.893018,
        1.072991,
        1.0749469999999999,
        1.517375,
        0.978452,
        0.904464,
        1.9537650000000002,
        1.1666189999999999,
        1.169076,
        0.0,
        1.596961,
        1.621556,
        1.0650730000000002,
        2.015728,
        0.983029
    ],
    [
        3.130771,
        2.4577020000000003,
        2.4680120000000003,
        2.905406,
        2.209597,
        2.476471,
        2.656444,
        2.6584,
        3.100828,
        2.5619050000000003,
        2.487917,
        3.537217,
        2.7500720000000003,
        2.752529,
        1.596961,
        0.0,
        3.213943,
        2.657459,
        2.425681,
        2.575416
    ],
    [
        0.088962,
        0.676391,
        0.805369,
        0.5399729999999999,
        1.031224,
        0.836028,
        0.7661789999999999,
        0.817952,
        0.059018999999999995,
        1.068616,
        0.814868,
        0.5213490000000001,
        0.41464100000000004,
        0.912081,
        1.621556,
        3.213943,
        0.0,
        0.884104,
        3.805594,
        0.702337
    ],
    [
        0.93396,
        0.328843,
        0.6632359999999999,
        0.603146,
        0.57573,
        0.6938949999999999,
        0.6240460000000001,
        0.158026,
        0.9040170000000001,
        0.300137,
        0.672735,
        1.3777840000000001,
        0.447812,
        0.252155,
        1.0650730000000002,
        2.657459,
        0.884104,
        0.0,
        3.080976,
        0.582527
    ],
    [
        3.85545,
        2.863449,
        2.873759,
        3.825915,
        2.615344,
        2.8822170000000003,
        3.062191,
        3.458003,
        3.825506,
        2.832167,
        2.8936640000000002,
        3.942964,
        3.6705799999999997,
        3.552132,
        2.015728,
        2.425681,
        3.805594,
        3.080976,
        0.0,
        2.9164830000000004
    ],
    [
        0.7521939999999999,
        0.30561,
        0.20616800000000002,
        0.604304,
        0.392697,
        0.236827,
        0.009474,
        0.501698,
        0.72225,
        1.035258,
        0.215667,
        0.958105,
        0.462298,
        0.595828,
        0.983029,
        2.575416,
        0.702337,
        0.582527,
        2.9164830000000004,
        0.0
    ]
]