[
    [
        0.0,
        2.1832350000000003,
        1.1139890000000001,
        0.7214160000000001,
        2.173546,
        1.371406,
        2.715106,
        0.606664,
        0.20114500000000002,
        1.98247,
        1.513255,
        0.598862,
        0.6971430000000001,
        1.524922,
        2.058393,
        0.880199,
        1.434566,
        1.2604380000000002,
        1.253266,
        1.378708,
        1.126453,
        0.5439769999999999,
        3.018574,
        1.9749079999999999,
        1.5711,
        0.677219,
        1.049612,
        1.621646,
        2.653977,
        0.918847,
        2.9047669999999997,
        1.543182,
        1.862317,
        0.640824,
        0.590821,
        0.809428,
        0.693804,
        1.703625,
        1.004299,
        1.430805,
        1.02155,
        1.4297360000000001,
        1.996748,
        1.492503,
        0.805832,
        0.875202,
        0.180901,
        1.847837,
        1.155835,
        0.590692,
        1.8587639999999999,
        2.27002,
        0.901471,
        2.155879,
        2.401303,
        0.5813189999999999,
        1.194903,
        1.400906,
        1.066391,
        1.2326759999999999
    ],
    [
        2.1832350000000003,
        0.0,
        2.666802,
        2.549655,
        4.150246,
        3.96033,
        3.106629,
        2.3684369999999997,
        1.927241,
        0.41801799999999995,
        2.952511,
        1.743954,
        2.5266010000000003,
        4.199293,
        4.908119,
        2.702953,
        3.411266,
        1.0644939999999998,
        3.089484,
        3.2388049999999997,
        1.61537,
        2.2036309999999997,
        4.51788,
        2.102701,
        4.2454719999999995,
        2.5054589999999997,
        1.559411,
        3.598346,
        1.854855,
        2.619895,
        6.051515,
        2.4563249999999996,
        0.392652,
        2.106784,
        2.567521,
        1.460536,
        2.522043,
        3.7037370000000003,
        2.5666860000000002,
        3.051633,
        2.560948,
        2.946341,
        2.12454,
        0.7241839999999999,
        2.634071,
        2.4375880000000003,
        2.026374,
        2.523829,
        1.052532,
        2.42015,
        3.29802,
        0.251921,
        2.463858,
        0.056179,
        1.397039,
        2.556801,
        2.747716,
        1.550147,
        3.043091,
        1.045431
    ],
    [
        1.1139890000000001,
        2.666802,
        0.0,
        0.496803,
        2.6840289999999998,
        0.962253,
        1.990316,
        0.883359,
        1.330682,
        2.149779,
        0.546541,
        1.7283989999999998,
        0.521076,
        1.28883,
        1.35294,
        2.109294,
        1.610186,
        1.389867,
        0.744107,
        0.27982100000000004,
        2.333215,
        0.605464,
        1.894156,
        3.152552,
        1.3350090000000001,
        0.526618,
        0.921294,
        1.5800340000000002,
        2.002631,
        0.337566,
        1.9475419999999999,
        3.201259,
        2.4880120000000003,
        0.613432,
        1.177076,
        1.4310399999999999,
        0.562327,
        0.7397870000000001,
        0.300601,
        0.475999,
        0.324876,
        2.64294,
        3.174391,
        2.1024209999999997,
        0.513082,
        0.317498,
        1.100609,
        3.246658,
        1.642597,
        0.636205,
        0.7131029999999999,
        2.895715,
        0.328926,
        2.781573,
        1.7499570000000002,
        1.154778,
        0.109132,
        2.5785500000000003,
        1.907172,
        1.8583699999999999
    ],
    [
        0.7214160000000001,
        2.549655,
        0.496803,
        0.0,
        2.355307,
        0.644893,
        2.406985,
        0.38655700000000004,
        0.907126,
        2.327992,
        1.076767,
        1.304843,
        0.024273,
        0.8657910000000001,
        1.39849,
        1.645012,
        1.0298530000000001,
        1.569524,
        0.559068,
        0.7123379999999999,
        1.9096579999999999,
        0.412796,
        2.424382,
        2.8723780000000003,
        0.911969,
        0.029815,
        1.100951,
        1.156222,
        2.458962,
        0.268518,
        2.203808,
        2.736977,
        2.207838,
        0.493027,
        0.691054,
        1.154949,
        0.065524,
        1.002666,
        0.321727,
        0.99356,
        0.7134299999999999,
        2.1773580000000003,
        2.894218,
        1.8380239999999999,
        0.092988,
        0.35420100000000004,
        0.677052,
        2.979851,
        1.501356,
        0.139402,
        1.243329,
        2.615542,
        0.31175,
        2.5014000000000003,
        2.206288,
        0.6851609999999999,
        0.647968,
        2.298376,
        1.4441890000000002,
        1.5781969999999998
    ],
    [
        2.173546,
        4.150246,
        2.6840289999999998,
        2.355307,
        0.0,
        1.988923,
        4.760052,
        2.065027,
        2.284426,
        3.9733739999999997,
        3.0745479999999996,
        2.285346,
        2.247595,
        1.702532,
        1.940192,
        1.319087,
        1.355765,
        3.251341,
        2.337908,
        2.689079,
        2.7516239999999996,
        2.509126,
        4.033352,
        3.339397,
        1.656354,
        2.226181,
        3.0630900000000003,
        1.4296520000000001,
        4.763687,
        2.3548519999999997,
        3.681295,
        2.359526,
        3.85322,
        2.605973,
        1.837385,
        2.8003310000000003,
        2.178181,
        2.478506,
        2.4080619999999997,
        3.07459,
        2.9139250000000003,
        1.799907,
        3.313415,
        3.483406,
        2.195133,
        2.769264,
        2.162053,
        2.6024000000000003,
        3.146738,
        2.1927869999999996,
        3.244951,
        4.260924,
        2.51089,
        4.146782,
        4.511012,
        1.866023,
        3.003622,
        3.0260770000000003,
        1.15702,
        3.223579
    ],
    [
        1.371406,
        3.96033,
        0.962253,
        0.644893,
        1.988923,
        0.0,
        2.9507220000000003,
        0.7645700000000001,
        1.587664,
        3.6793609999999997,
        1.184974,
        1.985381,
        0.6557029999999999,
        0.418557,
        0.747838,
        1.654895,
        0.739913,
        3.0415929999999998,
        0.427988,
        0.7800410000000001,
        2.550624,
        1.011937,
        2.381714,
        3.513344,
        0.464736,
        0.618597,
        2.6389050000000003,
        0.709761,
        2.954357,
        0.732279,
        2.029657,
        2.799821,
        2.8488029999999998,
        1.0921669999999999,
        0.812447,
        1.795915,
        0.61166,
        0.826868,
        0.785489,
        1.26526,
        1.536292,
        2.240201,
        3.535183,
        2.4789899999999996,
        0.57256,
        0.930768,
        1.357591,
        3.042694,
        2.142322,
        0.7803669999999999,
        1.355378,
        3.256507,
        0.888317,
        3.142366,
        2.701683,
        0.8401280000000001,
        1.013538,
        2.939342,
        1.4540730000000002,
        2.219163
    ],
    [
        2.715106,
        3.106629,
        1.990316,
        2.406985,
        4.760052,
        2.9507220000000003,
        0.0,
        2.612194,
        2.950351,
        2.641925,
        1.703448,
        3.348068,
        2.3488569999999998,
        3.1498150000000003,
        3.85864,
        3.791185,
        3.471171,
        3.182466,
        2.4120850000000003,
        1.974911,
        3.8907469999999997,
        2.1811350000000003,
        1.799408,
        4.620966999999999,
        3.1959940000000002,
        2.3859630000000003,
        2.375732,
        3.441019,
        1.8847239999999998,
        2.174878,
        2.7959609999999997,
        5.335227,
        2.88177,
        2.1891019999999997,
        2.796745,
        2.898838,
        2.421672,
        2.21785,
        2.121668,
        1.620998,
        1.659694,
        4.775607,
        4.642188,
        3.256566,
        2.350393,
        1.9925709999999999,
        2.720278,
        4.833268,
        3.435197,
        2.288735,
        1.36992,
        3.151738,
        2.01884,
        3.032586,
        2.327864,
        2.7744470000000003,
        1.888934,
        4.046347,
        4.0411399999999995,
        3.326168
    ],
    [
        0.606664,
        2.3684369999999997,
        0.883359,
        0.38655700000000004,
        2.065027,
        0.7645700000000001,
        2.612194,
        0.0,
        0.829048,
        2.249915,
        1.3325429999999998,
        1.226765,
        0.39384800000000003,
        0.9110739999999999,
        1.444546,
        1.219825,
        0.908254,
        1.527882,
        0.763933,
        0.923963,
        1.831581,
        0.535792,
        2.657855,
        2.794301,
        0.957253,
        0.373836,
        1.2377580000000001,
        1.0679159999999999,
        2.5957689999999998,
        0.572894,
        2.415433,
        2.3130900000000003,
        2.129761,
        0.6298339999999999,
        0.262961,
        1.076872,
        0.323992,
        1.214292,
        0.626104,
        1.286139,
        0.894601,
        1.7547709999999999,
        2.81614,
        1.759947,
        0.413175,
        0.7352069999999999,
        0.598975,
        2.555964,
        1.423279,
        0.310293,
        1.5029469999999998,
        2.537464,
        0.761476,
        2.423323,
        2.3430940000000002,
        0.290642,
        0.952345,
        2.220299,
        1.020302,
        1.50012
    ],
    [
        0.20114500000000002,
        1.927241,
        1.330682,
        0.907126,
        2.284426,
        1.587664,
        2.950351,
        0.829048,
        0.0,
        1.7268910000000002,
        1.661102,
        0.397717,
        0.84499,
        1.672769,
        2.2062399999999998,
        0.9653390000000001,
        1.582412,
        1.218214,
        1.401113,
        1.526555,
        0.9253089999999999,
        0.691824,
        3.16642,
        1.773764,
        1.7189469999999998,
        0.8250660000000001,
        1.174922,
        1.769493,
        2.801824,
        1.066694,
        3.052613,
        1.5500260000000001,
        1.606737,
        0.788671,
        0.738668,
        0.767204,
        0.84165,
        1.851472,
        1.152146,
        1.578652,
        1.169397,
        1.41791,
        1.795603,
        1.236923,
        0.953678,
        1.0230489999999999,
        0.328748,
        1.646692,
        1.1136110000000001,
        0.738539,
        2.006611,
        2.014441,
        1.049318,
        1.900299,
        2.549149,
        0.729165,
        1.34275,
        1.199762,
        1.130781,
        0.977096
    ],
    [
        1.98247,
        0.41801799999999995,
        2.149779,
        2.327992,
        3.9733739999999997,
        3.6793609999999997,
        2.641925,
        2.249915,
        1.7268910000000002,
        0.0,
        2.534494,
        1.57205,
        2.325836,
        3.7812759999999996,
        4.490102,
        2.531049,
        3.2105010000000003,
        0.646476,
        3.762748,
        2.820788,
        1.582317,
        1.671956,
        4.099863,
        2.1633560000000003,
        3.8274540000000004,
        2.3059119999999997,
        1.141393,
        4.0724789999999995,
        1.436838,
        2.178279,
        5.633497,
        2.423273,
        0.239844,
        1.5751089999999999,
        2.366757,
        1.178578,
        2.322496,
        3.28572,
        2.125069,
        2.633616,
        1.800896,
        2.913288,
        2.185196,
        0.772519,
        2.2043000000000004,
        1.995971,
        1.82561,
        2.525457,
        0.6345149999999999,
        2.2193850000000004,
        2.880002,
        0.504803,
        2.022241,
        0.390661,
        0.9790209999999999,
        2.3572539999999997,
        2.047647,
        1.600931,
        2.842326,
        0.873527
    ],
    [
        1.513255,
        2.952511,
        0.546541,
        1.076767,
        3.0745479999999996,
        1.184974,
        1.703448,
        1.3325429999999998,
        1.661102,
        2.534494,
        0.0,
        2.199376,
        1.088374,
        1.6356330000000001,
        1.461223,
        2.5156359999999998,
        1.956989,
        2.033775,
        0.899554,
        0.46238,
        2.741437,
        1.032443,
        1.605648,
        3.471657,
        1.6818119999999999,
        1.0939169999999998,
        1.22704,
        1.926836,
        1.946539,
        0.795584,
        1.954318,
        3.608901,
        2.9113870000000004,
        1.040411,
        1.562978,
        1.750146,
        1.129698,
        0.764401,
        0.8097380000000001,
        0.131409,
        0.5065040000000001,
        3.0492820000000003,
        3.4934969999999996,
        2.421527,
        0.971099,
        0.8744679999999999,
        1.571586,
        3.851775,
        2.286505,
        1.203503,
        0.407827,
        3.176345,
        0.912566,
        3.0622040000000004,
        1.693864,
        1.590659,
        0.588425,
        2.897656,
        2.3148139999999997,
        2.177476
    ],
    [
        0.598862,
        1.743954,
        1.7283989999999998,
        1.304843,
        2.285346,
        1.985381,
        3.348068,
        1.226765,
        0.397717,
        1.57205,
        2.199376,
        0.0,
        1.212138,
        1.923979,
        2.508934,
        0.9638869999999999,
        1.724758,
        1.32343,
        1.7682609999999999,
        1.893703,
        0.5491090000000001,
        1.058972,
        3.533569,
        1.397563,
        1.970157,
        1.1922139999999999,
        1.6207239999999998,
        1.911838,
        3.168972,
        1.433843,
        3.419762,
        1.173826,
        1.4518959999999999,
        1.155819,
        1.0378720000000001,
        0.861869,
        1.208799,
        2.21862,
        1.519295,
        1.9458,
        1.536545,
        1.3041859999999998,
        1.419403,
        1.064019,
        1.320827,
        1.390197,
        0.695896,
        1.270492,
        1.18964,
        1.1056869999999999,
        2.373759,
        1.8307390000000001,
        1.4164670000000001,
        1.716597,
        2.1270279999999997,
        1.0283689999999999,
        1.709898,
        0.823562,
        1.129329,
        0.733347
    ],
    [
        0.6971430000000001,
        2.5266010000000003,
        0.521076,
        0.024273,
        2.247595,
        0.6557029999999999,
        2.3488569999999998,
        0.39384800000000003,
        0.84499,
        2.325836,
        1.088374,
        1.212138,
        0.0,
        0.8723099999999999,
        1.405781,
        1.651004,
        1.037144,
        1.545251,
        0.5663590000000001,
        0.7196290000000001,
        1.916968,
        0.388524,
        2.448654,
        2.8796880000000002,
        0.918489,
        0.037106,
        1.0766790000000002,
        1.163514,
        2.4346889999999997,
        0.29279,
        2.2110990000000004,
        2.7442689999999996,
        2.215148,
        0.468754,
        0.698345,
        1.162259,
        0.072816,
        1.009958,
        0.346,
        1.017833,
        0.689157,
        2.185949,
        2.901527,
        1.845334,
        0.11726099999999999,
        0.378473,
        0.6843619999999999,
        2.8304099999999996,
        1.5086659999999998,
        0.14669300000000002,
        1.2676020000000001,
        2.6228510000000003,
        0.336022,
        2.50871,
        2.182015,
        0.697564,
        0.672241,
        2.305686,
        1.450181,
        1.585507
    ],
    [
        1.524922,
        4.199293,
        1.28883,
        0.8657910000000001,
        1.702532,
        0.418557,
        3.1498150000000003,
        0.9110739999999999,
        1.672769,
        3.7812759999999996,
        1.6356330000000001,
        1.923979,
        0.8723099999999999,
        0.0,
        0.6339130000000001,
        1.4468420000000002,
        0.419772,
        3.280557,
        0.8006559999999999,
        1.151827,
        2.697128,
        1.229054,
        2.4960999999999998,
        3.4671529999999997,
        0.046178,
        0.835715,
        2.877869,
        0.38961900000000005,
        3.193321,
        0.952465,
        2.144043,
        2.487282,
        2.995308,
        1.309285,
        0.958951,
        1.9424190000000001,
        0.828778,
        0.941254,
        1.0056749999999999,
        1.504224,
        1.7752560000000002,
        1.927662,
        3.4411709999999998,
        2.625493,
        0.792746,
        1.150954,
        1.504095,
        2.730156,
        2.288826,
        0.926871,
        1.707699,
        3.403011,
        1.108503,
        3.2888699999999997,
        2.940646,
        0.986632,
        1.4663689999999998,
        3.085846,
        1.2847760000000001,
        2.3656669999999997
    ],
    [
        2.058393,
        4.908119,
        1.35294,
        1.39849,
        1.940192,
        0.747838,
        3.85864,
        1.444546,
        2.2062399999999998,
        4.490102,
        1.461223,
        2.508934,
        1.405781,
        0.6339130000000001,
        0.0,
        1.922022,
        0.803269,
        3.989382,
        1.060046,
        1.080282,
        3.2336590000000003,
        1.765585,
        2.372071,
        3.942143,
        0.576508,
        1.372246,
        3.586694,
        0.658067,
        3.902146,
        1.453106,
        1.881815,
        2.962461,
        3.531838,
        3.021689,
        1.495482,
        2.4789499999999998,
        1.3653089999999999,
        0.8580099999999999,
        1.603272,
        1.510274,
        1.63709,
        2.402842,
        3.916351,
        3.1620250000000003,
        1.293386,
        1.655337,
        2.040626,
        3.205335,
        4.242113000000001,
        1.463402,
        1.640378,
        5.131953,
        1.7061,
        5.017812,
        3.649471,
        1.523163,
        1.394825,
        3.6223769999999997,
        1.7599559999999999,
        2.902198
    ],
    [
        0.880199,
        2.702953,
        2.109294,
        1.645012,
        1.319087,
        1.654895,
        3.791185,
        1.219825,
        0.9653390000000001,
        2.531049,
        2.5156359999999998,
        0.9638869999999999,
        1.651004,
        1.4468420000000002,
        1.922022,
        0.0,
        1.137845,
        2.016698,
        1.794195,
        1.947466,
        1.432538,
        1.424881,
        3.6813569999999998,
        2.165003,
        1.4929059999999998,
        1.486048,
        1.978845,
        1.3249259999999998,
        3.534882,
        1.614719,
        3.4473719999999997,
        1.0874359999999998,
        2.405221,
        1.521729,
        0.901073,
        1.5656880000000002,
        1.436204,
        2.244583,
        1.667929,
        2.3096419999999998,
        1.902455,
        0.896535,
        2.1390219999999998,
        2.023018,
        1.455,
        1.756106,
        1.077808,
        1.428197,
        1.912095,
        1.452655,
        2.526449,
        2.789501,
        1.782376,
        2.675596,
        3.282207,
        0.940197,
        1.99417,
        1.706991,
        0.200846,
        1.692346
    ],
    [
        1.434566,
        3.411266,
        1.610186,
        1.0298530000000001,
        1.355765,
        0.739913,
        3.471171,
        0.908254,
        1.582412,
        3.2105010000000003,
        1.956989,
        1.724758,
        1.037144,
        0.419772,
        0.803269,
        1.137845,
        0.0,
        2.5030259999999998,
        1.1162429999999999,
        1.467414,
        2.5703829999999996,
        1.326421,
        2.811688,
        3.158156,
        0.46595,
        1.033257,
        2.014576,
        0.177173,
        3.5146770000000003,
        1.1600840000000001,
        2.45963,
        2.178285,
        3.104906,
        1.406652,
        0.885127,
        2.0520169999999998,
        0.983413,
        1.2568409999999999,
        1.213294,
        1.82558,
        1.6270550000000001,
        1.618666,
        3.132174,
        2.7350920000000003,
        1.000365,
        1.358573,
        1.413739,
        2.4211590000000003,
        2.398424,
        0.998019,
        2.023286,
        3.512609,
        1.316122,
        3.398468,
        3.262002,
        0.912808,
        1.781957,
        2.844836,
        0.975779,
        2.475265
    ],
    [
        1.2604380000000002,
        1.0644939999999998,
        1.389867,
        1.569524,
        3.251341,
        3.0415929999999998,
        3.182466,
        1.527882,
        1.218214,
        0.646476,
        2.033775,
        1.32343,
        1.545251,
        3.280557,
        3.989382,
        2.016698,
        2.5030259999999998,
        0.0,
        2.0588040000000003,
        1.8781780000000001,
        1.423267,
        1.06023,
        3.599144,
        2.152868,
        3.326735,
        1.584305,
        0.529668,
        3.5717600000000003,
        1.121386,
        1.566553,
        3.545899,
        2.263604,
        1.034507,
        0.963383,
        1.659282,
        0.528008,
        1.620087,
        2.338145,
        1.513343,
        2.132897,
        1.189171,
        2.455576,
        2.174708,
        0.966167,
        1.592575,
        1.384246,
        1.118135,
        2.3657880000000002,
        0.252731,
        1.487077,
        2.379283,
        1.2994649999999999,
        1.4105150000000002,
        1.185324,
        0.8035979999999999,
        1.649779,
        1.435921,
        1.5794849999999998,
        2.134852,
        0.8229059999999999
    ],
    [
        1.253266,
        3.089484,
        0.744107,
        0.559068,
        2.337908,
        0.427988,
        2.4120850000000003,
        0.763933,
        1.401113,
        3.762748,
        0.899554,
        1.7682609999999999,
        0.5663590000000001,
        0.8006559999999999,
        1.060046,
        1.794195,
        1.1162429999999999,
        2.0588040000000003,
        0.0,
        0.495022,
        2.550525,
        0.9657100000000001,
        2.094415,
        3.5135259999999997,
        0.846834,
        0.589958,
        1.655482,
        1.0901990000000001,
        3.174792,
        0.676243,
        1.7422950000000001,
        3.096342,
        2.848705,
        1.045941,
        1.0504179999999999,
        1.795816,
        0.583021,
        0.541154,
        0.729453,
        0.901441,
        1.028257,
        2.536723,
        3.535084,
        2.478891,
        0.516524,
        0.874732,
        1.317919,
        3.339216,
        2.142223,
        0.721838,
        1.0703589999999998,
        3.256408,
        0.8322809999999999,
        3.142267,
        2.9221179999999998,
        1.0780999999999998,
        0.7859919999999999,
        2.939243,
        1.8022539999999998,
        2.219064
    ],
    [
        1.378708,
        3.2388049999999997,
        0.27982100000000004,
        0.7123379999999999,
        2.689079,
        0.7800410000000001,
        1.974911,
        0.923963,
        1.526555,
        2.820788,
        0.46238,
        1.893703,
        0.7196290000000001,
        1.151827,
        1.080282,
        1.947466,
        1.467414,
        1.8781780000000001,
        0.495022,
        0.0,
        2.659763,
        0.870183,
        1.787692,
        3.41727,
        1.1980050000000002,
        0.693937,
        1.257774,
        1.44303,
        2.2328330000000003,
        0.5159980000000001,
        1.6720419999999998,
        3.2003209999999997,
        2.75273,
        0.87815,
        1.154397,
        1.695759,
        0.687,
        0.464287,
        0.5301520000000001,
        0.437154,
        0.5639700000000001,
        2.640701,
        3.4391100000000003,
        2.36714,
        0.691514,
        0.582217,
        1.427157,
        3.4431950000000002,
        1.979077,
        0.825817,
        0.632784,
        3.1604340000000004,
        0.632981,
        3.0462919999999998,
        1.9801579999999999,
        1.1820789999999999,
        0.32170499999999996,
        2.843269,
        1.907533,
        2.123089
    ],
    [
        1.126453,
        1.61537,
        2.333215,
        1.9096579999999999,
        2.7516239999999996,
        2.550624,
        3.8907469999999997,
        1.831581,
        0.9253089999999999,
        1.582317,
        2.741437,
        0.5491090000000001,
        1.916968,
        2.697128,
        3.2336590000000003,
        1.432538,
        2.5703829999999996,
        1.423267,
        2.550525,
        2.659763,
        0.0,
        1.586564,
        4.200564,
        0.8484550000000001,
        2.5143780000000002,
        1.719806,
        1.848503,
        2.456059,
        2.4867339999999998,
        1.961435,
        4.229228,
        0.85227,
        1.462163,
        1.735962,
        1.633408,
        1.0897139999999998,
        1.736391,
        3.02563,
        2.195864,
        2.6083629999999998,
        2.190125,
        1.466942,
        0.870294,
        0.970839,
        1.848419,
        2.066766,
        1.2234880000000001,
        0.954453,
        1.231557,
        1.633279,
        3.036321,
        1.783405,
        2.093035,
        1.6692639999999999,
        2.168946,
        1.6239059999999998,
        2.3768939999999996,
        0.27445299999999995,
        1.5981569999999998,
        0.743614
    ],
    [
        0.5439769999999999,
        2.2036309999999997,
        0.605464,
        0.412796,
        2.509126,
        1.011937,
        2.1811350000000003,
        0.535792,
        0.691824,
        1.671956,
        1.032443,
        1.058972,
        0.388524,
        1.229054,
        1.765585,
        1.424881,
        1.326421,
        1.06023,
        0.9657100000000001,
        0.870183,
        1.586564,
        0.0,
        2.510049,
        2.635967,
        1.274692,
        0.42560000000000003,
        0.740173,
        1.5197170000000002,
        2.13557,
        0.5548339999999999,
        2.537904,
        2.780867,
        1.9714269999999998,
        0.09684699999999999,
        0.694461,
        0.914456,
        0.461381,
        1.335115,
        0.505348,
        0.917847,
        0.49961,
        2.221314,
        2.6578069999999996,
        1.585837,
        0.449048,
        0.37625,
        0.536288,
        2.848886,
        1.260863,
        0.328372,
        1.345806,
        2.3791309999999997,
        0.40252,
        2.264989,
        1.882895,
        0.6721630000000001,
        0.686378,
        2.0619650000000003,
        1.488079,
        1.3417860000000001
    ],
    [
        3.018574,
        4.51788,
        1.894156,
        2.424382,
        4.033352,
        2.381714,
        1.799408,
        2.657855,
        3.16642,
        4.099863,
        1.605648,
        3.533569,
        2.448654,
        2.4960999999999998,
        2.372071,
        3.6813569999999998,
        2.811688,
        3.599144,
        2.094415,
        1.787692,
        4.200564,
        2.510049,
        0.0,
        4.862543,
        2.546754,
        2.246938,
        2.594675,
        2.791779,
        3.314174,
        1.948606,
        1.378833,
        4.846431,
        4.279022,
        2.3234229999999996,
        2.678335,
        3.141032,
        2.210937,
        1.5577370000000001,
        1.96276,
        1.542988,
        1.8741400000000001,
        4.288396,
        4.884383,
        3.828189,
        2.124121,
        2.02749,
        2.859765,
        5.089305,
        3.315978,
        2.356525,
        1.064805,
        4.5439799999999995,
        2.065588,
        4.429839,
        3.061499,
        2.706016,
        1.741447,
        4.2885420000000005,
        3.436462,
        3.568362
    ],
    [
        1.9749079999999999,
        2.102701,
        3.152552,
        2.8723780000000003,
        3.339397,
        3.513344,
        4.620966999999999,
        2.794301,
        1.773764,
        2.1633560000000003,
        3.471657,
        1.397563,
        2.8796880000000002,
        3.4671529999999997,
        3.942143,
        2.165003,
        3.158156,
        2.152868,
        3.5135259999999997,
        3.41727,
        0.8484550000000001,
        2.635967,
        4.862543,
        0.0,
        3.513026,
        2.8660740000000002,
        2.5787220000000004,
        3.345046,
        3.2169540000000003,
        2.979293,
        4.95864,
        1.215796,
        1.979594,
        2.466181,
        2.4818629999999997,
        1.819934,
        2.8814409999999997,
        3.7558499999999997,
        2.926083,
        3.3385819999999997,
        2.9203449999999997,
        1.780489,
        0.080036,
        1.530826,
        2.993469,
        2.796986,
        2.071943,
        0.780658,
        1.961777,
        2.779547,
        3.766541,
        2.353114,
        2.823255,
        2.2389720000000004,
        2.899166,
        2.47236,
        3.107114,
        0.771223,
        2.2739589999999996,
        1.473834
    ],
    [
        1.5711,
        4.2454719999999995,
        1.3350090000000001,
        0.911969,
        1.656354,
        0.464736,
        3.1959940000000002,
        0.957253,
        1.7189469999999998,
        3.8274540000000004,
        1.6818119999999999,
        1.970157,
        0.918489,
        0.046178,
        0.576508,
        1.4929059999999998,
        0.46595,
        3.326735,
        0.846834,
        1.1980050000000002,
        2.5143780000000002,
        1.274692,
        2.546754,
        3.513026,
        0.0,
        0.881893,
        2.924047,
        0.355661,
        3.2395,
        0.998644,
        2.190221,
        2.53346,
        3.041486,
        1.3554629999999999,
        1.005129,
        1.988597,
        0.8749560000000001,
        0.987432,
        1.0518530000000001,
        1.550403,
        1.821435,
        1.973841,
        3.487349,
        2.671672,
        0.838924,
        1.197132,
        1.550274,
        2.776334,
        2.335004,
        0.97305,
        1.753877,
        3.44919,
        1.154681,
        3.3350479999999996,
        2.9868249999999996,
        1.032811,
        1.512548,
        3.132024,
        1.3309549999999999,
        2.411845
    ],
    [
        0.677219,
        2.5054589999999997,
        0.526618,
        0.029815,
        2.226181,
        0.618597,
        2.3859630000000003,
        0.373836,
        0.8250660000000001,
        2.3059119999999997,
        1.0939169999999998,
        1.1922139999999999,
        0.037106,
        0.835715,
        1.372246,
        1.486048,
        1.033257,
        1.584305,
        0.589958,
        0.693937,
        1.719806,
        0.42560000000000003,
        2.246938,
        2.8660740000000002,
        0.881893,
        0.0,
        1.113785,
        1.126407,
        2.471796,
        0.298332,
        2.173993,
        2.722854,
        2.200317,
        0.50586,
        0.6769299999999999,
        1.1474280000000001,
        0.049844,
        0.972851,
        0.35154199999999997,
        1.023375,
        0.726263,
        2.164534,
        2.8866959999999997,
        1.830503,
        0.122803,
        0.384015,
        0.66953,
        2.965727,
        1.493835,
        0.13188,
        1.273144,
        2.60802,
        0.34156400000000003,
        2.4938789999999997,
        2.219121,
        0.67764,
        0.677783,
        2.290855,
        1.428766,
        1.570676
    ],
    [
        1.049612,
        1.559411,
        0.921294,
        1.100951,
        3.0630900000000003,
        2.6389050000000003,
        2.375732,
        1.2377580000000001,
        1.174922,
        1.141393,
        1.22704,
        1.6207239999999998,
        1.0766790000000002,
        2.877869,
        3.586694,
        1.978845,
        2.014576,
        0.529668,
        1.655482,
        1.257774,
        1.848503,
        0.740173,
        2.594675,
        2.5787220000000004,
        2.924047,
        1.113785,
        0.0,
        3.1690720000000003,
        1.288867,
        1.096592,
        3.0759380000000003,
        2.687464,
        1.529424,
        0.621268,
        1.251893,
        0.8552179999999999,
        1.150125,
        1.868184,
        1.043382,
        1.14459,
        0.719209,
        2.681069,
        2.5991869999999997,
        1.542375,
        1.122613,
        0.914284,
        1.090252,
        2.789648,
        0.782398,
        1.017116,
        1.572549,
        1.7943820000000001,
        0.940554,
        1.680241,
        0.720018,
        1.229595,
        0.96596,
        2.003345,
        1.946601,
        1.282548
    ],
    [
        1.621646,
        3.598346,
        1.5800340000000002,
        1.156222,
        1.4296520000000001,
        0.709761,
        3.441019,
        1.0679159999999999,
        1.769493,
        4.0724789999999995,
        1.926836,
        1.911838,
        1.163514,
        0.38961900000000005,
        0.658067,
        1.3249259999999998,
        0.177173,
        3.5717600000000003,
        1.0901990000000001,
        1.44303,
        2.456059,
        1.5197170000000002,
        2.791779,
        3.345046,
        0.355661,
        1.126407,
        3.1690720000000003,
        0.0,
        3.484524,
        1.243668,
        2.4352460000000002,
        2.3653649999999997,
        3.291986,
        1.427894,
        1.072208,
        2.239097,
        1.0028110000000001,
        1.2324570000000001,
        1.296878,
        1.795428,
        1.6482970000000001,
        1.805746,
        3.319254,
        2.922172,
        1.083949,
        1.442157,
        1.600819,
        2.608239,
        2.585504,
        1.019262,
        1.998902,
        3.69969,
        1.399706,
        3.5855479999999997,
        3.23185,
        1.099889,
        1.757573,
        3.0319160000000003,
        1.16286,
        2.6623449999999997
    ],
    [
        2.653977,
        1.854855,
        2.002631,
        2.458962,
        4.763687,
        2.954357,
        1.8847239999999998,
        2.5957689999999998,
        2.801824,
        1.436838,
        1.946539,
        3.168972,
        2.4346889999999997,
        3.193321,
        3.902146,
        3.534882,
        3.5146770000000003,
        1.121386,
        3.174792,
        2.2328330000000003,
        2.4867339999999998,
        2.13557,
        3.314174,
        3.2169540000000003,
        3.2395,
        2.471796,
        1.288867,
        3.484524,
        0.0,
        2.444267,
        5.045542,
        3.436788,
        1.9476289999999998,
        2.143537,
        2.77733,
        1.701192,
        2.507505,
        2.697765,
        2.391058,
        2.045661,
        1.720671,
        4.819114,
        3.347892,
        2.13935,
        2.476685,
        2.26196,
        2.700863,
        3.538971,
        1.425914,
        2.374568,
        1.9042070000000002,
        2.053704,
        2.28823,
        2.0984450000000003,
        0.507977,
        2.7550320000000004,
        1.949912,
        2.75205,
        4.084645,
        1.996089
    ],
    [
        0.918847,
        2.619895,
        0.337566,
        0.268518,
        2.3548519999999997,
        0.732279,
        2.174878,
        0.572894,
        1.066694,
        2.178279,
        0.795584,
        1.433843,
        0.29279,
        0.952465,
        1.453106,
        1.614719,
        1.1600840000000001,
        1.566553,
        0.676243,
        0.5159980000000001,
        1.961435,
        0.5548339999999999,
        1.948606,
        2.979293,
        0.998644,
        0.298332,
        1.096592,
        1.243668,
        2.444267,
        0.0,
        2.183719,
        2.863693,
        2.441945,
        0.566525,
        0.817769,
        1.389056,
        0.33411399999999997,
        0.98093,
        0.05321,
        0.725043,
        0.515178,
        2.305373,
        3.128324,
        2.056354,
        0.17551499999999998,
        0.198489,
        0.9111589999999999,
        3.106567,
        1.735463,
        0.407919,
        0.974811,
        2.849648,
        0.156038,
        2.735507,
        2.1915929999999997,
        0.8454510000000001,
        0.37945100000000004,
        2.532483,
        1.570905,
        1.8123040000000001
    ],
    [
        2.9047669999999997,
        6.051515,
        1.9475419999999999,
        2.203808,
        3.681295,
        2.029657,
        2.7959609999999997,
        2.415433,
        3.052613,
        5.633497,
        1.954318,
        3.419762,
        2.2110990000000004,
        2.144043,
        1.881815,
        3.4473719999999997,
        2.45963,
        3.545899,
        1.7422950000000001,
        1.6720419999999998,
        4.229228,
        2.537904,
        1.378833,
        4.95864,
        2.190221,
        2.173993,
        3.0759380000000003,
        2.4352460000000002,
        5.045542,
        2.183719,
        0.0,
        4.441132,
        4.395796000000001,
        2.4975140000000002,
        2.59751,
        3.3429070000000003,
        2.130112,
        1.166981,
        2.149516,
        1.9618389999999999,
        2.183334,
        3.877709,
        5.082457000000001,
        4.010206,
        2.063615,
        2.201581,
        2.8650100000000003,
        4.684006,
        3.59844,
        2.2689299999999997,
        1.71982,
        4.8035,
        2.252344,
        4.689358,
        4.734649999999999,
        2.6251909999999996,
        1.941068,
        4.486335,
        3.234823,
        3.766156
    ],
    [
        1.543182,
        2.4563249999999996,
        3.201259,
        2.736977,
        2.359526,
        2.799821,
        5.335227,
        2.3130900000000003,
        1.5500260000000001,
        2.423273,
        3.608901,
        1.173826,
        2.7442689999999996,
        2.487282,
        2.962461,
        1.0874359999999998,
        2.178285,
        2.263604,
        3.096342,
        3.2003209999999997,
        0.85227,
        2.780867,
        4.846431,
        1.215796,
        2.53346,
        2.722854,
        2.687464,
        2.3653649999999997,
        3.436788,
        2.863693,
        4.441132,
        0.0,
        2.307775,
        2.1840070000000003,
        2.086472,
        1.935325,
        2.236987,
        3.288694,
        2.547482,
        2.973988,
        2.5647330000000004,
        0.800808,
        1.237635,
        1.818423,
        2.349015,
        2.4183850000000002,
        1.724084,
        0.512543,
        2.077169,
        2.133875,
        3.4019470000000003,
        2.630989,
        2.444655,
        2.516848,
        3.014557,
        1.811679,
        2.7380859999999996,
        0.9973500000000001,
        1.294278,
        1.589226
    ],
    [
        1.862317,
        0.392652,
        2.4880120000000003,
        2.207838,
        3.85322,
        2.8488029999999998,
        2.88177,
        2.129761,
        1.606737,
        0.239844,
        2.9113870000000004,
        1.4518959999999999,
        2.215148,
        2.995308,
        3.531838,
        2.405221,
        3.104906,
        1.034507,
        2.848705,
        2.75273,
        1.462163,
        1.9714269999999998,
        4.279022,
        1.979594,
        3.041486,
        2.200317,
        1.529424,
        3.291986,
        1.9476289999999998,
        2.441945,
        4.395796000000001,
        2.307775,
        0.0,
        1.785865,
        2.246603,
        1.1396169999999999,
