[
    [
        0.0,
        1.691535,
        1.0802470000000002,
        2.211821,
        1.811251,
        1.514037,
        1.746723,
        2.491385,
        2.018078,
        1.0918800000000002,
        0.49676,
        1.394264,
        1.2263060000000001,
        0.146267,
        2.066998,
        1.871528,
        1.735876,
        2.229108,
        2.01136,
        2.407331
    ],
    [
        1.691535,
        0.0,
        1.233983,
        2.235043,
        0.35010399999999997,
        0.469186,
        0.300682,
        2.2354220000000002,
        0.941667,
        2.086773,
        1.3592760000000002,
        1.1993179999999999,
        1.072875,
        1.757793,
        0.63267,
        3.010522,
        0.274729,
        0.752692,
        1.767276,
        2.727649
    ],
    [
        1.0802470000000002,
        1.233983,
        0.0,
        1.346144,
        1.101508,
        1.27694,
        1.259422,
        1.505198,
        1.790895,
        2.02369,
        1.296176,
        1.8003040000000001,
        0.281634,
        1.182134,
        1.268087,
        2.779319,
        1.077634,
        1.239959,
        1.037051,
        3.1871869999999998
    ],
    [
        2.211821,
        2.235043,
        1.346144,
        0.0,
        2.091468,
        2.311507,
        2.249382,
        0.629152,
        2.766293,
        3.13163,
        2.4041170000000003,
        2.831127,
        1.3124580000000001,
        2.291174,
        2.113781,
        3.88836,
        2.067594,
        1.580999,
        0.49245,
        4.2180100000000005
    ],
    [
        1.811251,
        0.35010399999999997,
        1.101508,
        2.091468,
        0.0,
        0.425668,
        0.189715,
        2.00879,
        0.798852,
        2.0432550000000003,
        1.315758,
        1.0925440000000002,
        0.9404,
        1.714275,
        0.31144499999999997,
        2.967005,
        0.13367400000000002,
        0.423603,
        1.5912739999999999,
        2.620875
    ],
    [
        1.514037,
        0.469186,
        1.27694,
        2.311507,
        0.425668,
        0.0,
        0.27578800000000003,
        2.31952,
        0.726827,
        1.7497360000000002,
        1.0222390000000001,
        0.790333,
        1.000422,
        1.4207560000000001,
        0.602228,
        2.673486,
        0.350293,
        0.87376,
        1.8513730000000002,
        2.319148
    ],
    [
        1.746723,
        0.300682,
        1.259422,
        2.249382,
        0.189715,
        0.27578800000000003,
        0.0,
        2.221227,
        0.640985,
        1.982421,
        1.254924,
        0.9253640000000001,
        1.0983150000000002,
        1.653441,
        0.364509,
        2.9061709999999996,
        0.18178899999999998,
        0.6360410000000001,
        1.803711,
        2.468402
    ],
    [
        2.491385,
        2.2354220000000002,
        1.505198,
        0.629152,
        2.00879,
        2.31952,
        2.221227,
        0.0,
        2.613994,
        3.010091,
        2.282578,
        2.709588,
        1.190919,
        2.1830819999999997,
        1.894767,
        3.93384,
        1.8966500000000002,
        1.4287,
        0.335125,
        4.096470999999999
    ],
    [
        2.018078,
        0.941667,
        1.790895,
        2.766293,
        0.798852,
        0.726827,
        0.640985,
        2.613994,
        0.0,
        2.0314200000000002,
        1.519659,
        0.686293,
        1.546965,
        1.912915,
        0.9382079999999999,
        3.054191,
        0.824849,
        1.245032,
        2.357234,
        2.447746
    ],
    [
        1.0918800000000002,
        2.086773,
        2.02369,
        3.13163,
        2.0432550000000003,
        1.7497360000000002,
        1.982421,
        3.010091,
        2.0314200000000002,
        0.0,
        0.769439,
        1.357728,
        1.8435570000000001,
        1.020507,
        2.252978,
        1.397723,
        1.921856,
        2.2043310000000003,
        2.7164699999999997,
        1.7500550000000001
    ],
    [
        0.49676,
        1.3592760000000002,
        1.296176,
        2.4041170000000003,
        1.315758,
        1.0222390000000001,
        1.254924,
        2.282578,
        1.519659,
        0.769439,
        0.0,
        0.925021,
        1.116044,
        0.383984,
        1.55126,
        1.684839,
        1.220138,
        1.502002,
        1.988957,
        2.077479
    ],
    [
        1.394264,
        1.1993179999999999,
        1.8003040000000001,
        2.831127,
        1.0925440000000002,
        0.790333,
        0.9253640000000001,
        2.709588,
        0.686293,
        1.357728,
        0.925021,
        0.0,
        1.575685,
        1.281489,
        1.270014,
        2.382469,
        1.080425,
        1.541546,
        2.426636,
        1.7760239999999998
    ],
    [
        1.2263060000000001,
        1.072875,
        0.281634,
        1.3124580000000001,
        0.9404,
        1.000422,
        1.0983150000000002,
        1.190919,
        1.546965,
        1.8435570000000001,
        1.116044,
        1.575685,
        0.0,
        1.029805,
        1.106979,
        2.750495,
        0.916526,
        1.0788520000000001,
        0.910597,
        2.919015
    ],
    [
        0.146267,
        1.757793,
        1.182134,
        2.291174,
        1.714275,
        1.4207560000000001,
        1.653441,
        2.1830819999999997,
        1.912915,
        1.020507,
        0.383984,
        1.281489,
        1.029805,
        0.0,
        1.946083,
        1.904535,
        1.6186559999999999,
        1.90052,
        2.079257,
        2.328575
    ],
    [
        2.066998,
        0.63267,
        1.268087,
        2.113781,
        0.31144499999999997,
        0.602228,
        0.364509,
        1.894767,
        0.9382079999999999,
        2.252978,
        1.55126,
        1.270014,
        1.106979,
        1.946083,
        0.0,
        3.249571,
        0.41624099999999997,
        0.466067,
        1.633737,
        2.7956689999999997
    ],
    [
        1.871528,
        3.010522,
        2.779319,
        3.88836,
        2.967005,
        2.673486,
        2.9061709999999996,
        3.93384,
        3.054191,
        1.397723,
        1.684839,
        2.382469,
        2.750495,
        1.904535,
        3.249571,
        0.0,
        2.859399,
        3.141263,
        3.64022,
        1.339033
    ],
    [
        1.735876,
        0.274729,
        1.077634,
        2.067594,
        0.13367400000000002,
        0.350293,
        0.18178899999999998,
        1.8966500000000002,
        0.824849,
        1.921856,
        1.220138,
        1.080425,
        0.916526,
        1.6186559999999999,
        0.41624099999999997,
        2.859399,
        0.0,
        0.435063,
        1.6109259999999999,
        2.608756
    ],
    [
        2.229108,
        0.752692,
        1.239959,
        1.580999,
        0.423603,
        0.87376,
        0.6360410000000001,
        1.4287,
        1.245032,
        2.2043310000000003,
        1.502002,
        1.541546,
        1.0788520000000001,
        1.90052,
        0.466067,
        3.141263,
        0.435063,
        0.0,
        1.16767,
        3.073537
    ],
    [
        2.01136,
        1.767276,
        1.037051,
        0.49245,
        1.5912739999999999,
        1.8513730000000002,
        1.803711,
        0.335125,
        2.357234,
        2.7164699999999997,
        1.988957,
        2.426636,
        0.910597,
        2.079257,
        1.633737,
        3.64022,
        1.6109259999999999,
        1.16767,
        0.0,
        3.761346
    ],
    [
        2.407331,
        2.727649,
        3.1871869999999998,
        4.2180100000000005,
        2.620875,
        2.319148,
        2.468402,
        4.096470999999999,
        2.447746,
        1.7500550000000001,
        2.077479,
        1.7760239999999998,
        2.919015,
        2.328575,
        2.7956689999999997,
        1.339033,
        2.608756,
        3.073537,
        3.761346,
        0.0
    ]
]