[
    [
        0.0,
        0.6278239999999999,
        0.648522,
        0.706186,
        0.653172,
        0.754513,
        1.014065,
        0.756738,
        1.356417,
        0.59266,
        1.2003030000000001,
        2.2538470000000004,
        1.015368,
        1.76954,
        0.888947,
        1.2923989999999999,
        3.1176239999999997,
        2.035962,
        0.8790330000000001,
        0.56171,
        0.5854349999999999,
        2.972966,
        0.503392,
        2.786946,
        0.257242,
        1.4101759999999999,
        0.813861,
        1.56316,
        0.449471,
        1.568141,
        1.629922,
        0.096156,
        0.601836,
        0.680962,
        0.922765
    ],
    [
        0.6278239999999999,
        0.0,
        0.020698,
        0.40823000000000004,
        0.489803,
        0.504951,
        0.764503,
        0.862812,
        1.286859,
        0.118023,
        1.130745,
        2.384154,
        0.35042399999999996,
        1.206239,
        0.639385,
        1.778594,
        3.235205,
        1.932055,
        0.6713490000000001,
        0.398341,
        0.285056,
        3.139888,
        0.168259,
        2.606468,
        1.146239,
        0.7442920000000001,
        0.192236,
        1.0059500000000001,
        0.8145370000000001,
        1.0109299999999999,
        1.560364,
        0.8355670000000001,
        0.438467,
        0.049081,
        0.853207
    ],
    [
        0.648522,
        0.020698,
        0.0,
        0.387532,
        0.473817,
        0.525649,
        0.785201,
        0.88351,
        1.284858,
        0.097324,
        1.09939,
        2.404852,
        0.329726,
        1.185541,
        0.660083,
        1.7626089999999999,
        3.255903,
        1.911357,
        0.650651,
        0.382355,
        0.255891,
        3.160587,
        0.18895699999999999,
        2.6271660000000003,
        1.1302539999999999,
        0.7235940000000001,
        0.17153800000000002,
        0.9852519999999999,
        0.798551,
        0.990232,
        1.5583630000000002,
        0.819581,
        0.422481,
        0.028383,
        0.821852
    ],
    [
        0.706186,
        0.40823000000000004,
        0.387532,
        0.0,
        0.38135199999999997,
        0.717923,
        0.896358,
        1.099663,
        0.990909,
        0.416231,
        0.855292,
        2.6210050000000003,
        0.39119400000000004,
        1.147907,
        0.8523569999999999,
        1.629605,
        3.4720549999999997,
        1.667259,
        0.406553,
        0.28989,
        0.272647,
        3.376739,
        0.361283,
        2.671138,
        0.99725,
        0.785063,
        0.250467,
        0.9476180000000001,
        0.678394,
        0.952598,
        1.264413,
        0.6994239999999999,
        0.33001600000000003,
        0.359148,
        0.577754
    ],
    [
        0.653172,
        0.489803,
        0.473817,
        0.38135199999999997,
        0.0,
        0.395597,
        0.6551480000000001,
        0.753458,
        1.263076,
        0.233743,
        1.106962,
        2.274799,
        0.623388,
        1.479203,
        0.5300309999999999,
        1.754811,
        3.12585,
        1.9426199999999998,
        0.791852,
        0.37455700000000003,
        0.26127300000000003,
        3.0305340000000003,
        0.144475,
        2.497114,
        1.076834,
        1.017256,
        0.46519900000000003,
        1.278913,
        0.7907540000000001,
        1.283894,
        1.536581,
        0.7128680000000001,
        0.41468299999999997,
        0.322045,
        0.8294239999999999
    ],
    [
        0.754513,
        0.504951,
        0.525649,
        0.717923,
        0.395597,
        0.0,
        0.25937,
        0.48201299999999997,
        1.500178,
        0.357243,
        1.3440640000000001,
        2.027052,
        0.589645,
        1.265782,
        0.134252,
        1.9919120000000001,
        2.878103,
        2.1797220000000004,
        0.9105700000000001,
        0.611659,
        0.498375,
        2.869687,
        0.381577,
        2.101335,
        1.162537,
        0.75288,
        0.431457,
        0.983715,
        1.027855,
        0.988696,
        1.773682,
        0.798572,
        0.651785,
        0.288302,
        1.0665250000000002
    ],
    [
        1.014065,
        0.764503,
        0.785201,
        0.896358,
        0.6551480000000001,
        0.25937,
        0.0,
        0.444749,
        1.759729,
        0.616795,
        1.603615,
        1.8058219999999998,
        0.509596,
        1.006412,
        0.125118,
        2.251464,
        2.656873,
        1.773624,
        1.160416,
        0.87121,
        0.7579260000000001,
        2.832422,
        0.641128,
        1.8419649999999999,
        1.368287,
        0.49351,
        0.6910080000000001,
        0.724345,
        1.232197,
        0.729326,
        2.0332339999999998,
        0.981542,
        0.911337,
        0.5478540000000001,
        1.326077
    ],
    [
        0.756738,
        0.862812,
        0.88351,
        1.099663,
        0.753458,
        0.48201299999999997,
        0.444749,
        0.0,
        1.856981,
        0.827648,
        1.700867,
        1.545039,
        0.954345,
        1.474502,
        0.34776100000000004,
        2.03857,
        2.39609,
        2.218374,
        1.3857570000000001,
        0.9684619999999999,
        0.855178,
        2.387673,
        0.73838,
        2.078138,
        0.963705,
        0.9382590000000001,
        0.913652,
        1.169094,
        1.0315640000000001,
        1.174075,
        2.130486,
        0.780909,
        1.008588,
        0.770497,
        1.423328
    ],
    [
        1.356417,
        1.286859,
        1.284858,
        0.990909,
        1.263076,
        1.500178,
        1.759729,
        1.856981,
        0.0,
        1.173549,
        0.715971,
        3.3783220000000003,
        1.288521,
        2.0659650000000003,
        1.633553,
        0.8163360000000001,
        4.229373,
        1.55163,
        0.682341,
        1.0472080000000001,
        1.029965,
        4.134056999999999,
        1.1186010000000002,
        3.569403,
        1.660327,
        1.683328,
        1.1477929999999998,
        1.836313,
        1.354712,
        1.8412929999999998,
        0.352235,
        1.375742,
        1.087334,
        1.256475,
        0.617394
    ],
    [
        0.59266,
        0.118023,
        0.097324,
        0.416231,
        0.233743,
        0.357243,
        0.616795,
        0.827648,
        1.173549,
        0.0,
        1.0174349999999999,
        2.350804,
        0.38964499999999996,
        1.24546,
        0.60422,
        1.6652840000000002,
        3.20004,
        1.853094,
        0.702326,
        0.28502999999999995,
        0.171746,
        3.104724,
        0.089268,
        2.571303,
        1.032929,
        0.783513,
        0.231457,
        1.045171,
        0.7012269999999999,
        1.050151,
        1.447054,
        0.7222569999999999,
        0.325156,
        0.088302,
        0.739897
    ],
    [
        1.2003030000000001,
        1.130745,
        1.09939,
        0.855292,
        1.106962,
        1.3440640000000001,
        1.603615,
        1.700867,
        0.715971,
        1.0174349999999999,
        0.0,
        3.2240230000000003,
        1.132407,
        1.877354,
        1.4774390000000002,
        1.532307,
        4.073259,
        0.856229,
        0.448739,
        0.891094,
        0.873851,
        3.9779430000000002,
        0.962487,
        3.4132890000000002,
        1.504213,
        1.5272139999999998,
        0.991679,
        1.680199,
        1.198598,
        1.685179,
        0.989476,
        1.219628,
        0.93122,
        1.1003610000000001,
        0.277538
    ],
    [
        2.2538470000000004,
        2.384154,
        2.404852,
        2.6210050000000003,
        2.274799,
        2.027052,
        1.8058219999999998,
        1.545039,
        3.3783220000000003,
        2.350804,
        3.2240230000000003,
        0.0,
        2.244647,
        2.202089,
        1.878876,
        3.520653,
        1.014041,
        3.506777,
        2.892073,
        2.474777,
        2.361493,
        1.7418589999999998,
        2.244695,
        0.7644679999999999,
        2.454687,
        2.089426,
        2.444766,
        2.142807,
        2.5136469999999997,
        2.147788,
        3.6368009999999997,
        2.263104,
        2.514903,
        2.301612,
        2.9296439999999997
    ],
    [
        1.015368,
        0.35042399999999996,
        0.329726,
        0.39119400000000004,
        0.623388,
        0.589645,
        0.509596,
        0.954345,
        1.288521,
        0.38964499999999996,
        1.132407,
        2.244647,
        0.0,
        0.966954,
        0.46559500000000004,
        1.944877,
        3.147762,
        1.585848,
        0.654314,
        0.52806,
        0.38661399999999996,
        3.201029,
        0.5085040000000001,
        2.2843760000000004,
        1.312522,
        0.39830099999999996,
        0.192661,
        0.6937279999999999,
        0.993666,
        0.698708,
        1.5620260000000001,
        1.014696,
        0.5681860000000001,
        0.301343,
        0.825515
    ],
    [
        1.76954,
        1.206239,
        1.185541,
        1.147907,
        1.479203,
        1.265782,
        1.006412,
        1.474502,
        2.0659650000000003,
        1.24546,
        1.877354,
        2.202089,
        0.966954,
        0.0,
        1.13153,
        2.692958,
        3.0972820000000003,
        2.082866,
        1.402395,
        1.342992,
        1.242429,
        3.660208,
        1.11291,
        1.909975,
        2.060603,
        0.665515,
        1.0484760000000002,
        0.41485700000000003,
        1.7417470000000002,
        0.419837,
        2.310107,
        1.762777,
        1.3831179999999998,
        1.019636,
        1.573596
    ],
    [
        0.888947,
        0.639385,
        0.660083,
        0.8523569999999999,
        0.5300309999999999,
        0.134252,
        0.125118,
        0.34776100000000004,
        1.633553,
        0.60422,
        1.4774390000000002,
        1.878876,
        0.46559500000000004,
        1.13153,
        0.0,
        2.126347,
        2.7438510000000003,
        1.898742,
        1.0450039999999998,
        0.746093,
        0.632808,
        2.735435,
        0.516011,
        1.9670830000000001,
        1.22039,
        0.6186280000000001,
        0.5658909999999999,
        0.849463,
        1.1070799999999998,
        0.854444,
        1.908116,
        0.856424,
        0.786219,
        0.422736,
        1.200959
    ],
    [
        1.2923989999999999,
        1.778594,
        1.7626089999999999,
        1.629605,
        1.754811,
        1.9919120000000001,
        2.251464,
        2.03857,
        0.8163360000000001,
        1.6652840000000002,
        1.532307,
        3.520653,
        1.944877,
        2.692958,
        2.126347,
        0.0,
        4.371493,
        2.692768,
        1.545843,
        1.497974,
        1.5217,
        4.226834,
        1.610336,
        4.092371,
        1.172766,
        2.34644,
        1.750125,
        2.499425,
        1.598628,
        2.504405,
        1.139837,
        1.405521,
        1.5380999999999998,
        1.753586,
        1.5795709999999998
    ],
    [
        3.1176239999999997,
        3.235205,
        3.255903,
        3.4720549999999997,
        3.12585,
        2.878103,
        2.656873,
        2.39609,
        4.229373,
        3.20004,
        4.073259,
        1.014041,
        3.147762,
        3.0972820000000003,
        2.7438510000000003,
        4.371493,
        0.0,
        4.3847190000000005,
        3.762489,
        3.345194,
        3.231909,
        1.342977,
        3.115112,
        1.662779,
        3.310346,
        2.967369,
        3.3227089999999997,
        3.099526,
        3.391054,
        3.1045059999999998,
        4.507217,
        3.1403980000000002,
        3.38532,
        3.179554,
        3.8000599999999998
    ],
    [
        2.035962,
        1.932055,
        1.911357,
        1.667259,
        1.9426199999999998,
        2.1797220000000004,
        1.773624,
        2.218374,
        1.55163,
        1.853094,
        0.856229,
        3.506777,
        1.585848,
        2.082866,
        1.898742,
        2.692768,
        4.3847190000000005,
        0.0,
        1.284398,
        1.7267519999999998,
        1.709509,
        4.609589,
        1.7981449999999999,
        3.417199,
        2.339871,
        1.531124,
        1.774292,
        1.826551,
        2.034257,
        1.831531,
        1.514798,
        2.055287,
        1.766878,
        1.882974,
        1.113197
    ],
    [
        0.8790330000000001,
        0.6713490000000001,
        0.650651,
        0.406553,
        0.791852,
        0.9105700000000001,
        1.160416,
        1.3857570000000001,
        0.682341,
        0.702326,
        0.448739,
        2.892073,
        0.654314,
        1.402395,
        1.0450039999999998,
        1.545843,
        3.762489,
        1.284398,
        0.0,
        0.575984,
        0.5587409999999999,
        3.6628339999999997,
        0.647377,
        2.935196,
        1.182943,
        1.0491210000000002,
        0.513586,
        1.203465,
        0.877328,
        1.208445,
        0.9558450000000001,
        0.898358,
        0.61611,
        0.622268,
        0.171201
    ],
    [
        0.56171,
        0.398341,
        0.382355,
        0.28989,
        0.37455700000000003,
        0.611659,
        0.87121,
        0.9684619999999999,
        1.0472080000000001,
        0.28502999999999995,
        0.891094,
        2.474777,
        0.52806,
        1.342992,
        0.746093,
        1.497974,
        3.345194,
        1.7267519999999998,
        0.575984,
        0.0,
        0.352735,
        3.121997,
        0.23593799999999998,
        2.588576,
        1.168296,
        1.108718,
        0.556662,
        1.370376,
        0.882216,
        1.375356,
        1.628043,
        0.804331,
        0.040125999999999995,
        0.413507,
        0.920886
    ],
    [
        0.5854349999999999,
        0.285056,
        0.255891,
        0.272647,
        0.26127300000000003,
        0.498375,
        0.7579260000000001,
        0.855178,
        1.029965,
        0.171746,
        0.873851,
        2.361493,
        0.38661399999999996,
        1.242429,
        0.632808,
        1.5217,
        3.231909,
        1.709509,
        0.5587409999999999,
        0.352735,
        0.0,
        3.132254,
        0.116798,
        2.598833,
        0.889345,
        0.780482,
        0.22842500000000002,
        1.042139,
        0.557643,
        1.0471199999999998,
        1.3034700000000001,
        0.578673,
        0.181572,
        0.22750800000000002,
        0.5963120000000001
    ],
    [
        2.972966,
        3.139888,
        3.160587,
        3.376739,
        3.0305340000000003,
        2.869687,
        2.832422,
        2.387673,
        4.134056999999999,
        3.104724,
        3.9779430000000002,
        1.7418589999999998,
        3.201029,
        3.660208,
        2.735435,
        4.226834,
        1.342977,
        4.609589,
        3.6628339999999997,
        3.121997,
        3.132254,
        0.0,
        3.0275309999999998,
        2.390598,
        3.156631,
        3.291171,
        3.2769369999999998,
        3.50084,
        3.237339,
        3.505821,
        4.419636000000001,
        2.9866840000000003,
        3.297739,
        3.133782,
        3.7124789999999996
    ],
    [
        0.503392,
        0.168259,
        0.18895699999999999,
        0.361283,
        0.144475,
        0.381577,
        0.641128,
        0.73838,
        1.1186010000000002,
        0.089268,
        0.962487,
        2.244695,
        0.5085040000000001,
        1.11291,
        0.516011,
        1.610336,
        3.115112,
        1.7981449999999999,
        0.647377,
        0.23593799999999998,
        0.116798,
        3.0275309999999998,
        0.0,
        2.4820349999999998,
        0.977981,
        0.8727809999999999,
        0.320724,
        1.134438,
        0.646279,
        1.1394190000000002,
        1.392106,
        0.6673089999999999,
        0.270208,
        0.17757,
        0.6849489999999999
    ],
    [
        2.786946,
        2.606468,
        2.6271660000000003,
        2.671138,
        2.497114,
        2.101335,
        1.8419649999999999,
        2.078138,
        3.569403,
        2.571303,
        3.4132890000000002,
        0.7644679999999999,
        2.2843760000000004,
        1.909975,
        1.9670830000000001,
        4.092371,
        1.662779,
        3.417199,
        2.935196,
        2.588576,
        2.598833,
        2.390598,
        2.4820349999999998,
        0.0,
        2.985971,
        1.9998479999999998,
        2.465542,
        1.850693,
        2.919508,
        1.855674,
        3.720545,
        2.675255,
        2.598647,
        2.2415659999999997,
        3.0949020000000003
    ],
    [
        0.257242,
        1.146239,
        1.1302539999999999,
        0.99725,
        1.076834,
        1.162537,
        1.368287,
        0.963705,
        1.660327,
        1.032929,
        1.504213,
        2.454687,
        1.312522,
        2.060603,
        1.22039,
        1.172766,
        3.310346,
        2.339871,
        1.182943,
        1.168296,
        0.889345,
        3.156631,
        0.977981,
        2.985971,
        0.0,
        1.714085,
        1.11777,
        1.86707,
        0.6839700000000001,
        1.87205,
        1.9338320000000002,
        0.330655,
        0.9057459999999999,
        0.915461,
        1.226675
    ],
    [
        1.4101759999999999,
        0.7442920000000001,
        0.7235940000000001,
        0.785063,
        1.017256,
        0.75288,
        0.49351,
        0.9382590000000001,
        1.683328,
        0.783513,
        1.5272139999999998,
        2.089426,
        0.39830099999999996,
        0.665515,
        0.6186280000000001,
        2.34644,
        2.967369,
        1.531124,
        1.0491210000000002,
        1.108718,
        0.780482,
        3.291171,
        0.8727809999999999,
        1.9998479999999998,
        1.714085,
        0.0,
        0.47308,
        0.594285,
        1.093674,
        0.5992649999999999,
        1.838951,
        1.015789,
        0.717604,
        0.35412099999999996,
        1.10244
    ],
    [
        0.813861,
        0.192236,
        0.17153800000000002,
        0.250467,
        0.46519900000000003,
        0.431457,
        0.6910080000000001,
        0.913652,
        1.1477929999999998,
        0.231457,
        0.991679,
        2.444766,
        0.192661,
        1.0484760000000002,
        0.5658909999999999,
        1.750125,
        3.3227089999999997,
        1.774292,
        0.513586,
        0.556662,
        0.22842500000000002,
        3.2769369999999998,
        0.320724,
        2.465542,
        1.11777,
        0.47308,
        0.0,
        0.848187,
        0.786068,
        0.853168,
        1.421298,
        0.807098,
        0.409997,
        0.143154,
        0.684787
    ],
    [
        1.56316,
        1.0059500000000001,
        0.9852519999999999,
        0.9476180000000001,
        1.278913,
        0.983715,
        0.724345,
        1.169094,
        1.836313,
        1.045171,
        1.680199,
        2.142807,
        0.6937279999999999,
        0.41485700000000003,
        0.849463,
        2.499425,
        3.099526,
        1.826551,
        1.203465,
        1.370376,
        1.042139,
        3.50084,
        1.134438,
        1.850693,
        1.86707,
        0.594285,
        0.848187,
        0.0,
        1.541458,
        0.013420999999999999,
        2.109817,
        1.424989,
        1.1268040000000001,
        0.763321,
        1.3733060000000001
    ],
    [
        0.449471,
        0.8145370000000001,
        0.798551,
        0.678394,
        0.7907540000000001,
        1.027855,
        1.232197,
        1.0315640000000001,
        1.354712,
        0.7012269999999999,
        1.198598,
        2.5136469999999997,
        0.993666,
        1.7417470000000002,
        1.1070799999999998,
        1.598628,
        3.391054,
        2.034257,
        0.877328,
        0.882216,
        0.557643,
        3.237339,
        0.646279,
        2.919508,
        0.6839700000000001,
        1.093674,
        0.786068,
        1.541458,
        0.0,
        1.5464390000000001,
        1.628217,
        0.353315,
        0.574043,
        0.705707,
        0.92106
    ],
    [
        1.568141,
        1.0109299999999999,
        0.990232,
        0.952598,
        1.283894,
        0.988696,
        0.729326,
        1.174075,
        1.8412929999999998,
        1.050151,
        1.685179,
        2.147788,
        0.698708,
        0.419837,
        0.854444,
        2.504405,
        3.1045059999999998,
        1.831531,
        1.208445,
        1.375356,
        1.0471199999999998,
        3.505821,
        1.1394190000000002,
        1.855674,
        1.87205,
        0.5992649999999999,
        0.853168,
        0.013420999999999999,
        1.5464390000000001,
        0.0,
        2.114798,
        1.429969,
        1.1317840000000001,
        0.768302,
        1.378287
    ],
    [
        1.629922,
        1.560364,
        1.5583630000000002,
        1.264413,
        1.536581,
        1.773682,
        2.0332339999999998,
        2.130486,
        0.352235,
        1.447054,
        0.989476,
        3.6368009999999997,
        1.5620260000000001,
        2.310107,
        1.908116,
        1.139837,
        4.507217,
        1.514798,
        0.9558450000000001,
        1.628043,
        1.3034700000000001,
        4.419636000000001,
        1.392106,
        3.720545,
        1.9338320000000002,
        1.838951,
        1.421298,
        2.109817,
        1.628217,
        2.114798,
        0.0,
        1.6492470000000001,
        1.360839,
        1.529979,
        0.890899
    ],
    [
        0.096156,
        0.8355670000000001,
        0.819581,
        0.6994239999999999,
        0.7128680000000001,
        0.798572,
        0.981542,
        0.780909,
        1.375742,
        0.7222569999999999,
        1.219628,
        2.263104,
        1.014696,
        1.762777,
        0.856424,
        1.405521,
        3.1403980000000002,
        2.055287,
        0.898358,
        0.804331,
        0.578673,
        2.9866840000000003,
        0.6673089999999999,
        2.675255,
        0.330655,
        1.015789,
        0.807098,
        1.424989,
        0.353315,
        1.429969,
        1.6492470000000001,
        0.0,
        0.595073,
        0.5848049999999999,
        0.94209
    ],
    [
        0.601836,
        0.438467,
        0.422481,
        0.33001600000000003,
        0.41468299999999997,
        0.651785,
        0.911337,
        1.008588,
        1.087334,
        0.325156,
        0.93122,
        2.514903,
        0.5681860000000001,
        1.3831179999999998,
        0.786219,
        1.5380999999999998,
        3.38532,
        1.766878,
        0.61611,
        0.040125999999999995,
        0.181572,
        3.297739,
        0.270208,
        2.598647,
        0.9057459999999999,
        0.717604,
        0.409997,
        1.1268040000000001,
        0.574043,
        1.1317840000000001,
        1.360839,
        0.595073,
        0.0,
        0.37338099999999996,
        0.88076
    ],
    [
        0.680962,
        0.049081,
        0.028383,
        0.359148,
        0.322045,
        0.288302,
        0.5478540000000001,
        0.770497,
        1.256475,
        0.088302,
        1.1003610000000001,
        2.301612,
        0.301343,
        1.019636,
        0.422736,
        1.753586,
        3.179554,
        1.882974,
        0.622268,
        0.413507,
        0.22750800000000002,
        3.133782,
        0.17757,
        2.2415659999999997,
        0.915461,
        0.35412099999999996,
        0.143154,
        0.763321,
        0.705707,
        0.768302,
        1.529979,
        0.5848049999999999,
        0.37338099999999996,
        0.0,
        0.793468
    ],
    [
        0.922765,
        0.853207,
        0.821852,
        0.577754,
        0.8294239999999999,
        1.0665250000000002,
        1.326077,
        1.423328,
        0.617394,
        0.739897,
        0.277538,
        2.9296439999999997,
        0.825515,
        1.573596,
        1.200959,
        1.5795709999999998,
        3.8000599999999998,
        1.113197,
        0.171201,
        0.920886,
        0.5963120000000001,
        3.7124789999999996,
        0.6849489999999999,
        3.0949020000000003,
        1.226675,
        1.10244,
        0.684787,
        1.3733060000000001,
        0.92106,
        1.378287,
        0.890899,
        0.94209,
        0.88076,
        0.793468,
        0.0
    ]
]