[
    [
        0.0,
        0.0,
        1.838399,
        1.828659,
        0.571108,
        0.711403
    ],
    [
        0.0,
        0.0,
        1.838399,
        1.828659,
        0.571108,
        0.711403
    ],
    [
        1.838399,
        1.838399,
        0.0,
        3.4051109999999998,
        2.409507,
        2.350723
    ],
    [
        1.828659,
        1.828659,
        3.4051109999999998,
        0.0,
        1.732633,
        1.2067249999999998
    ],
    [
        0.571108,
        0.571108,
        2.409507,
        1.732633,
        0.0,
        0.615377
    ],
    [
        0.711403,
        0.711403,
        2.350723,
        1.2067249999999998,
        0.615377,
        0.0
    ]
]