[
  [
    0.0, 0.269335, 0.352908, 0.46247000000000005, 0.422685, 1.296761, 0.235543,
    1.013769, 0.702025, 0.690922, 0.955136, 0.452442, 0.356671, 1.605464,
    1.018841, 0.345994, 0.13745500000000002, 1.505371, 0.436622, 0.706013,
    0.13805, 1.177219, 0.32125099999999995, 0.313024, 1.021633, 0.597675,
    1.027618, 0.362986, 0.263755, 0.766517, 0.543595, 0.507865, 0.855918,
    0.639884, 0.529289, 0.764885, 0.785048, 0.36840300000000004, 0.29454,
    0.760057
  ],
  [
    0.269335, 0.0, 0.10737000000000001, 0.443195, 0.454938, 1.525506, 0.033792,
    1.174678, 0.671626, 0.627171, 1.31098, 0.585952, 0.087336, 1.921956,
    1.17975, 0.305224, 0.312282, 1.826553, 0.503035, 0.607304,
    0.31168599999999996, 1.507242, 0.248862, 0.075016, 1.182542, 0.766156,
    1.188526, 0.723478, 0.025747, 1.029696, 0.749016, 0.395893,
    1.1859410000000001, 0.29973700000000003, 0.595702, 0.7850170000000001,
    0.804062, 0.269695, 0.209735, 0.675138
  ],
  [
    0.352908, 0.10737000000000001, 0.0, 0.6838730000000001, 0.695616, 1.766185,
    0.27447000000000005, 1.225908, 0.722855, 0.6784009999999999,
    1.3622100000000001, 0.637182, 0.035, 1.9731859999999999, 1.23098, 0.545902,
    0.363512, 1.8777819999999998, 0.554264, 0.515145, 0.362916, 1.558472,
    0.30009199999999997, 0.31569400000000003, 1.2337719999999999, 0.817385,
    1.239756, 0.9641559999999999, 0.266425, 1.0809259999999998, 0.800245,
    0.291421, 1.237171, 0.40714999999999996, 0.646931, 1.025695, 1.04474,
    0.320925, 0.450413, 0.543613
  ],
  [
    0.46247000000000005, 0.443195, 0.6838730000000001, 0.0,
    0.039784999999999994, 1.123414, 0.422929, 1.0878610000000002, 1.059915,
    1.081328, 1.005809, 0.774143, 0.544057, 1.702669, 1.092932, 0.341843,
    0.539252, 1.602576, 0.810039, 1.032699, 0.538657, 1.2278930000000001,
    0.674257, 0.488551, 1.095724, 0.65859, 1.101709, 0.321385, 0.465318,
    0.817191, 0.594269, 0.852356, 0.906592, 0.679454, 0.902706, 0.382924,
    0.401969, 0.69509, 0.290389, 1.1363910000000002
  ],
  [
    0.422685, 0.454938, 0.695616, 0.039784999999999994, 0.0, 1.135157, 0.421146,
    1.099604, 1.071658, 1.0507819999999999, 1.017552, 0.785886, 0.542274,
    1.714412, 1.1046749999999999, 0.34006000000000003, 0.5374690000000001,
    1.614319, 0.821782, 1.030916, 0.536873, 1.239636, 0.672474, 0.486768,
    1.1074680000000001, 0.670333, 1.113452, 0.333128, 0.46353500000000003,
    0.828934, 0.606012, 0.850573, 0.918335, 0.677671, 0.914449, 0.394667,
    0.41371199999999997, 0.6933060000000001, 0.288606, 1.1346079999999998
  ],
  [
    1.296761, 1.525506, 1.766185, 1.123414, 1.135157, 0.0, 1.491715,
    0.9888440000000001, 1.439674, 1.515392, 0.657095, 1.2656939999999999,
    1.612843, 0.601549, 0.983773, 1.410629, 1.608038, 0.501455, 1.30159,
    1.764092, 1.607442, 0.537447, 1.531171, 1.557337, 0.975966, 0.992382,
    0.969982, 0.946, 1.5341040000000001, 0.9324199999999999, 0.997777,
    1.7762660000000001, 0.7250489999999999, 1.74824, 1.394257,
    0.9521069999999999, 0.9412849999999999, 1.579739, 1.359175,
    1.9702270000000002
  ],
  [
    0.235543, 0.033792, 0.27447000000000005, 0.422929, 0.421146, 1.491715, 0.0,
    1.177143, 0.674091, 0.629636, 1.313445, 0.588418, 0.121128,
    1.9244210000000002, 1.182215, 0.26603899999999997, 0.314747, 1.829018,
    0.5055, 0.60977, 0.314152, 1.5097070000000001, 0.251328, 0.077481,
    1.1850070000000001, 0.768621, 1.190992, 0.689686, 0.028212, 1.032161,
    0.751481, 0.429427, 1.188407, 0.421367, 0.598167, 0.751225,
    0.7702709999999999, 0.27216, 0.2122, 0.681619
  ],
  [
    1.013769, 1.174678, 1.225908, 1.0878610000000002, 1.099604,
    0.9888440000000001, 1.177143, 0.0, 0.522651, 0.645278, 0.37249, 0.588726,
    1.243306, 0.747278, 0.005072, 1.375076, 1.167075, 0.651875, 0.671644,
    1.072222, 1.166479, 0.47802300000000003, 0.993464, 1.199659, 0.050939,
    0.417403, 0.044954999999999995, 0.789011, 1.15039, 0.253566,
    0.6203909999999999, 1.19037, 0.29695499999999997, 1.38252, 0.599837,
    0.922558, 0.926672, 0.9938429999999999, 1.323622, 1.285037
  ],
  [
    0.702025, 0.671626, 0.722855, 1.059915, 1.071658, 1.439674, 0.674091,
    0.522651, 0.0, 0.122627, 0.7960280000000001, 0.394247, 0.758962, 1.281001,
    0.5426960000000001, 0.945523, 0.682731, 1.189499, 0.390638, 0.587878,
    0.6821349999999999, 1.015647, 0.5091209999999999, 0.715315, 0.588563,
    0.45105, 0.582579, 0.7637820000000001, 0.6660470000000001, 0.514744,
    0.595163, 0.7060259999999999, 0.720493, 0.8981760000000001, 0.115493,
    1.165681, 1.1858440000000001, 0.509499, 0.850034, 0.845789
  ],
  [
    0.690922, 0.627171, 0.6784009999999999, 1.081328, 1.0507819999999999,
    1.515392, 0.629636, 0.645278, 0.122627, 0.0, 0.871746, 0.46245299999999995,
    0.714507, 1.403629, 0.665323, 0.901068, 0.638276, 1.312126, 0.379535,
    0.481359, 0.637681, 1.145238, 0.464666, 0.67086, 0.743308, 0.526768,
    0.705206, 0.8395, 0.621592, 0.590462, 0.670881, 0.5995069999999999,
    0.796212, 0.791658, 0.19121100000000002, 1.241399, 1.2615619999999999,
    0.402981, 0.8055789999999999, 0.812277
  ],
  [
    0.955136, 1.31098, 1.3622100000000001, 1.005809, 1.017552, 0.657095,
    1.313445, 0.37249, 0.7960280000000001, 0.871746, 0.0, 0.725028,
    1.3682249999999998, 0.683292, 0.367418, 1.288754, 1.2919939999999999,
    0.583198, 0.807946, 1.208524, 1.2913979999999998, 0.273492,
    1.1183830000000001, 1.324578, 0.321551, 0.36655, 0.327535, 0.701354,
    1.275309, 0.306588, 0.58499, 1.326672, 0.099217, 1.518822, 0.736139,
    0.852976, 0.852982, 1.130145, 1.2372999999999998, 1.518067
  ],
  [
    0.452442, 0.585952, 0.637182, 0.774143, 0.785886, 1.2656939999999999,
    0.588418, 0.588726, 0.394247, 0.46245299999999995, 0.725028, 0.0, 0.673289,
    1.336004, 0.593797, 0.85985, 0.5970570000000001, 1.2406, 0.082918,
    0.6563680000000001, 0.5964619999999999, 0.99852, 0.423447, 0.629642,
    0.5965900000000001, 0.19587700000000002, 0.6025739999999999, 0.480899,
    0.580373, 0.443744, 0.329415, 0.6685420000000001, 0.6494930000000001,
    0.8606929999999999, 0.13296, 0.882798, 0.90296, 0.47201600000000005,
    0.764361, 0.862503
  ],
  [
    0.356671, 0.087336, 0.035, 0.544057, 0.542274, 1.612843, 0.121128, 1.243306,
    0.758962, 0.714507, 1.3682249999999998, 0.673289, 0.0, 2.009292, 1.267086,
    0.39256, 0.399618, 1.913889, 0.590371, 0.550145, 0.399023, 1.594578,
    0.336199, 0.162352, 1.2698779999999998, 0.8534919999999999, 1.275863,
    0.8108139999999999, 0.113084, 1.117032, 0.836352, 0.326421, 1.273278,
    0.212401, 0.683038, 0.8723529999999999, 0.891398, 0.35703199999999996,
    0.29707100000000003, 0.587802
  ],
  [
    1.605464, 1.921956, 1.9731859999999999, 1.702669, 1.714412, 0.601549,
    1.9244210000000002, 0.747278, 1.281001, 1.403629, 0.683292, 1.336004,
    2.009292, 0.0, 0.748116, 1.989885, 1.967421, 0.195728, 1.47199, 1.813703,
    1.966825, 0.423091, 1.79381, 2.0000050000000003, 0.7403099999999999,
    1.035819, 0.734325, 1.3454169999999999, 1.9507370000000002, 0.975857,
    1.233324, 1.990716, 0.768486, 2.182866, 1.400183, 1.531363, 1.520541,
    1.794189, 1.938431, 2.028321
  ],
  [
    1.018841, 1.17975, 1.23098, 1.092932, 1.1046749999999999, 0.983773,
    1.182215, 0.005072, 0.5426960000000001, 0.665323, 0.367418, 0.593797,
    1.267086, 0.748116, 0.0, 1.380148, 1.172146, 0.646803, 0.6767150000000001,
    1.0772929999999998, 1.171551, 0.472952, 0.998536, 1.20473, 0.045868,
    0.42247500000000004, 0.039883, 0.794082, 1.155462, 0.258637, 0.625463,
    1.195441, 0.29188400000000003, 1.3875920000000002, 0.604908, 0.927629,
    0.931744, 0.998915, 1.328693, 1.290108
  ],
  [
    0.345994, 0.305224, 0.545902, 0.341843, 0.34006000000000003, 1.410629,
    0.26603899999999997, 1.375076, 0.945523, 0.901068, 1.288754, 0.85985,
    0.39256, 1.989885, 1.380148, 0.0, 0.38236200000000004, 1.889791,
    0.7769320000000001, 0.881202, 0.381767, 1.515108, 0.52276, 0.302709,
    1.38294, 0.9458049999999999, 1.388924, 0.6086, 0.279476, 1.104406, 0.881484,
    0.700859, 1.193807, 0.49361200000000005, 0.869599, 0.6527540000000001,
    0.6751090000000001, 0.543592, 0.095489, 0.950549
  ],
  [
    0.13745500000000002, 0.312282, 0.363512, 0.539252, 0.5374690000000001,
    1.608038, 0.314747, 1.167075, 0.682731, 0.638276, 1.2919939999999999,
    0.5970570000000001, 0.399618, 1.967421, 1.172146, 0.38236200000000004, 0.0,
    1.8376579999999998, 0.51414, 0.644729, 0.0005949999999999999, 1.518347,
    0.259967, 0.355971, 1.193647, 0.777261, 1.199632, 0.806009,
    0.30670299999999995, 1.0408009999999999, 0.7601209999999999,
    0.5184690000000001, 1.197047, 0.6341979999999999, 0.606807, 0.867548,
    0.886593, 0.30712, 0.33090800000000004, 0.77066
  ],
  [
    1.505371, 1.826553, 1.8777819999999998, 1.602576, 1.614319, 0.501455,
    1.829018, 0.651875, 1.189499, 1.312126, 0.583198, 1.2406, 1.913889,
    0.195728, 0.646803, 1.889791, 1.8376579999999998, 0.0, 1.323518, 1.724096,
    1.818354, 0.32299700000000003, 1.6453389999999999, 1.8515329999999999,
    0.638996, 0.935725, 0.6330119999999999, 1.245324, 1.802265, 0.875764,
    1.13323, 1.842244, 0.668393, 2.034395, 1.251711, 1.431269,
    1.4204469999999998, 1.645718, 1.8383369999999999, 1.936911
  ],
  [
    0.436622, 0.503035, 0.554264, 0.810039, 0.821782, 1.30159, 0.5055, 0.671644,
    0.390638, 0.379535, 0.807946, 0.082918, 0.590371, 1.47199,
    0.6767150000000001, 0.7769320000000001, 0.51414, 1.323518, 0.0, 0.57345,
    0.513544, 1.0814380000000001, 0.34052899999999997, 0.5467240000000001,
    0.679508, 0.278795, 0.685492, 0.508413, 0.497455, 0.5266620000000001,
    0.35693, 0.585624, 0.7324109999999999, 0.777775, 0.092667, 0.910312,
    0.930475, 0.389098, 0.681443, 0.779586
  ],
  [
    0.706013, 0.607304, 0.515145, 1.032699, 1.030916, 1.764092, 0.60977,
    1.072222, 0.587878, 0.481359, 1.208524, 0.6563680000000001, 0.550145,
    1.813703, 1.0772929999999998, 0.881202, 0.644729, 1.724096, 0.57345, 0.0,
    0.637667, 1.482016, 0.54257, 0.6509940000000001, 1.080086,
    0.8365710000000001, 1.0860699999999999, 0.970915, 0.6017250000000001,
    0.9272400000000001, 0.819431, 0.333803, 1.132989, 0.498421, 0.527989,
    1.360995, 1.38004, 0.337609, 0.785713, 0.293861
  ],
  [
    0.13805, 0.31168599999999996, 0.362916, 0.538657, 0.536873, 1.607442,
    0.314152, 1.166479, 0.6821349999999999, 0.637681, 1.2913979999999998,
    0.5964619999999999, 0.399023, 1.966825, 1.171551, 0.381767,
    0.0005949999999999999, 1.818354, 0.513544, 0.637667, 0.0, 1.517752,
    0.259372, 0.35537599999999997, 1.193052, 0.7766649999999999, 1.199036,
    0.805414, 0.306107, 1.040206, 0.759525, 0.517873, 1.196451,
    0.6336029999999999, 0.606211, 0.866953, 0.8859980000000001, 0.306525,
    0.33031299999999997, 0.770065
  ],
  [
    1.177219, 1.507242, 1.558472, 1.2278930000000001, 1.239636, 0.537447,
    1.5097070000000001, 0.47802300000000003, 1.015647, 1.145238, 0.273492,
    0.99852, 1.594578, 0.423091, 0.472952, 1.515108, 1.518347,
    0.32299700000000003, 1.0814380000000001, 1.482016, 1.517752, 0.0, 1.344737,
    1.550931, 0.465145, 0.626019, 0.459161, 0.9234370000000001, 1.501663,
    0.566058, 0.8113429999999999, 1.5898320000000001, 0.35868700000000003,
    1.781982, 1.013422, 1.075059, 1.0750650000000002, 1.393305, 1.463654,
    1.7630599999999998
  ],
  [
    0.32125099999999995, 0.248862, 0.30009199999999997, 0.674257, 0.672474,
    1.531171, 0.251328, 0.993464, 0.5091209999999999, 0.464666,
    1.1183830000000001, 0.423447, 0.336199, 1.79381, 0.998536, 0.52276,
    0.259967, 1.6453389999999999, 0.34052899999999997, 0.54257, 0.259372,
    1.344737, 0.0, 0.29255200000000003, 1.020037, 0.60365, 1.0260209999999998,
    0.737994, 0.243283, 0.867191, 0.58651, 0.455049, 1.023436, 0.570779,
    0.433196, 1.002553, 1.021598, 0.204961, 0.427271, 0.7487050000000001
  ],
  [
    0.313024, 0.075016, 0.31569400000000003, 0.488551, 0.486768, 1.557337,
    0.077481, 1.199659, 0.715315, 0.67086, 1.324578, 0.629642, 0.162352,
    2.0000050000000003, 1.20473, 0.302709, 0.355971, 1.8515329999999999,
    0.5467240000000001, 0.6509940000000001, 0.35537599999999997, 1.550931,
    0.29255200000000003, 0.0, 1.226231, 0.809845, 1.232216, 0.755308, 0.049268,
    1.073385, 0.792705, 0.470651, 1.2296310000000001, 0.416388,
    0.6393909999999999, 0.816847, 0.8358920000000001, 0.313384, 0.20722,
    0.722842
  ],
  [
    1.021633, 1.182542, 1.2337719999999999, 1.095724, 1.1074680000000001,
    0.975966, 1.1850070000000001, 0.050939, 0.588563, 0.743308, 0.321551,
    0.5965900000000001, 1.2698779999999998, 0.7403099999999999, 0.045868,
    1.38294, 1.193647, 0.638996, 0.679508, 1.080086, 1.193052, 0.465145,
    1.020037, 1.226231, 0.0, 0.421403, 0.005984, 0.774645, 1.158254, 0.257565,
    0.628255, 1.198234, 0.24601599999999998, 1.390384, 0.607701, 0.926268,
    0.926274, 1.001707, 1.3314860000000002, 1.335976
  ],
  [
    0.597675, 0.766156, 0.817385, 0.65859, 0.670333, 0.992382, 0.768621,
    0.417403, 0.45105, 0.526768, 0.36655, 0.19587700000000002,
    0.8534919999999999, 1.035819, 0.42247500000000004, 0.9458049999999999,
    0.777261, 0.935725, 0.278795, 0.8365710000000001, 0.7766649999999999,
    0.626019, 0.60365, 0.809845, 0.421403, 0.0, 0.427387, 0.35974, 0.760577,
    0.16383699999999998, 0.19112, 0.848746, 0.26733300000000004, 1.040896,
    0.328837, 0.712798, 0.716913, 0.6522190000000001, 0.894351, 1.042707
  ],
  [
    1.027618, 1.188526, 1.239756, 1.101709, 1.113452, 0.969982, 1.190992,
    0.044954999999999995, 0.582579, 0.705206, 0.327535, 0.6025739999999999,
    1.275863, 0.734325, 0.039883, 1.388924, 1.199632, 0.6330119999999999,
    0.685492, 1.0860699999999999, 1.199036, 0.459161, 1.0260209999999998,
    1.232216, 0.005984, 0.427387, 0.0, 0.78063, 1.164239, 0.26355, 0.63424,
    1.204218, 0.252, 1.3963679999999998, 0.6136849999999999, 0.932252, 0.932258,
    1.0076910000000001, 1.33747, 1.329991
  ],
  [
    0.362986, 0.723478, 0.9641559999999999, 0.321385, 0.333128, 0.946, 0.689686,
    0.789011, 0.7637820000000001, 0.8395, 0.701354, 0.480899,
    0.8108139999999999, 1.3454169999999999, 0.794082, 0.6086, 0.806009,
    1.245324, 0.508413, 0.970915, 0.805414, 0.9234370000000001, 0.737994,
    0.755308, 0.774645, 0.35974, 0.78063, 0.0, 0.732075, 0.518341, 0.295419,
    0.985865, 0.602136, 0.946211, 0.603857, 0.401381, 0.420427, 0.789338,
    0.5571459999999999, 1.179826
  ],
  [
    0.263755, 0.025747, 0.266425, 0.465318, 0.46353500000000003,
    1.5341040000000001, 0.028212, 1.15039, 0.6660470000000001, 0.621592,
    1.275309, 0.580373, 0.113084, 1.9507370000000002, 1.155462, 0.279476,
    0.30670299999999995, 1.802265, 0.497455, 0.6017250000000001, 0.306107,
    1.501663, 0.243283, 0.049268, 1.158254, 0.760577, 1.164239, 0.732075, 0.0,
    1.024117, 0.743436, 0.421383, 1.1803620000000001, 0.393155,
    0.5901219999999999, 0.793614, 0.812659, 0.26411599999999996, 0.183988,
    0.673574
  ],
  [
    0.766517, 1.029696, 1.0809259999999998, 0.817191, 0.828934,
    0.9324199999999999, 1.032161, 0.253566, 0.514744, 0.590462, 0.306588,
    0.443744, 1.117032, 0.975857, 0.258637, 1.104406, 1.0408009999999999,
    0.875764, 0.5266620000000001, 0.9272400000000001, 1.040206, 0.566058,
    0.867191, 1.073385, 0.257565, 0.16383699999999998, 0.26355, 0.518341,
    1.024117, 0.0, 0.400641, 1.045388, 0.207371, 1.237538, 0.454855,
    0.6689919999999999, 0.673107, 0.848861, 1.0529519999999999, 1.236783
  ],
  [
    0.543595, 0.749016, 0.800245, 0.594269, 0.606012, 0.997777, 0.751481,
    0.6203909999999999, 0.595163, 0.670881, 0.58499, 0.329415, 0.836352,
    1.233324, 0.625463, 0.881484, 0.7601209999999999, 1.13323, 0.35693,
    0.819431, 0.759525, 0.8113429999999999, 0.58651, 0.792705, 0.628255,
    0.19112, 0.63424, 0.295419, 0.743436, 0.400641, 0.0, 0.8315710000000001,
    0.490043, 1.023721, 0.449562, 0.6037830000000001, 0.607898,
    0.6350439999999999, 0.8300299999999999, 1.0255319999999999
  ],
  [
    0.507865, 0.395893, 0.291421, 0.852356, 0.850573, 1.7762660000000001,
    0.429427, 1.19037, 0.7060259999999999, 0.5995069999999999, 1.326672,
    0.6685420000000001, 0.326421, 1.990716, 1.195441, 0.700859,
    0.5184690000000001, 1.842244, 0.585624, 0.333803, 0.517873,
    1.5898320000000001, 0.455049, 0.470651, 1.198234, 0.848746, 1.204218,
    0.985865, 0.421383, 1.045388, 0.8315710000000001, 0.0, 1.268252, 0.319598,
    0.678012, 1.180652, 1.1996969999999998, 0.260786, 0.60537, 0.379639
  ],
  [
    0.855918, 1.1859410000000001, 1.237171, 0.906592, 0.918335,
    0.7250489999999999, 1.188407, 0.29695499999999997, 0.720493, 0.796212,
    0.099217, 0.6494930000000001, 1.273278, 0.768486, 0.29188400000000003,
    1.193807, 1.197047, 0.668393, 0.7324109999999999, 1.132989, 1.196451,
    0.35868700000000003, 1.023436, 1.2296310000000001, 0.24601599999999998,
    0.26733300000000004, 0.252, 0.602136, 1.1803620000000001, 0.207371,
    0.490043, 1.268252, 0.0, 1.444909, 0.662226, 0.753758, 0.753764, 1.056232,
    1.1380830000000002, 1.444154
  ],
  [
    0.639884, 0.29973700000000003, 0.40714999999999996, 0.679454, 0.677671,
    1.74824, 0.421367, 1.38252, 0.8981760000000001, 0.791658, 1.518822,
    0.8606929999999999, 0.212401, 2.182866, 1.3875920000000002,
    0.49361200000000005, 0.6341979999999999, 2.034395, 0.777775, 0.498421,
    0.6336029999999999, 1.781982, 0.570779, 0.416388, 1.390384, 1.040896,
    1.3963679999999998, 0.946211, 0.393155, 1.237538, 1.023721, 0.319598,
    1.444909, 0.0, 0.870163, 1.00775, 1.0267950000000001, 0.452936, 0.398123,
    0.430094
  ],
  [
    0.529289, 0.595702, 0.646931, 0.902706, 0.914449, 1.394257, 0.598167,
    0.599837, 0.115493, 0.19121100000000002, 0.736139, 0.13296, 0.683038,
    1.400183, 0.604908, 0.869599, 0.606807, 1.251711, 0.092667, 0.527989,
    0.606211, 1.013422, 0.433196, 0.6393909999999999, 0.607701, 0.328837,
    0.6136849999999999, 0.603857, 0.5901219999999999, 0.454855, 0.449562,
    0.678012, 0.662226, 0.870163, 0.0, 1.015757, 1.0359200000000002, 0.44961,
    0.77411, 0.837532
  ],
  [
    0.764885, 0.7850170000000001, 1.025695, 0.382924, 0.394667,
    0.9521069999999999, 0.751225, 0.922558, 1.165681, 1.241399, 0.852976,
    0.882798, 0.8723529999999999, 1.531363, 0.927629, 0.6527540000000001,
    0.867548, 1.431269, 0.910312, 1.360995, 0.866953, 1.075059, 1.002553,
    0.816847, 0.926268, 0.712798, 0.932252, 0.401381, 0.793614,
    0.6689919999999999, 0.6037830000000001, 1.180652, 0.753758, 1.00775,
    1.015757, 0.0, 0.09052299999999999, 1.023385, 0.6186849999999999,
    1.4646869999999999
  ],
  [
    0.785048, 0.804062, 1.04474, 0.401969, 0.41371199999999997,
    0.9412849999999999, 0.7702709999999999, 0.926672, 1.1858440000000001,
    1.2615619999999999, 0.852982, 0.90296, 0.891398, 1.520541, 0.931744,
    0.6751090000000001, 0.886593, 1.4204469999999998, 0.930475, 1.38004,
    0.8859980000000001, 1.0750650000000002, 1.021598, 0.8358920000000001,
    0.926274, 0.716913, 0.932258, 0.420427, 0.812659, 0.673107, 0.607898,
    1.1996969999999998, 0.753764, 1.0267950000000001, 1.0359200000000002,
    0.09052299999999999, 0.0, 1.042431, 0.637731, 1.483733
  ],
  [
    0.36840300000000004, 0.269695, 0.320925, 0.69509, 0.6933060000000001,
    1.579739, 0.27216, 0.9938429999999999, 0.509499, 0.402981, 1.130145,
    0.47201600000000005, 0.35703199999999996, 1.794189, 0.998915, 0.543592,
    0.30712, 1.645718, 0.389098, 0.337609, 0.306525, 1.393305, 0.204961,
    0.313384, 1.001707, 0.6522190000000001, 1.0076910000000001, 0.789338,
    0.26411599999999996, 0.848861, 0.6350439999999999, 0.260786, 1.056232,
    0.452936, 0.44961, 1.023385, 1.042431, 0.0, 0.448104, 0.543744
  ],
  [
    0.29454, 0.209735, 0.450413, 0.290389, 0.288606, 1.359175, 0.2122, 1.323622,
    0.850034, 0.8055789999999999, 1.2372999999999998, 0.764361,
    0.29707100000000003, 1.938431, 1.328693, 0.095489, 0.33090800000000004,
    1.8383369999999999, 0.681443, 0.785713, 0.33031299999999997, 1.463654,
    0.427271, 0.20722, 1.3314860000000002, 0.894351, 1.33747,
    0.5571459999999999, 0.183988, 1.0529519999999999, 0.8300299999999999,
    0.60537, 1.1380830000000002, 0.398123, 0.77411, 0.6186849999999999,
    0.637731, 0.448104, 0.0, 0.8550610000000001
  ],
  [
    0.760057, 0.675138, 0.543613, 1.1363910000000002, 1.1346079999999998,
    1.9702270000000002, 0.681619, 1.285037, 0.845789, 0.812277, 1.518067,
    0.862503, 0.587802, 2.028321, 1.290108, 0.950549, 0.77066, 1.936911,
    0.779586, 0.293861, 0.770065, 1.7630599999999998, 0.7487050000000001,
    0.722842, 1.335976, 1.042707, 1.329991, 1.179826, 0.673574, 1.236783,
    1.0255319999999999, 0.379639, 1.444154, 0.430094, 0.837532,
    1.4646869999999999, 1.483733, 0.543744, 0.8550610000000001, 0.0
  ]
]
