[
    [
        0.0,
        0.679121,
        0.438634,
        1.1428399999999999,
        0.6599729999999999,
        2.488057,
        1.5797439999999998,
        2.191027,
        0.09339,
        2.531708,
        0.207706,
        3.507208,
        1.8080619999999998,
        3.1140030000000003,
        2.098728,
        1.217377,
        3.349462
    ],
    [
        0.679121,
        0.0,
        0.500417,
        1.505095,
        0.660552,
        1.957248,
        1.642596,
        1.995376,
        0.585731,
        2.000899,
        0.493428,
        2.9764,
        1.612412,
        2.9300859999999997,
        1.759013,
        0.967563,
        2.995602
    ],
    [
        0.438634,
        0.500417,
        0.0,
        1.480515,
        0.90171,
        2.42287,
        1.9174190000000002,
        1.6033510000000002,
        0.464709,
        2.466521,
        0.392208,
        3.442022,
        1.220386,
        2.531155,
        2.22319,
        1.43174,
        3.455302
    ],
    [
        1.1428399999999999,
        1.505095,
        1.480515,
        0.0,
        1.022389,
        2.5501039999999997,
        0.456235,
        3.455176,
        1.060897,
        2.593756,
        1.1067,
        2.8391930000000003,
        2.96235,
        4.26829,
        1.2648540000000001,
        0.5747279999999999,
        2.613601
    ],
    [
        0.6599729999999999,
        0.660552,
        0.90171,
        1.022389,
        0.0,
        1.9207940000000001,
        1.322126,
        2.53991,
        0.566582,
        1.964445,
        0.612385,
        2.912508,
        2.156946,
        3.470933,
        1.438544,
        0.6470940000000001,
        2.689424
    ],
    [
        2.488057,
        1.957248,
        2.42287,
        2.5501039999999997,
        1.9207940000000001,
        0.0,
        2.727583,
        2.3465079999999996,
        2.39146,
        0.045988999999999995,
        2.299157,
        1.374538,
        2.218406,
        3.726134,
        1.949322,
        2.0845680000000004,
        1.547624
    ],
    [
        1.5797439999999998,
        1.642596,
        1.9174190000000002,
        0.456235,
        1.322126,
        2.727583,
        0.0,
        3.610279,
        1.497801,
        2.694061,
        1.543603,
        2.459299,
        3.207767,
        4.5228980000000005,
        0.808619,
        0.675033,
        2.233707
    ],
    [
        2.191027,
        1.995376,
        1.6033510000000002,
        3.455176,
        2.53991,
        2.3465079999999996,
        3.610279,
        0.0,
        2.284418,
        2.3614699999999997,
        2.378726,
        3.62999,
        0.407337,
        1.3799949999999999,
        3.726696,
        2.9352460000000002,
        3.803076
    ],
    [
        0.09339,
        0.585731,
        0.464709,
        1.060897,
        0.566582,
        2.39146,
        1.497801,
        2.284418,
        0.0,
        2.438318,
        0.114316,
        3.413819,
        1.901453,
        3.207393,
        2.005338,
        1.1239860000000002,
        3.256071
    ],
    [
        2.531708,
        2.000899,
        2.466521,
        2.593756,
        1.964445,
        0.045988999999999995,
        2.694061,
        2.3614699999999997,
        2.438318,
        0.0,
        2.3460140000000003,
        1.420527,
        2.233737,
        3.7414650000000003,
        1.995312,
        2.131425,
        1.593613
    ],
    [
        0.207706,
        0.493428,
        0.392208,
        1.1067,
        0.612385,
        2.299157,
        1.543603,
        2.378726,
        0.114316,
        2.3460140000000003,
        0.0,
        3.321516,
        1.995761,
        3.309748,
        1.951884,
        1.160433,
        3.183996
    ],
    [
        3.507208,
        2.9764,
        3.442022,
        2.8391930000000003,
        2.912508,
        1.374538,
        2.459299,
        3.62999,
        3.413819,
        1.420527,
        3.321516,
        0.0,
        3.502257,
        5.0103100000000005,
        1.6312719999999998,
        2.499094,
        0.27954500000000004
    ],
    [
        1.8080619999999998,
        1.612412,
        1.220386,
        2.96235,
        2.156946,
        2.218406,
        3.207767,
        0.407337,
        1.901453,
        2.233737,
        1.995761,
        3.502257,
        0.0,
        1.78851,
        3.33284,
        2.541389,
        3.675018
    ],
    [
        3.1140030000000003,
        2.9300859999999997,
        2.531155,
        4.26829,
        3.470933,
        3.726134,
        4.5228980000000005,
        1.3799949999999999,
        3.207393,
        3.7414650000000003,
        3.309748,
        5.0103100000000005,
        1.78851,
        0.0,
        4.710087000000001,
        3.9186370000000004,
        5.18307
    ],
    [
        2.098728,
        1.759013,
        2.22319,
        1.2648540000000001,
        1.438544,
        1.949322,
        0.808619,
        3.726696,
        2.005338,
        1.995312,
        1.951884,
        1.6312719999999998,
        3.33284,
        4.710087000000001,
        0.0,
        1.0844010000000002,
        1.455446
    ],
    [
        1.217377,
        0.967563,
        1.43174,
        0.5747279999999999,
        0.6470940000000001,
        2.0845680000000004,
        0.675033,
        2.9352460000000002,
        1.1239860000000002,
        2.131425,
        1.160433,
        2.499094,
        2.541389,
        3.9186370000000004,
        1.0844010000000002,
        0.0,
        2.323268
    ],
    [
        3.349462,
        2.995602,
        3.455302,
        2.613601,
        2.689424,
        1.547624,
        2.233707,
        3.803076,
        3.256071,
        1.593613,
        3.183996,
        0.27954500000000004,
        3.675018,
        5.18307,
        1.455446,
        2.323268,
        0.0
    ]
]