[
    [
        0.0,
        1.1551980000000002,
        0.404558,
        0.375278,
        1.028811,
        1.9038510000000002,
        1.87977,
        0.6351910000000001,
        0.444339,
        1.037034,
        0.35921600000000004,
        2.1014369999999998,
        0.947971,
        3.230983,
        1.6437840000000001,
        0.888299,
        1.84558,
        1.633011,
        1.605672,
        1.589327
    ],
    [
        1.1551980000000002,
        0.0,
        1.009727,
        0.799417,
        0.266198,
        0.911984,
        0.7057340000000001,
        1.459501,
        1.017334,
        0.27442099999999997,
        1.055068,
        1.11904,
        0.6115130000000001,
        2.248587,
        1.181826,
        0.768047,
        2.395151,
        2.803208,
        0.107913,
        1.1273689999999998
    ],
    [
        0.404558,
        1.009727,
        0.0,
        0.30863,
        0.756042,
        1.426464,
        1.3820350000000001,
        0.5913099999999999,
        0.057344,
        0.764265,
        0.045342,
        1.63352,
        0.5048,
        2.763067,
        1.264589,
        0.445129,
        2.125784,
        2.014689,
        0.832803,
        1.210132
    ],
    [
        0.375278,
        0.799417,
        0.30863,
        0.0,
        0.721314,
        1.478852,
        1.434423,
        0.867707,
        0.251286,
        0.729537,
        0.33640800000000004,
        1.685908,
        0.5963099999999999,
        2.815455,
        1.357737,
        0.5254139999999999,
        1.970747,
        2.00829,
        0.7980750000000001,
        1.30328
    ],
    [
        1.028811,
        0.266198,
        0.756042,
        0.721314,
        0.0,
        0.8386950000000001,
        0.741325,
        1.4096520000000001,
        0.967485,
        0.008223000000000001,
        1.00522,
        1.0457509999999999,
        0.483908,
        2.175297,
        0.992966,
        0.718198,
        2.4127460000000003,
        2.821929,
        0.160508,
        0.938509
    ],
    [
        1.9038510000000002,
        0.911984,
        1.426464,
        1.478852,
        0.8386950000000001,
        0.0,
        0.751793,
        1.840068,
        1.4340719999999998,
        0.946068,
        1.471806,
        0.44659699999999997,
        0.9401470000000001,
        1.656637,
        0.38846600000000003,
        1.104388,
        3.3036529999999997,
        3.570419,
        0.817136,
        0.314525
    ],
    [
        1.87977,
        0.7057340000000001,
        1.3820350000000001,
        1.434423,
        0.741325,
        0.751793,
        0.0,
        1.831809,
        1.389642,
        0.861366,
        1.427377,
        0.953485,
        0.9236319999999999,
        2.083031,
        1.134167,
        1.082294,
        3.013455,
        3.4899,
        0.732435,
        1.0602260000000001
    ],
    [
        0.6351910000000001,
        1.459501,
        0.5913099999999999,
        0.867707,
        1.4096520000000001,
        1.840068,
        1.831809,
        0.0,
        0.648654,
        1.325538,
        0.6150789999999999,
        2.0311500000000002,
        0.895765,
        3.1606970000000003,
        1.5734970000000001,
        0.836094,
        2.048136,
        1.787899,
        1.5534659999999998,
        1.51904
    ],
    [
        0.444339,
        1.017334,
        0.057344,
        0.251286,
        0.967485,
        1.4340719999999998,
        1.389642,
        0.648654,
        0.0,
        0.706921,
        0.085122,
        1.641128,
        0.5124070000000001,
        2.770674,
        1.2721959999999999,
        0.45273599999999997,
        2.165564,
        2.054469,
        0.7754589999999999,
        1.2177390000000001
    ],
    [
        1.037034,
        0.27442099999999997,
        0.764265,
        0.729537,
        0.008223000000000001,
        0.946068,
        0.861366,
        1.325538,
        0.706921,
        0.0,
        0.9969969999999999,
        1.037528,
        0.492131,
        2.167074,
        1.0011889999999999,
        0.709975,
        2.404523,
        2.8137060000000003,
        0.152285,
        0.946732
    ],
    [
        0.35921600000000004,
        1.055068,
        0.045342,
        0.33640800000000004,
        1.00522,
        1.471806,
        1.427377,
        0.6150789999999999,
        0.085122,
        0.9969969999999999,
        0.0,
        1.678862,
        0.550142,
        2.808408,
        1.30993,
        0.490471,
        2.080442,
        1.969347,
        0.860581,
        1.255473
    ],
    [
        2.1014369999999998,
        1.11904,
        1.63352,
        1.685908,
        1.0457509999999999,
        0.44659699999999997,
        0.953485,
        2.0311500000000002,
        1.641128,
        1.037528,
        1.678862,
        0.0,
        1.147203,
        1.2802719999999999,
        0.742274,
        1.261249,
        3.510708,
        3.768005,
        1.024192,
        0.668333
    ],
    [
        0.947971,
        0.6115130000000001,
        0.5048,
        0.5963099999999999,
        0.483908,
        0.9401470000000001,
        0.9236319999999999,
        0.895765,
        0.5124070000000001,
        0.492131,
        0.550142,
        1.147203,
        0.0,
        2.270366,
        0.805611,
        0.17062200000000002,
        2.42111,
        2.558101,
        0.6575679999999999,
        0.751154
    ],
    [
        3.230983,
        2.248587,
        2.763067,
        2.815455,
        2.175297,
        1.656637,
        2.083031,
        3.1606970000000003,
        2.770674,
        2.167074,
        2.808408,
        1.2802719999999999,
        2.270366,
        0.0,
        1.920066,
        2.4042339999999998,
        4.653694000000001,
        4.91099,
        2.167177,
        1.892687
    ],
    [
        1.6437840000000001,
        1.181826,
        1.264589,
        1.357737,
        0.992966,
        0.38846600000000003,
        1.134167,
        1.5734970000000001,
        1.2721959999999999,
        1.0011889999999999,
        1.30993,
        0.742274,
        0.805611,
        1.920066,
        0.0,
        0.8443200000000001,
        3.2191370000000004,
        3.3103510000000003,
        1.130525,
        0.073942
    ],
    [
        0.888299,
        0.768047,
        0.445129,
        0.5254139999999999,
        0.718198,
        1.104388,
        1.082294,
        0.836094,
        0.45273599999999997,
        0.709975,
        0.490471,
        1.261249,
        0.17062200000000002,
        2.4042339999999998,
        0.8443200000000001,
        0.0,
        2.374817,
        2.49843,
        0.8202659999999999,
        0.7898630000000001
    ],
    [
        1.84558,
        2.395151,
        2.125784,
        1.970747,
        2.4127460000000003,
        3.3036529999999997,
        3.013455,
        2.048136,
        2.165564,
        2.404523,
        2.080442,
        3.510708,
        2.42111,
        4.653694000000001,
        3.2191370000000004,
        2.374817,
        0.0,
        1.949984,
        2.491393,
        3.20887
    ],
    [
        1.633011,
        2.803208,
        2.014689,
        2.00829,
        2.821929,
        3.570419,
        3.4899,
        1.787899,
        2.054469,
        2.8137060000000003,
        1.969347,
        3.768005,
        2.558101,
        4.91099,
        3.3103510000000003,
        2.49843,
        1.949984,
        0.0,
        2.828805,
        3.199413
    ],
    [
        1.605672,
        0.107913,
        0.832803,
        0.7980750000000001,
        0.160508,
        0.817136,
        0.732435,
        1.5534659999999998,
        0.7754589999999999,
        0.152285,
        0.860581,
        1.024192,
        0.6575679999999999,
        2.167177,
        1.130525,
        0.8202659999999999,
        2.491393,
        2.828805,
        0.0,
        1.019456
    ],
    [
        1.589327,
        1.1273689999999998,
        1.210132,
        1.30328,
        0.938509,
        0.314525,
        1.0602260000000001,
        1.51904,
        1.2177390000000001,
        0.946732,
        1.255473,
        0.668333,
        0.751154,
        1.892687,
        0.073942,
        0.7898630000000001,
        3.20887,
        3.199413,
        1.019456,
        0.0
    ]
]