[
    [
        0.0,
        0.636652,
        0.217143,
        0.774849,
        0.386743,
        0.151719,
        0.463702,
        0.47715199999999997,
        0.33506,
        0.179491,
        0.839591,
        0.287404,
        2.775479,
        0.34350400000000003,
        0.282548,
        0.601641,
        0.854073,
        0.22288999999999998,
        0.414563,
        0.272049,
        0.394262,
        0.815375,
        0.351977,
        0.7129310000000001,
        1.5370039999999998,
        0.334447,
        0.312407,
        0.579838,
        0.608795,
        0.17455500000000002
    ],
    [
        0.636652,
        0.0,
        0.591189,
        0.345142,
        0.473057,
        0.681765,
        0.185891,
        0.799354,
        0.29886599999999997,
        0.7095370000000001,
        0.23500100000000002,
        0.7661359999999999,
        2.1708879999999997,
        0.6663450000000001,
        0.513366,
        0.08519499999999999,
        0.249483,
        0.678458,
        0.44675,
        0.38744799999999996,
        0.265527,
        0.210785,
        0.585718,
        0.10834,
        0.9241119999999999,
        0.8542540000000001,
        0.697442,
        0.188081,
        0.027857,
        0.704601
    ],
    [
        0.217143,
        0.591189,
        0.0,
        0.729385,
        0.118583,
        0.209244,
        0.41823899999999997,
        0.396053,
        0.192969,
        0.18147200000000002,
        0.6048129999999999,
        0.20356,
        2.540701,
        0.25966,
        0.140458,
        0.338511,
        0.6192960000000001,
        0.115882,
        0.146403,
        0.228399,
        0.34879899999999997,
        0.580597,
        0.088847,
        0.478153,
        1.293925,
        0.35591300000000003,
        0.228563,
        0.31670800000000005,
        0.426664,
        0.186408
    ],
    [
        0.774849,
        0.345142,
        0.729385,
        0.0,
        0.7546710000000001,
        0.819961,
        0.32905599999999996,
        1.096826,
        0.588007,
        0.847734,
        0.170392,
        0.9043329999999999,
        2.036108,
        0.960433,
        0.651563,
        0.43033699999999997,
        0.15591,
        0.816655,
        0.7824909999999999,
        0.525645,
        0.40372399999999997,
        0.19461,
        0.723914,
        0.297055,
        0.783737,
        0.992451,
        0.929336,
        0.5576409999999999,
        0.31728500000000004,
        0.842798
    ],
    [
        0.386743,
        0.473057,
        0.118583,
        0.7546710000000001,
        0.0,
        0.327827,
        0.443524,
        0.420107,
        0.213528,
        0.300055,
        0.594347,
        0.32641899999999996,
        2.5302350000000002,
        0.287098,
        0.161017,
        0.328046,
        0.6088300000000001,
        0.234465,
        0.050292,
        0.251911,
        0.36691,
        0.570132,
        0.078381,
        0.467687,
        1.2834590000000001,
        0.478772,
        0.318195,
        0.284976,
        0.41619799999999996,
        0.304991
    ],
    [
        0.151719,
        0.681765,
        0.209244,
        0.819961,
        0.327827,
        0.0,
        0.5073570000000001,
        0.341731,
        0.382132,
        0.027771999999999998,
        0.814058,
        0.149238,
        2.7499450000000003,
        0.205338,
        0.32962,
        0.547756,
        0.8285399999999999,
        0.118935,
        0.368977,
        0.319121,
        0.437917,
        0.7898419999999999,
        0.298091,
        0.687397,
        1.580658,
        0.225737,
        0.174241,
        0.58645,
        0.653908,
        0.022836
    ],
    [
        0.463702,
        0.185891,
        0.41823899999999997,
        0.32905599999999996,
        0.443524,
        0.5073570000000001,
        0.0,
        0.785679,
        0.27686099999999997,
        0.536588,
        0.39242,
        0.593186,
        2.328308,
        0.6492859999999999,
        0.34041699999999997,
        0.271086,
        0.406902,
        0.505509,
        0.471345,
        0.214498,
        0.09257800000000001,
        0.36820400000000003,
        0.41276799999999997,
        0.26576,
        1.097697,
        0.681304,
        0.618189,
        0.37397199999999997,
        0.15803399999999998,
        0.531652
    ],
    [
        0.47715199999999997,
        0.799354,
        0.396053,
        1.096826,
        0.420107,
        0.341731,
        0.785679,
        0.0,
        0.589022,
        0.313959,
        0.9919819999999999,
        0.192493,
        2.92787,
        0.13639300000000001,
        0.536511,
        0.72568,
        1.006465,
        0.305744,
        0.39380000000000004,
        0.596056,
        0.7162390000000001,
        0.967766,
        0.476016,
        0.865322,
        1.681094,
        0.182034,
        0.16749,
        0.6112730000000001,
        0.8138329999999999,
        0.318895
    ],
    [
        0.33506,
        0.29886599999999997,
        0.192969,
        0.588007,
        0.213528,
        0.382132,
        0.27686099999999997,
        0.589022,
        0.0,
        0.37444099999999997,
        0.504872,
        0.396529,
        2.44076,
        0.452629,
        0.052511,
        0.238571,
        0.519355,
        0.30885199999999996,
        0.24134899999999998,
        0.134907,
        0.207421,
        0.480657,
        0.178762,
        0.378212,
        1.193984,
        0.543439,
        0.42153199999999996,
        0.216768,
        0.326723,
        0.379377
    ],
    [
        0.179491,
        0.7095370000000001,
        0.18147200000000002,
        0.847734,
        0.300055,
        0.027771999999999998,
        0.536588,
        0.313959,
        0.37444099999999997,
        0.0,
        0.786285,
        0.12146599999999999,
        2.7221729999999997,
        0.177566,
        0.32193,
        0.519983,
        0.800768,
        0.091163,
        0.341205,
        0.346894,
        0.467147,
        0.76207,
        0.27031900000000003,
        0.659625,
        1.4753969999999998,
        0.25351,
        0.146469,
        0.558678,
        0.68168,
        0.004936
    ],
    [
        0.839591,
        0.23500100000000002,
        0.6048129999999999,
        0.170392,
        0.594347,
        0.814058,
        0.39242,
        0.9919819999999999,
        0.504872,
        0.786285,
        0.0,
        0.904833,
        1.935885,
        0.8655109999999999,
        0.716305,
        0.29120100000000004,
        0.014482,
        0.8813970000000001,
        0.645916,
        0.590387,
        0.46846699999999997,
        0.024216,
        0.788657,
        0.12666,
        0.68911,
        1.057193,
        0.896608,
        0.387247,
        0.262858,
        0.90754
    ],
    [
        0.287404,
        0.7661359999999999,
        0.20356,
        0.9043329999999999,
        0.32641899999999996,
        0.149238,
        0.593186,
        0.192493,
        0.396529,
        0.12146599999999999,
        0.904833,
        0.0,
        2.744261,
        0.056100000000000004,
        0.344018,
        0.5420710000000001,
        0.822856,
        0.113251,
        0.30011200000000005,
        0.403563,
        0.5237459999999999,
        0.784157,
        0.292407,
        0.681713,
        1.497485,
        0.185255,
        0.025003,
        0.517586,
        0.630224,
        0.12640200000000001
    ],
    [
        2.775479,
        2.1708879999999997,
        2.540701,
        2.036108,
        2.5302350000000002,
        2.7499450000000003,
        2.328308,
        2.92787,
        2.44076,
        2.7221729999999997,
        1.935885,
        2.744261,
        0.0,
        2.801399,
        2.652193,
        2.227089,
        1.921403,
        2.817285,
        2.581803,
        2.526275,
        2.4043539999999997,
        1.9601030000000002,
        2.724544,
        2.0625479999999996,
        2.001521,
        2.99308,
        2.832496,
        2.323135,
        2.1987449999999997,
        2.843428
    ],
    [
        0.34350400000000003,
        0.6663450000000001,
        0.25966,
        0.960433,
        0.287098,
        0.205338,
        0.6492859999999999,
        0.13639300000000001,
        0.452629,
        0.177566,
        0.8655109999999999,
        0.056100000000000004,
        2.801399,
        0.0,
        0.400118,
        0.5926710000000001,
        0.8734550000000001,
        0.169351,
        0.260791,
        0.459663,
        0.579846,
        0.834757,
        0.343007,
        0.732313,
        1.548085,
        0.203902,
        0.031097,
        0.478264,
        0.680824,
        0.182502
    ],
    [
        0.282548,
        0.513366,
        0.140458,
        0.651563,
        0.161017,
        0.32962,
        0.34041699999999997,
        0.536511,
        0.052511,
        0.32193,
        0.716305,
        0.344018,
        2.652193,
        0.400118,
        0.0,
        0.375915,
        0.6567000000000001,
        0.25633999999999996,
        0.18883699999999998,
        0.148803,
        0.27097699999999997,
        0.6180019999999999,
        0.126251,
        0.515557,
        1.331329,
        0.490928,
        0.369021,
        0.35411200000000004,
        0.464068,
        0.326866
    ],
    [
        0.601641,
        0.08519499999999999,
        0.338511,
        0.43033699999999997,
        0.328046,
        0.547756,
        0.271086,
        0.72568,
        0.238571,
        0.519983,
        0.29120100000000004,
        0.5420710000000001,
        2.227089,
        0.5926710000000001,
        0.375915,
        0.0,
        0.305684,
        0.66459,
        0.417618,
        0.344966,
        0.22849100000000003,
        0.266986,
        0.499833,
        0.164541,
        0.980313,
        0.840355,
        0.66831,
        0.21754099999999998,
        0.11305200000000001,
        0.6622659999999999
    ],
    [
        0.854073,
        0.249483,
        0.6192960000000001,
        0.15591,
        0.6088300000000001,
        0.8285399999999999,
        0.406902,
        1.006465,
        0.519355,
        0.800768,
        0.014482,
        0.822856,
        1.921403,
        0.8734550000000001,
        0.6567000000000001,
        0.305684,
        0.0,
        0.89588,
        0.660399,
        0.604869,
        0.482949,
        0.038698,
        0.803139,
        0.141143,
        0.674628,
        1.071675,
        0.911091,
        0.401729,
        0.27734,
        0.922023
    ],
    [
        0.22288999999999998,
        0.678458,
        0.115882,
        0.816655,
        0.234465,
        0.118935,
        0.505509,
        0.305744,
        0.30885199999999996,
        0.091163,
        0.8813970000000001,
        0.113251,
        2.817285,
        0.169351,
        0.25633999999999996,
        0.66459,
        0.89588,
        0.0,
        0.26228500000000005,
        0.315886,
        0.43606900000000004,
        0.69648,
        0.20472900000000002,
        0.594035,
        1.409807,
        0.260161,
        0.138254,
        0.432591,
        0.5425460000000001,
        0.096099
    ],
    [
        0.414563,
        0.44675,
        0.146403,
        0.7824909999999999,
        0.050292,
        0.368977,
        0.471345,
        0.39380000000000004,
        0.24134899999999998,
        0.341205,
        0.645916,
        0.30011200000000005,
        2.581803,
        0.260791,
        0.18883699999999998,
        0.417618,
        0.660399,
        0.26228500000000005,
        0.0,
        0.279731,
        0.39473,
        0.597952,
        0.106202,
        0.49550700000000003,
        1.31128,
        0.45246499999999995,
        0.291888,
        0.258669,
        0.44401799999999997,
        0.34614
    ],
    [
        0.272049,
        0.38744799999999996,
        0.228399,
        0.525645,
        0.251911,
        0.319121,
        0.214498,
        0.596056,
        0.134907,
        0.346894,
        0.590387,
        0.403563,
        2.526275,
        0.459663,
        0.148803,
        0.344966,
        0.604869,
        0.315886,
        0.279731,
        0.0,
        0.145058,
        0.5661710000000001,
        0.222928,
        0.463727,
        1.2878,
        0.5003759999999999,
        0.456962,
        0.389632,
        0.359591,
        0.34195800000000004
    ],
    [
        0.394262,
        0.265527,
        0.34879899999999997,
        0.40372399999999997,
        0.36691,
        0.437917,
        0.09257800000000001,
        0.7162390000000001,
        0.207421,
        0.467147,
        0.46846699999999997,
        0.5237459999999999,
        2.4043539999999997,
        0.579846,
        0.27097699999999997,
        0.22849100000000003,
        0.482949,
        0.43606900000000004,
        0.39473,
        0.145058,
        0.0,
        0.44425099999999995,
        0.34332799999999997,
        0.341806,
        1.16588,
        0.6118640000000001,
        0.548749,
        0.387227,
        0.23767,
        0.462212
    ],
    [
        0.815375,
        0.210785,
        0.580597,
        0.19461,
        0.570132,
        0.7898419999999999,
        0.36820400000000003,
        0.967766,
        0.480657,
        0.76207,
        0.024216,
        0.784157,
        1.9601030000000002,
        0.834757,
        0.6180019999999999,
        0.266986,
        0.038698,
        0.69648,
        0.597952,
        0.5661710000000001,
        0.44425099999999995,
        0.0,
        0.764441,
        0.102445,
        0.713328,
        1.032977,
        0.8723920000000001,
        0.363031,
        0.238642,
        0.883325
    ],
    [
        0.351977,
        0.585718,
        0.088847,
        0.723914,
        0.078381,
        0.298091,
        0.41276799999999997,
        0.476016,
        0.178762,
        0.27031900000000003,
        0.788657,
        0.292407,
        2.724544,
        0.343007,
        0.126251,
        0.499833,
        0.803139,
        0.20472900000000002,
        0.106202,
        0.222928,
        0.34332799999999997,
        0.764441,
        0.0,
        0.389306,
        1.2050779999999999,
        0.708385,
        0.547808,
        0.22786099999999998,
        0.33781700000000003,
        0.6082329999999999
    ],
    [
        0.7129310000000001,
        0.10834,
        0.478153,
        0.297055,
        0.467687,
        0.687397,
        0.26576,
        0.865322,
        0.378212,
        0.659625,
        0.12666,
        0.681713,
        2.0625479999999996,
        0.732313,
        0.515557,
        0.164541,
        0.141143,
        0.594035,
        0.49550700000000003,
        0.463727,
        0.341806,
        0.102445,
        0.389306,
        0.0,
        0.815772,
        0.930532,
        0.776788,
        0.267427,
        0.136197,
        0.78088
    ],
    [
        1.5370039999999998,
        0.9241119999999999,
        1.293925,
        0.783737,
        1.2834590000000001,
        1.580658,
        1.097697,
        1.681094,
        1.193984,
        1.4753969999999998,
        0.68911,
        1.497485,
        2.001521,
        1.548085,
        1.331329,
        0.980313,
        0.674628,
        1.409807,
        1.31128,
        1.2878,
        1.16588,
        0.713328,
        1.2050779999999999,
        0.815772,
        0.0,
        1.7546059999999999,
        1.58572,
        1.0763589999999998,
        0.9519690000000001,
        1.604953
    ],
    [
        0.334447,
        0.8542540000000001,
        0.35591300000000003,
        0.992451,
        0.478772,
        0.225737,
        0.681304,
        0.182034,
        0.543439,
        0.25351,
        1.057193,
        0.185255,
        2.99308,
        0.203902,
        0.490928,
        0.840355,
        1.071675,
        0.260161,
        0.45246499999999995,
        0.5003759999999999,
        0.6118640000000001,
        1.032977,
        0.708385,
        0.930532,
        1.7546059999999999,
        0.0,
        0.210258,
        0.669938,
        0.826397,
        0.24857400000000002
    ],
    [
        0.312407,
        0.697442,
        0.228563,
        0.929336,
        0.318195,
        0.174241,
        0.618189,
        0.16749,
        0.42153199999999996,
        0.146469,
        0.896608,
        0.025003,
        2.832496,
        0.031097,
        0.369021,
        0.66831,
        0.911091,
        0.138254,
        0.291888,
        0.456962,
        0.548749,
        0.8723920000000001,
        0.547808,
        0.776788,
        1.58572,
        0.210258,
        0.0,
        0.509361,
        0.655227,
        0.15140399999999998
    ],
    [
        0.579838,
        0.188081,
        0.31670800000000005,
        0.5576409999999999,
        0.284976,
        0.58645,
        0.37397199999999997,
        0.6112730000000001,
        0.216768,
        0.558678,
        0.387247,
        0.517586,
        2.323135,
        0.478264,
        0.35411200000000004,
        0.21754099999999998,
        0.401729,
        0.432591,
        0.258669,
        0.389632,
        0.387227,
        0.363031,
        0.22786099999999998,
        0.267427,
        1.0763589999999998,
        0.669938,
        0.509361,
        0.0,
        0.215938,
        0.5636140000000001
    ],
    [
        0.608795,
        0.027857,
        0.426664,
        0.31728500000000004,
        0.41619799999999996,
        0.653908,
        0.15803399999999998,
        0.8138329999999999,
        0.326723,
        0.68168,
        0.262858,
        0.630224,
        2.1987449999999997,
        0.680824,
        0.464068,
        0.11305200000000001,
        0.27734,
        0.5425460000000001,
        0.44401799999999997,
        0.359591,
        0.23767,
        0.238642,
        0.33781700000000003,
        0.136197,
        0.9519690000000001,
        0.826397,
        0.655227,
        0.215938,
        0.0,
        0.676744
    ],
    [
        0.17455500000000002,
        0.704601,
        0.186408,
        0.842798,
        0.304991,
        0.022836,
        0.531652,
        0.318895,
        0.379377,
        0.004936,
        0.90754,
        0.12640200000000001,
        2.843428,
        0.182502,
        0.326866,
        0.6622659999999999,
        0.922023,
        0.096099,
        0.34614,
        0.34195800000000004,
        0.462212,
        0.883325,
        0.6082329999999999,
        0.78088,
        1.604953,
        0.24857400000000002,
        0.15140399999999998,
        0.5636140000000001,
        0.676744,
        0.0
    ]
]