[
    [
        0.0,
        2.547317,
        0.800833,
        1.655726,
        0.896648,
        2.385557,
        0.827255,
        1.603772,
        2.094106,
        1.516495,
        1.32976,
        1.726936,
        1.254578,
        2.487585,
        2.388061,
        2.623683,
        1.1853230000000001,
        0.95877,
        1.351279,
        2.5110569999999997
    ],
    [
        2.547317,
        0.0,
        2.072556,
        1.2051189999999998,
        3.29178,
        0.16176,
        2.046374,
        1.1505260000000002,
        0.541824,
        1.703827,
        1.521679,
        3.267328,
        2.419592,
        0.059731,
        0.159256,
        0.371829,
        1.928655,
        1.9465080000000001,
        1.535017,
        0.259204
    ],
    [
        0.800833,
        2.072556,
        0.0,
        0.851228,
        1.461234,
        1.966325,
        0.026422,
        0.914957,
        1.674777,
        0.711997,
        0.543805,
        1.1558389999999998,
        0.542935,
        2.100409,
        1.968829,
        2.20445,
        0.380826,
        0.276803,
        0.546781,
        2.091824
    ],
    [
        1.655726,
        1.2051189999999998,
        0.851228,
        0.0,
        2.3282979999999998,
        1.087162,
        0.8250460000000001,
        0.6739959999999999,
        0.795614,
        0.480978,
        1.0451489999999999,
        1.941436,
        1.342132,
        1.232972,
        1.089666,
        1.325287,
        0.793959,
        0.7251799999999999,
        0.329898,
        1.2126620000000001
    ],
    [
        0.896648,
        3.29178,
        1.461234,
        2.3282979999999998,
        0.0,
        3.130021,
        1.588074,
        2.374171,
        2.8385700000000003,
        2.145369,
        2.003019,
        1.596016,
        1.442934,
        3.232049,
        3.1325250000000002,
        3.3681460000000003,
        1.8506300000000002,
        1.634081,
        2.02659,
        3.2555210000000003
    ],
    [
        2.385557,
        0.16176,
        1.966325,
        1.087162,
        3.130021,
        0.0,
        1.940142,
        1.015001,
        0.380064,
        1.597596,
        1.386153,
        3.161096,
        2.3133600000000003,
        0.10202800000000001,
        0.002504,
        0.238125,
        1.822423,
        1.840276,
        1.41706,
        0.1255
    ],
    [
        0.827255,
        2.046374,
        0.026422,
        0.8250460000000001,
        1.588074,
        1.940142,
        0.0,
        0.888775,
        1.648595,
        0.6858150000000001,
        0.517623,
        1.18226,
        0.5475610000000001,
        2.074227,
        1.9426459999999999,
        2.178268,
        0.354643,
        0.250381,
        0.520599,
        2.065643
    ],
    [
        1.603772,
        1.1505260000000002,
        0.914957,
        0.6739959999999999,
        2.374171,
        1.015001,
        0.888775,
        0.0,
        0.723453,
        0.692125,
        0.371152,
        2.0707959999999996,
        1.421406,
        1.1783789999999998,
        1.017505,
        1.253126,
        0.874648,
        0.788909,
        1.003895,
        1.140501
    ],
    [
        2.094106,
        0.541824,
        1.674777,
        0.795614,
        2.8385700000000003,
        0.380064,
        1.648595,
        0.723453,
        0.0,
        1.306048,
        1.094606,
        2.869549,
        2.0218119999999997,
        0.482093,
        0.38256799999999996,
        0.61819,
        1.530875,
        1.587458,
        1.1255119999999998,
        0.505565
    ],
    [
        1.516495,
        1.703827,
        0.711997,
        0.480978,
        2.145369,
        1.597596,
        0.6858150000000001,
        0.692125,
        1.306048,
        0.0,
        0.685367,
        1.54213,
        0.8590990000000001,
        1.73168,
        1.6000999999999999,
        1.835721,
        0.368163,
        0.6024660000000001,
        0.176531,
        1.723096
    ],
    [
        1.32976,
        1.521679,
        0.543805,
        1.0451489999999999,
        2.003019,
        1.386153,
        0.517623,
        0.371152,
        1.094606,
        0.685367,
        0.0,
        1.699644,
        1.0477729999999998,
        1.549531,
        1.388657,
        1.624279,
        0.5034959999999999,
        0.41775599999999996,
        0.139805,
        1.511653
    ],
    [
        1.726936,
        3.267328,
        1.1558389999999998,
        1.941436,
        1.596016,
        3.161096,
        1.18226,
        2.0707959999999996,
        2.869549,
        1.54213,
        1.699644,
        0.0,
        0.820261,
        3.121582,
        2.9900010000000004,
        3.225623,
        1.225943,
        1.458149,
        1.619272,
        3.112997
    ],
    [
        1.254578,
        2.419592,
        0.542935,
        1.342132,
        1.442934,
        2.3133600000000003,
        0.5475610000000001,
        1.421406,
        2.0218119999999997,
        0.8590990000000001,
        1.0477729999999998,
        0.820261,
        0.0,
        2.452988,
        2.321408,
        2.557029,
        0.559462,
        0.797941,
        1.032615,
        2.444404
    ],
    [
        2.487585,
        0.059731,
        2.100409,
        1.232972,
        3.232049,
        0.10202800000000001,
        2.074227,
        1.1783789999999998,
        0.482093,
        1.73168,
        1.549531,
        3.121582,
        2.452988,
        0.0,
        0.099524,
        0.312098,
        1.9565080000000001,
        1.97436,
        1.56287,
        0.199473
    ],
    [
        2.388061,
        0.159256,
        1.968829,
        1.089666,
        3.1325250000000002,
        0.002504,
        1.9426459999999999,
        1.017505,
        0.38256799999999996,
        1.6000999999999999,
        1.388657,
        2.9900010000000004,
        2.321408,
        0.099524,
        0.0,
        0.235621,
        1.824927,
        1.8427799999999999,
        1.419564,
        0.122996
    ],
    [
        2.623683,
        0.371829,
        2.20445,
        1.325287,
        3.3681460000000003,
        0.238125,
        2.178268,
        1.253126,
        0.61819,
        1.835721,
        1.624279,
        3.225623,
        2.557029,
        0.312098,
        0.235621,
        0.0,
        2.060549,
        2.078402,
        1.655185,
        0.112625
    ],
    [
        1.1853230000000001,
        1.928655,
        0.380826,
        0.793959,
        1.8506300000000002,
        1.822423,
        0.354643,
        0.874648,
        1.530875,
        0.368163,
        0.5034959999999999,
        1.225943,
        0.559462,
        1.9565080000000001,
        1.824927,
        2.060549,
        0.0,
        0.254777,
        0.489512,
        1.945152
    ],
    [
        0.95877,
        1.9465080000000001,
        0.276803,
        0.7251799999999999,
        1.634081,
        1.840276,
        0.250381,
        0.788909,
        1.587458,
        0.6024660000000001,
        0.41775599999999996,
        1.458149,
        0.797941,
        1.97436,
        1.8427799999999999,
        2.078402,
        0.254777,
        0.0,
        0.42073200000000005,
        1.965776
    ],
    [
        1.351279,
        1.535017,
        0.546781,
        0.329898,
        2.02659,
        1.41706,
        0.520599,
        1.003895,
        1.1255119999999998,
        0.176531,
        0.139805,
        1.619272,
        1.032615,
        1.56287,
        1.419564,
        1.655185,
        0.489512,
        0.42073200000000005,
        0.0,
        1.54256
    ],
    [
        2.5110569999999997,
        0.259204,
        2.091824,
        1.2126620000000001,
        3.2555210000000003,
        0.1255,
        2.065643,
        1.140501,
        0.505565,
        1.723096,
        1.511653,
        3.112997,
        2.444404,
        0.199473,
        0.122996,
        0.112625,
        1.945152,
        1.965776,
        1.54256,
        0.0
    ]
]