[
    [
        0.0,
        0.9681109999999999,
        0.427741,
        0.114717,
        0.058506,
        0.14691300000000002,
        1.322511,
        0.3887,
        0.29879199999999995,
        0.5104920000000001,
        0.229834
    ],
    [
        0.9681109999999999,
        0.0,
        1.238878,
        1.082829,
        0.909605,
        0.9580489999999999,
        1.5857370000000002,
        1.356812,
        0.7210080000000001,
        1.478604,
        1.197945
    ],
    [
        0.427741,
        1.238878,
        0.0,
        0.42549400000000004,
        0.36923500000000004,
        0.29746100000000003,
        1.6249149999999999,
        0.816442,
        0.5695589999999999,
        0.938234,
        0.657575
    ],
    [
        0.114717,
        1.082829,
        0.42549400000000004,
        0.0,
        0.17322300000000002,
        0.144666,
        1.4372280000000002,
        0.469311,
        0.41351,
        0.5911040000000001,
        0.31044499999999997
    ],
    [
        0.058506,
        0.909605,
        0.36923500000000004,
        0.17322300000000002,
        0.0,
        0.088407,
        1.285105,
        0.447206,
        0.240286,
        0.568999,
        0.28834
    ],
    [
        0.14691300000000002,
        0.9580489999999999,
        0.29746100000000003,
        0.144666,
        0.088407,
        0.0,
        1.344087,
        0.535613,
        0.28873000000000004,
        0.657405,
        0.376747
    ],
    [
        1.322511,
        1.5857370000000002,
        1.6249149999999999,
        1.4372280000000002,
        1.285105,
        1.344087,
        0.0,
        1.1545340000000002,
        1.073631,
        1.032741,
        1.233337
    ],
    [
        0.3887,
        1.356812,
        0.816442,
        0.469311,
        0.447206,
        0.535613,
        1.1545340000000002,
        0.0,
        0.666107,
        0.121792,
        0.179051
    ],
    [
        0.29879199999999995,
        0.7210080000000001,
        0.5695589999999999,
        0.41351,
        0.240286,
        0.28873000000000004,
        1.073631,
        0.666107,
        0.0,
        0.787899,
        0.490076
    ],
    [
        0.5104920000000001,
        1.478604,
        0.938234,
        0.5911040000000001,
        0.568999,
        0.657405,
        1.032741,
        0.121792,
        0.787899,
        0.0,
        0.300843
    ],
    [
        0.229834,
        1.197945,
        0.657575,
        0.31044499999999997,
        0.28834,
        0.376747,
        1.233337,
        0.179051,
        0.490076,
        0.300843,
        0.0
    ]
]