[
    [
        0.0,
        1.204413,
        0.300114,
        0.7075560000000001,
        0.849529,
        0.39226799999999995,
        0.308367,
        0.742244,
        0.31570299999999996,
        0.981865,
        1.512341,
        0.21022300000000002,
        1.7459280000000001,
        0.597912,
        0.8184539999999999,
        1.090943,
        1.297475,
        0.52077,
        0.477006,
        1.043712,
        1.261806,
        0.327209,
        0.689817,
        0.109568,
        0.37495,
        1.9864680000000001,
        0.84181,
        1.079375,
        1.128295,
        0.879127,
        0.493311,
        0.919164,
        1.116917,
        1.166272,
        0.361979,
        0.77107,
        0.898092,
        1.204195,
        0.8545,
        1.088773,
        0.802741,
        0.9434049999999999,
        1.6740899999999999,
        0.747503,
        1.245924,
        1.307456,
        1.046868,
        0.142011,
        1.196281,
        0.781883,
        0.31168,
        0.30064100000000005,
        1.219542,
        0.255476,
        0.650759,
        0.503078,
        1.164905,
        0.640593,
        1.008386,
        0.556174
    ],
    [
        1.204413,
        0.0,
        1.137116,
        1.408161,
        0.52824,
        1.436684,
        1.159461,
        1.44285,
        1.166797,
        2.026282,
        0.482663,
        1.221944,
        2.327938,
        1.2985170000000001,
        1.8628710000000002,
        1.120042,
        1.289328,
        0.766126,
        1.177612,
        0.483237,
        0.780541,
        1.178303,
        0.517919,
        1.068402,
        0.9982179999999999,
        2.33496,
        0.431723,
        2.177354,
        0.295575,
        0.352372,
        1.193916,
        1.367225,
        0.412233,
        2.210689,
        1.01119,
        1.8154860000000002,
        1.9425080000000001,
        0.739718,
        1.952479,
        0.371902,
        0.402793,
        0.567994,
        1.8546230000000001,
        1.385241,
        0.715406,
        2.351873,
        0.32999700000000004,
        1.157905,
        2.240698,
        1.5676379999999999,
        1.0709490000000002,
        1.101361,
        0.6801710000000001,
        1.1713,
        1.351365,
        0.7484339999999999,
        0.625534,
        1.341199,
        0.9948640000000001,
        1.25678
    ],
    [
        0.300114,
        1.137116,
        0.0,
        0.482995,
        0.762691,
        0.286644,
        0.068836,
        0.517683,
        0.076173,
        0.876242,
        1.445044,
        0.08989,
        1.6403050000000001,
        0.373351,
        0.712831,
        0.866382,
        1.072914,
        0.422722,
        0.252446,
        0.9764160000000001,
        1.174968,
        0.087679,
        0.629629,
        0.227904,
        0.14122200000000001,
        1.880844,
        0.774513,
        1.027314,
        1.060998,
        0.81183,
        0.26875,
        0.694603,
        1.04962,
        1.060649,
        0.12825,
        0.665446,
        0.792468,
        1.1173579999999999,
        0.802439,
        1.021476,
        0.7159030000000001,
        0.856567,
        1.44953,
        0.522942,
        1.159086,
        1.201832,
        0.9795710000000001,
        0.317407,
        1.090658,
        0.676259,
        0.43709,
        0.053626,
        1.1327049999999999,
        0.140534,
        0.426199,
        0.40502999999999995,
        1.078068,
        0.41603300000000004,
        0.783825,
        0.33161399999999996
    ],
    [
        0.7075560000000001,
        1.408161,
        0.482995,
        0.0,
        1.049954,
        0.391157,
        0.424839,
        0.034688000000000004,
        0.417502,
        0.651763,
        1.68556,
        0.512302,
        1.230199,
        0.114797,
        0.608592,
        0.817515,
        1.024047,
        0.709986,
        0.292751,
        1.354622,
        1.00804,
        0.40599599999999997,
        0.916892,
        0.680881,
        0.409943,
        1.4734580000000002,
        1.152719,
        1.150547,
        1.3320429999999999,
        1.100436,
        0.35768099999999997,
        0.536609,
        1.320665,
        0.928378,
        0.396972,
        0.294739,
        0.490423,
        1.244856,
        0.76609,
        1.292521,
        1.003167,
        1.1438309999999998,
        1.400663,
        0.174934,
        1.0016530000000001,
        0.9590339999999999,
        1.250616,
        0.7703840000000001,
        0.979424,
        0.26891699999999996,
        0.890067,
        0.481783,
        1.011217,
        0.5629460000000001,
        0.188721,
        0.692294,
        1.046153,
        0.095845,
        0.73721,
        0.151381
    ],
    [
        0.849529,
        0.52824,
        0.762691,
        1.049954,
        0.0,
        1.0817999999999999,
        0.7850349999999999,
        1.084643,
        0.7923709999999999,
        1.671397,
        0.737595,
        0.867059,
        2.052553,
        0.94031,
        1.507986,
        0.844657,
        1.0472080000000001,
        0.407919,
        0.8194049999999999,
        0.54837,
        0.533234,
        0.693348,
        0.159712,
        0.761204,
        0.640011,
        2.09713,
        0.34646699999999997,
        1.8224690000000001,
        0.452121,
        0.26711599999999996,
        0.8357089999999999,
        1.091839,
        0.394781,
        1.855804,
        0.652983,
        1.286117,
        1.587624,
        0.475623,
        1.597594,
        0.366636,
        0.074169,
        0.124998,
        1.612504,
        1.089901,
        0.5173519999999999,
        1.996988,
        0.324732,
        0.850707,
        1.8858130000000002,
        1.2094310000000001,
        0.7777229999999999,
        0.726935,
        0.49097,
        0.816416,
        0.993158,
        0.390227,
        0.436333,
        0.982992,
        0.7194790000000001,
        0.898573
    ],
    [
        0.39226799999999995,
        1.436684,
        0.286644,
        0.391157,
        1.0817999999999999,
        0.0,
        0.282626,
        0.634908,
        0.289963,
        0.589598,
        1.780694,
        0.21474100000000002,
        1.353661,
        0.626653,
        0.42618700000000004,
        1.417735,
        1.6242670000000001,
        0.6789919999999999,
        0.459646,
        1.312066,
        1.431238,
        0.301469,
        0.958171,
        0.420055,
        0.35758999999999996,
        1.5942,
        1.110164,
        0.887496,
        1.396648,
        1.147481,
        0.475951,
        1.1072950000000001,
        1.385271,
        0.7740049999999999,
        0.344619,
        0.378802,
        0.505824,
        1.373627,
        0.5836849999999999,
        1.357126,
        0.972173,
        1.112837,
        2.0008820000000003,
        0.766248,
        1.415356,
        0.915188,
        1.315222,
        0.467215,
        0.804014,
        0.389615,
        0.6292409999999999,
        0.297742,
        1.388974,
        0.265384,
        0.679501,
        0.6613,
        1.3343369999999999,
        0.669335,
        0.991026,
        0.642161
    ],
    [
        0.308367,
        1.159461,
        0.068836,
        0.424839,
        0.7850349999999999,
        0.282626,
        0.0,
        0.45952699999999996,
        0.007337,
        0.886017,
        1.338286,
        0.099665,
        1.65008,
        0.315195,
        0.722606,
        0.808226,
        1.014758,
        0.372222,
        0.194289,
        0.99876,
        1.124468,
        0.018843,
        0.5791280000000001,
        0.272942,
        0.07217900000000001,
        1.8906189999999998,
        0.7968569999999999,
        1.037089,
        0.994279,
        0.762672,
        0.210594,
        0.636447,
        0.9829009999999999,
        1.070424,
        0.059208,
        0.661002,
        0.802243,
        1.066857,
        0.8122140000000001,
        0.954757,
        0.665403,
        0.806067,
        1.391373,
        0.464786,
        1.108586,
        1.2116069999999999,
        0.912852,
        0.362445,
        1.100433,
        0.584315,
        0.482128,
        0.058081,
        1.082204,
        0.150309,
        0.368042,
        0.35452999999999996,
        1.027567,
        0.35787599999999997,
        0.725669,
        0.273457
    ],
    [
        0.742244,
        1.44285,
        0.517683,
        0.034688000000000004,
        1.084643,
        0.634908,
        0.45952699999999996,
        0.0,
        0.45219,
        0.617075,
        1.6508720000000001,
        0.546991,
        1.19551,
        0.149485,
        0.64328,
        0.782827,
        0.989359,
        0.744674,
        0.32744,
        1.38931,
        0.973352,
        0.440684,
        0.9515800000000001,
        0.71557,
        0.444632,
        1.4387699999999999,
        1.1874079999999998,
        1.1852360000000002,
        1.366731,
        1.135124,
        0.392369,
        0.501921,
        1.3164090000000002,
        0.860796,
        0.43166000000000004,
        0.260051,
        0.455735,
        1.210168,
        0.800778,
        1.2882639999999999,
        1.037855,
        1.146731,
        1.365974,
        0.140246,
        0.9669650000000001,
        0.924346,
        1.257481,
        0.805072,
        1.014112,
        0.25,
        0.924755,
        0.516471,
        0.976529,
        0.597634,
        0.22341,
        0.726982,
        1.011465,
        0.13053299999999998,
        0.7025220000000001,
        0.18606899999999998
    ],
    [
        0.31570299999999996,
        1.166797,
        0.076173,
        0.417502,
        0.7923709999999999,
        0.289963,
        0.007337,
        0.45219,
        0.0,
        0.893353,
        1.3309490000000002,
        0.107002,
        1.657417,
        0.307858,
        0.729942,
        0.800888,
        1.0074210000000001,
        0.364885,
        0.186952,
        1.009521,
        1.117131,
        0.011506,
        0.571791,
        0.280279,
        0.064842,
        1.897956,
        0.8076180000000001,
        1.044425,
        0.986942,
        0.7553350000000001,
        0.203257,
        0.6291100000000001,
        0.975564,
        1.07776,
        0.051871,
        0.6536649999999999,
        0.8095800000000001,
        1.05952,
        0.81955,
        0.9474199999999999,
        0.658066,
        0.79873,
        1.384036,
        0.457449,
        1.101249,
        1.218944,
        0.905515,
        0.369781,
        1.10777,
        0.576978,
        0.489465,
        0.065418,
        1.074867,
        0.157645,
        0.360705,
        0.347193,
        1.02023,
        0.350539,
        0.718332,
        0.26612
    ],
    [
        0.981865,
        2.026282,
        0.876242,
        0.651763,
        1.671397,
        0.589598,
        0.886017,
        0.617075,
        0.893353,
        0.0,
        2.3642939999999997,
        0.79834,
        1.216206,
        0.729664,
        0.17969900000000003,
        1.30939,
        1.515923,
        1.2625909999999998,
        0.886542,
        1.8956659999999999,
        1.569358,
        0.885069,
        1.54177,
        1.003654,
        0.9411900000000001,
        1.456745,
        1.693763,
        0.70601,
        1.980248,
        1.7310809999999999,
        0.951471,
        1.020737,
        1.96887,
        0.25191399999999997,
        0.928219,
        0.37605099999999997,
        0.16134,
        1.806174,
        0.320538,
        1.9407260000000002,
        1.5557729999999999,
        1.6964359999999998,
        1.892538,
        0.736251,
        1.56297,
        0.35724,
        1.8988219999999998,
        1.050815,
        0.415344,
        0.46349,
        1.21284,
        0.881341,
        1.572534,
        0.8489829999999999,
        0.782512,
        1.244899,
        1.60747,
        0.730368,
        1.298527,
        0.7451720000000001
    ],
    [
        1.512341,
        0.482663,
        1.445044,
        1.68556,
        0.737595,
        1.780694,
        1.338286,
        1.6508720000000001,
        1.3309490000000002,
        2.3642939999999997,
        0.0,
        1.5164659999999999,
        2.374913,
        1.590268,
        2.1573939999999996,
        1.167017,
        1.330203,
        1.057876,
        1.4156549999999999,
        0.509217,
        0.8275159999999999,
        1.472826,
        0.80967,
        1.362924,
        1.2899690000000001,
        2.375835,
        0.670531,
        2.4718760000000004,
        0.344007,
        0.619808,
        1.4399710000000001,
        1.414199,
        0.37349200000000005,
        2.5052109999999996,
        1.30294,
        1.811443,
        2.237031,
        0.854981,
        2.247001,
        0.40163600000000005,
        0.670682,
        0.6909379999999999,
        1.895499,
        1.432216,
        0.762381,
        2.646395,
        0.412863,
        1.452427,
        2.53522,
        1.801393,
        1.365471,
        1.395883,
        0.7271449999999999,
        1.465823,
        1.527837,
        1.040184,
        0.672508,
        1.542305,
        1.041839,
        1.5485309999999999
    ],
    [
        0.21022300000000002,
        1.221944,
        0.08989,
        0.512302,
        0.867059,
        0.21474100000000002,
        0.099665,
        0.546991,
        0.107002,
        0.79834,
        1.5164659999999999,
        0.0,
        1.568402,
        0.402658,
        0.640927,
        0.895689,
        1.102222,
        0.540826,
        0.281753,
        1.097325,
        1.3154190000000001,
        0.116986,
        0.7434299999999999,
        0.205314,
        0.170529,
        1.8089410000000001,
        0.895423,
        0.95541,
        1.181908,
        0.93274,
        0.298057,
        0.723911,
        1.17053,
        0.988745,
        0.157558,
        0.593543,
        0.720565,
        1.257808,
        0.7305349999999999,
        1.142386,
        0.8563540000000001,
        0.9970180000000001,
        1.478837,
        0.552249,
        1.299537,
        1.1299290000000002,
        1.100481,
        0.294817,
        1.018754,
        0.604356,
        0.4145,
        0.113259,
        1.273156,
        0.050643,
        0.45550599999999997,
        0.523134,
        1.218519,
        0.44533999999999996,
        0.813133,
        0.360921
    ],
    [
        1.7459280000000001,
        2.327938,
        1.6403050000000001,
        1.230199,
        2.052553,
        1.353661,
        1.65008,
        1.19551,
        1.657417,
        1.216206,
        2.374913,
        1.568402,
        0.0,
        1.437509,
        1.378222,
        1.3585999999999998,
        1.455269,
        2.011621,
        1.5943859999999999,
        2.423259,
        1.719109,
        1.67132,
        2.096984,
        1.789905,
        1.711578,
        0.24053899999999998,
        2.266504,
        1.635973,
        2.258049,
        2.187153,
        1.659316,
        1.115667,
        2.0836509999999997,
        1.329715,
        1.698607,
        1.086929,
        1.071055,
        1.9774100000000001,
        1.5357210000000001,
        2.055507,
        2.011441,
        1.9139739999999998,
        1.52747,
        1.314687,
        1.734207,
        1.266527,
        2.024724,
        1.837066,
        1.396986,
        1.1743679999999999,
        1.999091,
        1.6675920000000002,
        1.743771,
        1.6352339999999999,
        1.490356,
        1.993929,
        1.7787080000000002,
        1.326044,
        1.461641,
        1.453016
    ],
    [
        0.597912,
        1.2985170000000001,
        0.373351,
        0.114797,
        0.94031,
        0.626653,
        0.315195,
        0.149485,
        0.307858,
        0.729664,
        1.590268,
        0.402658,
        1.437509,
        0.0,
        0.635025,
        0.794424,
        1.000956,
        0.6003419999999999,
        0.183107,
        1.2449780000000001,
        0.982698,
        0.29635199999999995,
        0.8072480000000001,
        0.571237,
        0.300299,
        1.5882560000000001,
        1.043075,
        1.176981,
        1.2223989999999998,
        0.990792,
        0.248037,
        0.622645,
        1.211021,
        0.9548110000000001,
        0.287328,
        0.37203699999999995,
        0.5652910000000001,
        1.2195129999999998,
        0.792524,
        1.182877,
        0.8935230000000001,
        1.034187,
        1.3775709999999999,
        0.149591,
        0.9763099999999999,
        1.0369359999999999,
        1.1409719999999999,
        0.66074,
        1.005857,
        0.295351,
        0.780423,
        0.372139,
        0.985874,
        0.45330200000000004,
        0.079077,
        0.58265,
        1.02081,
        0.042682000000000005,
        0.7118669999999999,
        0.041737
    ],
    [
        0.8184539999999999,
        1.8628710000000002,
        0.712831,
        0.608592,
        1.507986,
        0.42618700000000004,
        0.722606,
        0.64328,
        0.729942,
        0.17969900000000003,
        2.1573939999999996,
        0.640927,
        1.378222,
        0.635025,
        0.0,
        1.427398,
        1.63393,
        1.1051790000000001,
        0.793194,
        1.7382529999999998,
        1.609018,
        0.727656,
        1.384357,
        0.8462419999999999,
        0.7837770000000001,
        1.603863,
        1.5363499999999999,
        0.571237,
        1.822835,
        1.5736679999999998,
        0.858124,
        1.1169580000000001,
        1.811458,
        0.370104,
        0.770806,
        0.38846600000000003,
        0.322048,
        1.845834,
        0.162603,
        1.7833130000000001,
        1.3983599999999998,
        1.539024,
        2.010546,
        0.7759109999999999,
        1.60263,
        0.511288,
        1.7414090000000002,
        0.893402,
        0.400113,
        0.399278,
        1.055427,
        0.7239289999999999,
        1.612195,
        0.691571,
        0.689164,
        1.087487,
        1.6471310000000001,
        0.6789980000000001,
        1.348183,
        0.651824
    ],
    [
        1.090943,
        1.120042,
        0.866382,
        0.817515,
        0.844657,
        1.417735,
        0.808226,
        0.782827,
        0.800888,
        1.30939,
        1.167017,
        0.895689,
        1.3585999999999998,
        0.794424,
        1.427398,
        0.0,
        0.345079,
        1.131619,
        0.628272,
        1.209687,
        0.527023,
        0.7893830000000001,
        0.8834120000000001,
        1.064268,
        0.7933300000000001,
        1.356508,
        1.052932,
        1.95319,
        1.044477,
        0.973581,
        0.603481,
        0.39221100000000003,
        0.8700789999999999,
        1.5531110000000001,
        0.780359,
        1.02406,
        1.14805,
        0.763839,
        1.568732,
        0.841935,
        0.797869,
        0.7004020000000001,
        0.910374,
        0.644833,
        0.520635,
        1.6166610000000001,
        0.8111520000000001,
        1.1537709999999999,
        1.782066,
        1.014009,
        1.2734539999999999,
        0.86517,
        0.5302,
        0.946332,
        0.740454,
        1.113927,
        0.565136,
        0.754922,
        0.24806899999999998,
        0.8361609999999999
    ],
    [
        1.297475,
        1.289328,
        1.072914,
        1.024047,
        1.0472080000000001,
        1.6242670000000001,
        1.014758,
        0.989359,
        1.0074210000000001,
        1.515923,
        1.330203,
        1.102222,
        1.455269,
        1.000956,
        1.63393,
        0.345079,
        0.0,
        1.341862,
        0.834804,
        1.391852,
        0.5530170000000001,
        0.995915,
        1.093655,
        1.2708009999999998,
        0.9998630000000001,
        1.3426040000000001,
        1.263175,
        2.1597220000000004,
        1.226641,
        1.183824,
        0.901846,
        0.598743,
        1.052244,
        1.759643,
        0.986891,
        1.2305920000000001,
        1.3545820000000002,
        1.015044,
        1.775265,
        1.0241,
        1.008112,
        0.951607,
        0.6354740000000001,
        0.851365,
        0.645792,
        1.823194,
        1.021394,
        1.360303,
        1.9885979999999999,
        1.220542,
        1.479986,
        1.071702,
        0.655357,
        1.152865,
        0.946986,
        1.32417,
        0.7473,
        0.9614539999999999,
        0.536135,
        1.042693
    ],
    [
        0.52077,
        0.766126,
        0.422722,
        0.709986,
        0.407919,
        0.6789919999999999,
        0.372222,
        0.744674,
        0.364885,
        1.2625909999999998,
        1.057876,
        0.540826,
        2.011621,
        0.6003419999999999,
        1.1051790000000001,
        1.131619,
        1.341862,
        0.0,
        0.479437,
        0.736601,
        0.820196,
        0.353379,
        0.274857,
        0.434971,
        0.300042,
        2.292719,
        0.534698,
        1.439189,
        0.6900069999999999,
        0.4584,
        0.495741,
        0.921594,
        0.678629,
        1.472524,
        0.313014,
        0.946149,
        1.2043430000000002,
        0.7625850000000001,
        1.2143140000000001,
        0.650485,
        0.361131,
        0.501795,
        1.8994659999999999,
        0.749933,
        0.804314,
        1.6137080000000001,
        0.608581,
        0.524474,
        1.502533,
        0.869462,
        0.5403709999999999,
        0.38696600000000003,
        0.777933,
        0.490183,
        0.653189,
        0.017692,
        0.723296,
        0.643023,
        1.0064410000000001,
        0.558605
    ],
    [
        0.477006,
        1.177612,
        0.252446,
        0.292751,
        0.8194049999999999,
        0.459646,
        0.194289,
        0.32744,
        0.186952,
        0.886542,
        1.4156549999999999,
        0.281753,
        1.5943859999999999,
        0.183107,
        0.793194,
        0.628272,
        0.834804,
        0.479437,
        0.0,
        1.124073,
        0.816545,
        0.175447,
        0.6863429999999999,
        0.450332,
        0.179394,
        1.6064829999999999,
        0.9221699999999999,
        1.333858,
        1.101494,
        0.869887,
        0.06493,
        0.456493,
        1.090116,
        1.1116890000000001,
        0.16642300000000002,
        0.528914,
        0.722168,
        1.0533610000000002,
        0.9494009999999999,
        1.061972,
        0.772618,
        0.9132809999999999,
        1.211419,
        0.26957400000000004,
        0.810158,
        1.193813,
        1.020067,
        0.5398350000000001,
        1.162734,
        0.452228,
        0.659518,
        0.251234,
        0.819722,
        0.332396,
        0.10403,
        0.461745,
        0.854658,
        0.189121,
        0.5457150000000001,
        0.198615
    ],
    [
        1.043712,
        0.483237,
        0.9764160000000001,
        1.354622,
        0.54837,
        1.312066,
        0.99876,
        1.38931,
        1.009521,
        1.8956659999999999,
        0.509217,
        1.097325,
        2.423259,
        1.2449780000000001,
        1.7382529999999998,
        1.209687,
        1.391852,
        0.736601,
        1.124073,
        0.0,
        0.8154009999999999,
        1.017602,
        0.41648399999999997,
        0.907701,
        0.896783,
        2.379297,
        0.201902,
        2.016653,
        0.187662,
        0.27545400000000003,
        1.092481,
        1.402084,
        0.361377,
        2.049988,
        0.909755,
        1.654786,
        1.781807,
        0.824064,
        1.791778,
        0.389521,
        0.474598,
        0.642246,
        1.894671,
        1.346673,
        0.750265,
        2.191172,
        0.381946,
        1.01711,
        2.0799969999999997,
        1.466203,
        0.930154,
        0.9406599999999999,
        0.7150299999999999,
        1.010599,
        1.24993,
        0.646999,
        0.660393,
        1.2397639999999999,
        1.0297239999999999,
        1.155345
    ],
    [
        1.261806,
        0.780541,
        1.174968,
        1.00804,
        0.533234,
        1.431238,
        1.124468,
        0.973352,
        1.117131,
        1.569358,
        0.8275159999999999,
        1.3154190000000001,
        1.719109,
        0.982698,
        1.609018,
        0.527023,
        0.5530170000000001,
        0.820196,
        0.816545,
        0.8154009999999999,
        0.0,
        0.936772,
        0.5719890000000001,
        1.173482,
        1.052289,
        1.586655,
        0.730979,
        2.10058,
        0.6690410000000001,
        0.6516280000000001,
        0.7999769999999999,
        0.7740090000000001,
        0.49464400000000003,
        1.772194,
        0.927748,
        1.17145,
        1.367134,
        0.493378,
        1.7161220000000001,
        0.466499,
        0.48644600000000005,
        0.429942,
        1.102029,
        0.792222,
        0.10344,
        1.835745,
        0.489199,
        1.2629839999999999,
        1.9294559999999998,
        1.1613989999999998,
        1.19,
        1.139213,
        0.11300400000000001,
        1.228693,
        0.8878440000000001,
        0.802504,
        0.18969999999999998,
        0.9023110000000001,
        0.401845,
        0.9835510000000001
    ],
    [
        0.327209,
        1.178303,
        0.087679,
        0.40599599999999997,
        0.693348,
        0.301469,
        0.018843,
        0.440684,
        0.011506,
        0.885069,
        1.472826,
        0.116986,
        1.67132,
        0.29635199999999995,
        0.727656,
        0.7893830000000001,
        0.995915,
        0.353379,
        0.175447,
        1.017602,
        0.936772,
        0.0,
        0.5602849999999999,
        0.291785,
        0.053336,
        1.879454,
        0.7961119999999999,
        1.055932,
        0.9754360000000001,
        0.743829,
        0.191751,
        0.617604,
        0.964058,
        1.089266,
        0.040365000000000005,
        0.642159,
        0.835413,
        1.048014,
        0.831057,
        0.935914,
        0.6465599999999999,
        0.787224,
        1.372531,
        0.445943,
        1.089743,
        1.23045,
        0.89401,
        0.381288,
        1.1192760000000002,
        0.565473,
        0.500971,
        0.076924,
        1.063361,
        0.16915100000000002,
        0.34919900000000004,
        0.335687,
        1.008724,
        0.339034,
        0.7068260000000001,
        0.25461500000000004
    ],
    [
        0.689817,
        0.517919,
        0.629629,
        0.916892,
        0.159712,
        0.958171,
        0.5791280000000001,
        0.9515800000000001,
        0.571791,
        1.54177,
        0.80967,
        0.7434299999999999,
        2.096984,
        0.8072480000000001,
        1.384357,
        0.8834120000000001,
        1.093655,
        0.274857,
        0.6863429999999999,
        0.41648399999999997,
        0.5719890000000001,
        0.5602849999999999,
        0.0,
        0.6014919999999999,
        0.506949,
        2.135885,
        0.288824,
        1.662758,
        0.4418,
        0.210194,
        0.702647,
        1.130595,
        0.430422,
        1.696093,
        0.5199199999999999,
        1.1530550000000002,
        1.427912,
        0.514378,
        1.437882,
        0.402278,
        0.11292400000000001,
        0.253588,
        1.651259,
        0.9568390000000001,
        0.556107,
        1.8372760000000001,
        0.360374,
        0.690995,
        1.726102,
        1.076369,
        0.618011,
        0.5867640000000001,
        0.529726,
        0.656704,
        0.860096,
        0.257164,
        0.475089,
        0.84993,
        0.7582340000000001,
        0.7655109999999999
    ],
    [
        0.109568,
        1.068402,
        0.227904,
        0.680881,
        0.761204,
        0.420055,
        0.272942,
        0.71557,
        0.280279,
        1.003654,
        1.362924,
        0.205314,
        1.789905,
        0.571237,
        0.8462419999999999,
        1.064268,
        1.2708009999999998,
        0.434971,
        0.450332,
        0.907701,
        1.173482,
        0.291785,
        0.6014919999999999,
        0.0,
        0.270938,
        1.9927270000000001,
        0.756011,
        1.1391969999999998,
        1.042496,
        0.7933279999999999,
        0.482399,
        0.908252,
        1.031118,
        1.172531,
        0.321987,
        0.7773289999999999,
        0.904351,
        1.1183969999999999,
        0.914321,
        1.002974,
        0.716943,
        0.857606,
        1.652809,
        0.726221,
        1.160125,
        1.313715,
        0.9610700000000001,
        0.11327200000000001,
        1.2025409999999999,
        0.788142,
        0.26569600000000004,
        0.20447300000000002,
        1.1337439999999999,
        0.13452699999999998,
        0.629478,
        0.40690899999999997,
        1.079107,
        0.619312,
        0.9871040000000001,
        0.5348930000000001
    ],
    [
        0.37495,
        0.9982179999999999,
        0.14122200000000001,
        0.409943,
        0.640011,
        0.35758999999999996,
        0.07217900000000001,
        0.444632,
        0.064842,
        0.9411900000000001,
        1.2899690000000001,
        0.170529,
        1.711578,
        0.300299,
        0.7837770000000001,
        0.7933300000000001,
        0.9998630000000001,
        0.300042,
        0.179394,
        0.896783,
        1.052289,
        0.053336,
        0.506949,
        0.270938,
        0.0,
        1.883402,
        0.742776,
        1.11712,
        0.922099,
        0.690493,
        0.195698,
        0.621552,
        0.910722,
        1.150455,
        0.012971,
        0.646106,
        0.83936,
        0.994678,
        0.892245,
        0.882577,
        0.5932240000000001,
        0.733887,
        1.376478,
        0.44989,
        1.0364069999999999,
        1.291639,
        0.840673,
        0.36044099999999996,
        1.1804649999999999,
        0.5694199999999999,
        0.48012400000000005,
        0.149178,
        1.010025,
        0.23034000000000002,
        0.353147,
        0.28235000000000005,
        0.955388,
        0.342981,
        0.710773,
        0.258562
    ],
    [
        1.9864680000000001,
        2.33496,
        1.880844,
        1.4734580000000002,
        2.09713,
        1.5942,
        1.8906189999999998,
        1.4387699999999999,
        1.897956,
        1.456745,
        2.375835,
        1.8089410000000001,
        0.24053899999999998,
        1.5882560000000001,
        1.603863,
        1.356508,
        1.3426040000000001,
        2.292719,
        1.6064829999999999,
        2.379297,
        1.586655,
        1.879454,
        2.135885,
        1.9927270000000001,
        1.883402,
        0.0,
        2.316602,
        1.876512,
        2.2800680000000004,
        2.23725,
        1.6735239999999998,
        1.254601,
        2.10567,
        1.5702539999999998,
        1.75857,
        1.327468,
        1.3115940000000001,
        2.008748,
        1.77626,
        2.0775259999999998,
        2.0615390000000002,
        1.945311,
        1.414805,
        1.6230440000000002,
        1.699219,
        1.507066,
        2.074821,
        2.077605,
        1.6375250000000001,
        1.414907,
        2.23963,
        1.908131,
        1.708783,
        1.875773,
        1.7186649999999999,
        2.053891,
        1.8007270000000002,
        1.566344,
        1.5475640000000002,
        1.6218800000000002
    ],
    [
        0.84181,
        0.431723,
        0.774513,
        1.152719,
        0.34646699999999997,
        1.110164,
        0.7968569999999999,
        1.1874079999999998,
        0.8076180000000001,
        1.693763,
        0.670531,
        0.895423,
        2.266504,
        1.043075,
        1.5363499999999999,
        1.052932,
        1.263175,
        0.534698,
        0.9221699999999999,
        0.201902,
        0.730979,
        0.7961119999999999,
        0.288824,
        0.756011,
        0.742776,
        2.316602,
        0.0,
        1.814751,
        0.348976,
        0.106437,
        0.8905789999999999,
        1.2988119999999999,
        0.34422699999999995,
        1.848085,
        0.7078519999999999,
        1.4528830000000001,
        1.579905,
        0.683899,
        1.589875,
        0.316083,
        0.27269600000000005,
        0.44034300000000004,
        1.791399,
        1.144771,
        0.6469940000000001,
        1.989269,
        0.274178,
        0.815207,
        1.878095,
        1.264301,
        0.728251,
        0.738757,
        0.611758,
        0.808697,
        1.048027,
        0.445096,
        0.557121,
        1.037862,
        0.926452,
        0.9534429999999999
    ],
    [
        1.079375,
        2.177354,
        1.027314,
        1.150547,
        1.8224690000000001,
        0.887496,
        1.037089,
        1.1852360000000002,
        1.044425,
        0.70601,
        2.4718760000000004,
        0.95541,
        1.635973,
        1.176981,
        0.571237,
        1.95319,
        2.1597220000000004,
        1.439189,
        1.333858,
        2.016653,
        2.10058,
        1.055932,
        1.662758,
        1.1391969999999998,
        1.11712,
        1.876512,
        1.814751,
        0.0,
        2.137318,
        1.8881510000000001,
        1.4070740000000002,
        1.665909,
        2.1259409999999996,
        0.44655900000000004,
        1.085289,
        0.937416,
        0.864004,
        2.114297,
        0.486575,
        2.0977959999999998,
        1.7128430000000001,
        1.853506,
        2.559496,
        1.324862,
        2.151581,
        0.36944600000000005,
        2.0558919999999996,
        1.1705450000000002,
        0.26526,
        0.948229,
        1.363675,
        1.038411,
        2.1719589999999998,
        1.006054,
        1.238115,
        1.40197,
        2.0750070000000003,
        1.2279490000000002,
        1.887138,
        1.2007750000000001
    ],
    [
        1.128295,
        0.295575,
        1.060998,
        1.3320429999999999,
        0.452121,
        1.396648,
        0.994279,
        1.366731,
        0.986942,
        1.980248,
        0.344007,
        1.181908,
        2.258049,
        1.2223989999999998,
        1.822835,
        1.044477,
        1.226641,
        0.6900069999999999,
        1.101494,
        0.187662,
        0.6690410000000001,
        0.9754360000000001,
        0.4418,
        1.042496,
        0.922099,
        2.2800680000000004,
        0.348976,
        2.137318,
        0.0,
        0.298253,
        1.117798,
        1.236874,
        0.196167,
        2.13457,
        0.935071,
        1.739368,
        1.86639,
        0.663599,
        1.8763599999999998,
        0.224311,
        0.326675,
        0.491875,
        1.72946,
        1.254891,
        0.585055,
        2.275754,
        0.21673599999999998,
        1.0817860000000001,
        2.1645790000000003,
        1.49152,
        0.99483,
        1.025242,
        0.5498200000000001,
        1.095182,
        1.275246,
        0.6723150000000001,
        0.495183,
        1.26508,
        0.864514,
        1.180661
    ],
    [
        0.879127,
        0.352372,
        0.81183,
        1.100436,
        0.26711599999999996,
        1.147481,
        0.762672,
        1.135124,
        0.7553350000000001,
        1.7310809999999999,
        0.619808,
        0.93274,
        2.187153,
        0.990792,
        1.5736679999999998,
        0.973581,
        1.183824,
        0.4584,
        0.869887,
        0.27545400000000003,
        0.6516280000000001,
        0.743829,
        0.210194,
        0.7933279999999999,
        0.690493,
        2.23725,
        0.106437,
        1.8881510000000001,
        0.298253,
        0.0,
        0.865859,
        1.219461,
        0.264876,
        1.885403,
        0.683132,
        1.4902,
        1.617222,
        0.6045470000000001,
        1.627193,
        0.236731,
        0.193345,
        0.36099200000000004,
        1.712048,
        1.120051,
        0.567643,
        2.026586,
        0.194827,
        0.852525,
        1.9154120000000001,
        1.2395809999999998,
        0.745663,
        0.7760750000000001,
        0.5324070000000001,
        0.846014,
        1.023307,
        0.42037599999999997,
        0.47777,
        1.013141,
        0.847101,
        0.928723
    ],
    [
        0.493311,
        1.193916,
        0.26875,
        0.35768099999999997,
        0.8357089999999999,
        0.475951,
        0.210594,
        0.392369,
        0.203257,
        0.951471,
        1.4399710000000001,
        0.298057,
        1.659316,
        0.248037,
        0.858124,
        0.603481,
        0.901846,
        0.495741,
        0.06493,
        1.092481,
        0.7999769999999999,
        0.191751,
        0.702647,
        0.482399,
        0.195698,
        1.6735239999999998,
        0.8905789999999999,
        1.4070740000000002,
        1.117798,
        0.865859,
        0.0,
        0.507087,
        1.1064200000000002,
        1.176618,
        0.182727,
        0.593844,
        0.787098,
        1.103955,
        1.014331,
        1.078276,
        0.788922,
        0.929586,
        1.2620129999999998,
        0.320169,
        0.8344729999999999,
        1.258743,
        1.0363710000000002,
        0.556139,
        1.227664,
        0.517158,
        0.675822,
        0.267538,
        0.8440380000000001,
        0.34870100000000004,
        0.16896,
        0.478049,
        0.878974,
        0.256245,
        0.570031,
        0.263544
    ],
    [
        0.919164,
        1.367225,
        0.694603,
        0.536609,
        1.091839,
        1.1072950000000001,
        0.636447,
        0.501921,
        0.6291100000000001,
        1.020737,
        1.414199,
        0.723911,
        1.115667,
        0.622645,
        1.1169580000000001,
        0.39221100000000003,
        0.598743,
        0.921594,
        0.456493,
        1.402084,
        0.7740090000000001,
        0.617604,
        1.130595,
        0.908252,
        0.621552,
        1.254601,
        1.2988119999999999,
        1.665909,
        1.236874,
        1.219461,
        0.507087,
        0.0,
        1.117262,
        1.264458,
        0.60858,
        0.72773,
        0.8593970000000001,
        1.011021,
        1.2731649999999999,
        1.089118,
        1.0450519999999999,
        0.947585,
        0.8682000000000001,
        0.473054,
        0.767818,
        1.328008,
        1.058334,
        0.981992,
        1.486499,
        0.71768,
        1.101675,
        0.693391,
        0.777383,
        0.774554,
        0.5686749999999999,
        0.9039020000000001,
        0.812319,
        0.5831430000000001,
        0.495252,
        0.6643819999999999
    ],
    [
        1.116917,
        0.412233,
        1.04962,
        1.320665,
        0.394781,
        1.385271,
        0.9829009999999999,
        1.3164090000000002,
        0.975564,
        1.96887,
        0.37349200000000005,
        1.17053,
        2.0836509999999997,
        1.211021,
        1.811458,
        0.8700789999999999,
        1.052244,
        0.678629,
        1.090116,
        0.361377,
        0.49464400000000003,
        0.964058,
        0.430422,
        1.031118,
        0.910722,
        2.10567,
        0.34422699999999995,
        2.1259409999999996,
        0.196167,
        0.264876,
        1.1064200000000002,
        1.117262,
