[
    [
        0.0,
        0.193475,
        1.272671,
        0.769479,
        1.535745,
        2.7695770000000004,
        2.888308,
        2.2840610000000003,
        0.210226,
        2.3012289999999997,
        3.5977609999999998,
        1.386541,
        2.086364,
        2.5094000000000003,
        3.004254,
        1.34799,
        1.897577,
        0.14369200000000001,
        2.0400039999999997,
        2.746099
    ],
    [
        0.193475,
        0.0,
        0.8888550000000001,
        0.38566300000000003,
        1.528943,
        2.3857600000000003,
        2.6296660000000003,
        1.981274,
        0.181315,
        2.011359,
        3.2139450000000003,
        1.36255,
        2.09089,
        2.107604,
        2.620438,
        1.323998,
        1.5606769999999999,
        0.11478100000000001,
        2.155595,
        2.4431439999999998
    ],
    [
        1.272671,
        0.8888550000000001,
        0.0,
        0.517729,
        1.775498,
        1.973744,
        2.45026,
        1.801868,
        1.017538,
        1.831953,
        2.802116,
        1.873916,
        2.242887,
        1.6109310000000001,
        2.208421,
        1.835364,
        1.381271,
        1.018173,
        2.946205,
        1.847631
    ],
    [
        0.769479,
        0.38566300000000003,
        0.517729,
        0.0,
        1.886508,
        2.000098,
        2.244003,
        1.5956110000000001,
        0.499809,
        1.625697,
        2.828282,
        1.359672,
        1.731306,
        1.721941,
        2.234775,
        1.3211199999999999,
        1.175014,
        0.500444,
        2.430746,
        2.057481
    ],
    [
        1.535745,
        1.528943,
        1.775498,
        1.886508,
        0.0,
        2.171078,
        3.602773,
        2.940479,
        1.555719,
        2.970564,
        2.918898,
        2.6528519999999998,
        3.5929349999999998,
        1.4285619999999999,
        2.317457,
        2.6143,
        2.779496,
        1.489185,
        3.282855,
        1.656423
    ],
    [
        2.7695770000000004,
        2.3857600000000003,
        1.973744,
        2.000098,
        2.171078,
        0.0,
        2.169692,
        1.771419,
        2.457957,
        1.801504,
        0.992322,
        3.261199,
        3.259675,
        0.9877290000000001,
        0.234677,
        3.222647,
        1.675934,
        2.458592,
        4.331899999999999,
        0.797353
    ],
    [
        2.888308,
        2.6296660000000003,
        2.45026,
        2.244003,
        3.602773,
        2.169692,
        0.0,
        0.707444,
        2.620466,
        0.6774410000000001,
        2.5089609999999998,
        2.91698,
        2.1618760000000004,
        2.981931,
        2.364687,
        2.878429,
        1.089606,
        2.687,
        3.9996060000000004,
        2.964074
    ],
    [
        2.2840610000000003,
        1.981274,
        1.801868,
        1.5956110000000001,
        2.940479,
        1.771419,
        0.707444,
        0.0,
        2.04003,
        0.030004000000000003,
        2.287348,
        2.312733,
        1.932382,
        2.319775,
        1.960311,
        2.274181,
        0.45240499999999995,
        2.106563,
        3.395359,
        2.301917
    ],
    [
        0.210226,
        0.181315,
        1.017538,
        0.499809,
        1.555719,
        2.457957,
        2.620466,
        2.04003,
        0.0,
        2.014157,
        3.3196179999999997,
        1.1812360000000002,
        1.881058,
        2.213277,
        2.7261100000000003,
        1.142684,
        1.619433,
        0.06653400000000001,
        1.974281,
        2.5488180000000003
    ],
    [
        2.3012289999999997,
        2.011359,
        1.831953,
        1.625697,
        2.970564,
        1.801504,
        0.6774410000000001,
        0.030004000000000003,
        2.014157,
        0.0,
        2.257345,
        2.329901,
        1.94955,
        2.34986,
        1.990396,
        2.29135,
        0.469574,
        2.136649,
        3.412527,
        2.3320030000000003
    ],
    [
        3.5977609999999998,
        3.2139450000000003,
        2.802116,
        2.828282,
        2.918898,
        0.992322,
        2.5089609999999998,
        2.287348,
        3.3196179999999997,
        2.257345,
        0.0,
        4.117443000000001,
        4.099185,
        1.5518530000000001,
        0.780961,
        4.0788910000000005,
        2.515444,
        3.3148359999999997,
        5.188144,
        1.323992
    ],
    [
        1.386541,
        1.36255,
        1.873916,
        1.359672,
        2.6528519999999998,
        3.261199,
        2.91698,
        2.312733,
        1.1812360000000002,
        2.329901,
        4.117443000000001,
        0.0,
        1.369713,
        2.9585100000000004,
        3.404789,
        0.391078,
        1.926,
        1.129514,
        1.2465519999999999,
        3.227496
    ],
    [
        2.086364,
        2.09089,
        2.242887,
        1.731306,
        3.5929349999999998,
        3.259675,
        2.1618760000000004,
        1.932382,
        1.881058,
        1.94955,
        4.099185,
        1.369713,
        0.0,
        3.441189,
        3.4931129999999997,
        1.1641810000000001,
        1.644883,
        2.053029,
        2.327507,
        3.534953
    ],
    [
        2.5094000000000003,
        2.107604,
        1.6109310000000001,
        1.721941,
        1.4285619999999999,
        0.9877290000000001,
        2.981931,
        2.319775,
        2.213277,
        2.34986,
        1.5518530000000001,
        2.9585100000000004,
        3.441189,
        0.0,
        1.040756,
        3.0541129999999996,
        2.210499,
        2.236923,
        4.164954,
        0.22786099999999998
    ],
    [
        3.004254,
        2.620438,
        2.208421,
        2.234775,
        2.317457,
        0.234677,
        2.364687,
        1.960311,
        2.7261100000000003,
        1.990396,
        0.780961,
        3.404789,
        3.4931129999999997,
        1.040756,
        0.0,
        3.4573240000000003,
        1.886498,
        2.693269,
        4.5665770000000006,
        0.812895
    ],
    [
        1.34799,
        1.323998,
        1.835364,
        1.3211199999999999,
        2.6143,
        3.222647,
        2.878429,
        2.274181,
        1.142684,
        2.29135,
        4.0788910000000005,
        0.391078,
        1.1641810000000001,
        3.0541129999999996,
        3.4573240000000003,
        0.0,
        1.946641,
        1.388676,
        1.567058,
        3.454072
    ],
    [
        1.897577,
        1.5606769999999999,
        1.381271,
        1.175014,
        2.779496,
        1.675934,
        1.089606,
        0.45240499999999995,
        1.619433,
        0.469574,
        2.515444,
        1.926,
        1.644883,
        2.210499,
        1.886498,
        1.946641,
        0.0,
        1.685967,
        3.0678159999999997,
        2.206295
    ],
    [
        0.14369200000000001,
        0.11478100000000001,
        1.018173,
        0.500444,
        1.489185,
        2.458592,
        2.687,
        2.106563,
        0.06653400000000001,
        2.136649,
        3.3148359999999997,
        1.129514,
        2.053029,
        2.236923,
        2.693269,
        1.388676,
        1.685967,
        0.0,
        2.0408150000000003,
        2.557926
    ],
    [
        2.0400039999999997,
        2.155595,
        2.946205,
        2.430746,
        3.282855,
        4.331899999999999,
        3.9996060000000004,
        3.395359,
        1.974281,
        3.412527,
        5.188144,
        1.2465519999999999,
        2.327507,
        4.164954,
        4.5665770000000006,
        1.567058,
        3.0678159999999997,
        2.0408150000000003,
        0.0,
        4.480897
    ],
    [
        2.746099,
        2.4431439999999998,
        1.847631,
        2.057481,
        1.656423,
        0.797353,
        2.964074,
        2.301917,
        2.5488180000000003,
        2.3320030000000003,
        1.323992,
        3.227496,
        3.534953,
        0.22786099999999998,
        0.812895,
        3.454072,
        2.206295,
        2.557926,
        4.480897,
        0.0
    ]
]