[
    [
        0.0,
        2.009527,
        1.7898479999999999,
        0.337667,
        0.553148,
        0.268494,
        0.320129,
        1.550088,
        0.690581,
        1.1144269999999998,
        0.235171,
        0.325029,
        0.213643,
        2.791846,
        0.332994,
        1.745506,
        0.771435,
        0.724399,
        3.030342,
        0.608478,
        1.6397270000000002,
        0.631936,
        0.283071,
        1.309606,
        0.9202,
        1.907672,
        0.023656,
        0.653289,
        0.312142,
        0.655218,
        0.75176,
        0.814219,
        1.040218,
        1.024538,
        0.32865,
        0.340781,
        0.30988499999999997,
        0.611285,
        0.204907,
        0.696151,
        1.954566,
        0.83256,
        0.8495689999999999,
        0.7203390000000001,
        0.884531,
        0.687646,
        1.152136,
        0.256556,
        2.571485,
        0.19989400000000002,
        1.603188,
        0.182817,
        0.368002,
        2.670346,
        0.792827,
        0.28159500000000004,
        2.4200749999999998,
        0.730645,
        0.275481,
        0.602305
    ],
    [
        2.009527,
        0.0,
        3.612009,
        2.230037,
        2.3810189999999998,
        2.134733,
        1.803949,
        3.047442,
        2.343521,
        1.7224469999999998,
        2.044491,
        1.683346,
        2.022962,
        4.376331,
        1.940714,
        3.544244,
        2.222692,
        2.175656,
        3.310008,
        2.140288,
        3.1359899999999996,
        2.556183,
        2.1742510000000004,
        2.507168,
        2.15715,
        3.478597,
        1.931038,
        2.5775349999999997,
        1.795962,
        2.028809,
        1.44434,
        2.304823,
        2.693158,
        2.223131,
        2.215983,
        1.667593,
        2.2010650000000003,
        2.215473,
        2.001842,
        2.147408,
        2.470161,
        1.746135,
        2.300826,
        2.000597,
        2.335788,
        1.557837,
        2.603393,
        1.89234,
        4.228212999999999,
        2.006855,
        2.0751039999999996,
        1.992137,
        1.653103,
        2.9500129999999998,
        2.313788,
        1.73951,
        3.477768,
        2.648984,
        1.732893,
        2.526552
    ],
    [
        1.7898479999999999,
        3.612009,
        0.0,
        1.616658,
        1.494391,
        1.546295,
        1.9252960000000001,
        1.671588,
        1.2808620000000002,
        2.3447959999999997,
        1.646487,
        1.930197,
        1.647635,
        1.599173,
        1.786488,
        0.173447,
        1.6369500000000001,
        1.9126500000000002,
        4.210136,
        1.587446,
        1.717947,
        1.3406310000000001,
        1.560872,
        1.5511279999999998,
        1.869697,
        1.854444,
        1.943762,
        1.319279,
        1.9173099999999998,
        1.947327,
        2.328562,
        1.640879,
        1.162997,
        1.857789,
        1.461198,
        1.9459490000000002,
        1.587686,
        1.648502,
        1.687785,
        1.783862,
        3.0872689999999996,
        2.4093620000000002,
        1.571269,
        2.1609220000000002,
        1.900959,
        2.292813,
        1.4231340000000001,
        1.77198,
        1.44198,
        1.6827729999999999,
        2.235145,
        1.678461,
        1.97317,
        3.8501410000000003,
        1.569787,
        1.886763,
        3.181174,
        1.084454,
        1.8806489999999998,
        1.402007
    ],
    [
        0.337667,
        2.230037,
        1.616658,
        0.0,
        0.379958,
        0.095304,
        0.492582,
        1.376898,
        0.374076,
        1.1727159999999999,
        0.205926,
        0.49748200000000004,
        0.20707499999999998,
        2.618656,
        0.345928,
        1.5748,
        0.6549940000000001,
        0.6079589999999999,
        3.166583,
        0.46917200000000003,
        1.466537,
        0.458747,
        0.055786,
        1.166932,
        0.8082480000000001,
        1.734482,
        0.503202,
        0.480099,
        0.484596,
        0.538778,
        0.888002,
        0.524292,
        0.7237140000000001,
        0.912586,
        0.15546000000000001,
        0.513235,
        0.028972,
        0.426029,
        0.247225,
        0.579711,
        2.090808,
        0.968801,
        0.733128,
        0.7523730000000001,
        0.768091,
        0.86803,
        1.032084,
        0.347926,
        2.398295,
        0.24221199999999998,
        1.491236,
        0.237901,
        0.540456,
        2.806587,
        0.6535209999999999,
        0.454049,
        2.464758,
        0.5574560000000001,
        0.447935,
        0.429116
    ],
    [
        0.553148,
        2.3810189999999998,
        1.494391,
        0.379958,
        0.0,
        0.13227699999999998,
        0.648928,
        1.425914,
        0.601658,
        1.3160619999999998,
        0.152096,
        0.653828,
        0.153245,
        2.6805700000000003,
        0.292098,
        1.634231,
        0.601164,
        0.554129,
        3.112753,
        0.415342,
        1.514463,
        0.5206609999999999,
        0.17179499999999998,
        1.3945139999999998,
        1.03583,
        1.796397,
        0.449372,
        0.5420130000000001,
        0.640941,
        0.484948,
        0.834172,
        0.751873,
        0.8927569999999999,
        1.140167,
        0.21737399999999998,
        0.6695800000000001,
        0.198609,
        0.65361,
        0.193395,
        0.5258809999999999,
        2.036978,
        0.914971,
        0.679298,
        0.698543,
        0.71426,
        0.8142,
        0.981865,
        0.504271,
        2.46021,
        0.188382,
        1.718817,
        0.18407099999999998,
        0.696802,
        2.752757,
        0.5996910000000001,
        0.610394,
        2.4109279999999997,
        0.61937,
        0.604281,
        0.49102999999999997
    ],
    [
        0.268494,
        2.134733,
        1.546295,
        0.095304,
        0.13227699999999998,
        0.0,
        0.550534,
        1.306535,
        0.46938,
        1.217668,
        0.110622,
        0.555434,
        0.111771,
        2.548293,
        0.250624,
        1.5019529999999999,
        0.55969,
        0.512655,
        3.071279,
        0.373868,
        1.396174,
        0.388384,
        0.039518,
        1.2622360000000001,
        0.903552,
        1.664119,
        0.40789800000000004,
        0.409736,
        0.542547,
        0.443474,
        0.792698,
        0.619596,
        0.76048,
        1.007889,
        0.08509699999999999,
        0.5711860000000001,
        0.06633199999999999,
        0.5213329999999999,
        0.151921,
        0.484407,
        1.995504,
        0.873498,
        0.637824,
        0.657069,
        0.672787,
        0.772726,
        0.940391,
        0.405877,
        2.3279319999999997,
        0.14690799999999998,
        1.58654,
        0.142597,
        0.598408,
        2.711284,
        0.558217,
        0.512,
        2.369454,
        0.487093,
        0.505887,
        0.358753
    ],
    [
        0.320129,
        1.803949,
        1.9252960000000001,
        0.492582,
        0.648928,
        0.550534,
        0.0,
        1.67983,
        0.8205359999999999,
        1.2443810000000002,
        0.36512599999999995,
        0.240868,
        0.343597,
        2.921801,
        0.43563799999999997,
        1.875461,
        0.8550800000000001,
        0.808044,
        2.9429879999999997,
        0.738433,
        1.768379,
        0.761891,
        0.413025,
        1.4395609999999999,
        1.050155,
        2.037627,
        0.153611,
        0.783243,
        0.346813,
        0.661197,
        0.51482,
        0.944174,
        1.170173,
        1.154493,
        0.458604,
        0.225116,
        0.439839,
        0.74124,
        0.33486099999999996,
        0.7797970000000001,
        1.867213,
        0.745206,
        0.9332140000000001,
        0.632985,
        0.968176,
        0.461175,
        1.235781,
        0.38651100000000005,
        2.70144,
        0.32984800000000003,
        1.733142,
        0.312772,
        0.24051499999999998,
        2.5829920000000004,
        0.946176,
        0.290361,
        2.3327220000000004,
        0.8606,
        0.29041500000000003,
        0.73226
    ],
    [
        1.550088,
        3.047442,
        1.671588,
        1.376898,
        1.425914,
        1.306535,
        1.67983,
        0.0,
        1.43316,
        2.47017,
        1.363634,
        1.837028,
        1.3647829999999999,
        1.334592,
        1.279684,
        1.713991,
        0.827029,
        1.119059,
        3.3257399999999997,
        1.047579,
        0.097753,
        1.054384,
        1.321112,
        2.19653,
        2.0190989999999998,
        0.436859,
        1.565574,
        0.9959779999999999,
        1.824141,
        1.203602,
        1.699072,
        1.735142,
        1.410797,
        2.1234360000000003,
        1.221438,
        1.8527799999999999,
        1.347926,
        1.636879,
        1.404933,
        1.0401369999999999,
        2.202873,
        1.7798720000000001,
        0.7610929999999999,
        1.4171969999999998,
        1.091038,
        1.6790999999999998,
        0.471817,
        1.687471,
        1.1857460000000002,
        1.39992,
        2.702086,
        1.395608,
        1.880002,
        2.965745,
        0.95378,
        1.7935940000000001,
        2.054353,
        1.106729,
        1.787481,
        0.947782
    ],
    [
        0.690581,
        2.343521,
        1.2808620000000002,
        0.374076,
        0.601658,
        0.46938,
        0.8205359999999999,
        1.43316,
        0.0,
        1.213305,
        0.557419,
        0.660944,
        0.558567,
        2.279659,
        0.6974199999999999,
        1.2130969999999999,
        0.882995,
        0.9828,
        3.518076,
        0.675329,
        1.522799,
        0.6466219999999999,
        0.430627,
        0.8962469999999999,
        0.7622340000000001,
        1.796683,
        0.8104199999999999,
        0.570115,
        0.648822,
        0.9136190000000001,
        1.07797,
        0.478277,
        0.362011,
        0.866571,
        0.5145639999999999,
        0.677461,
        0.403813,
        0.380014,
        0.5987169999999999,
        0.871745,
        2.4423000000000004,
        1.320294,
        0.961129,
        1.127214,
        1.1330689999999999,
        1.024326,
        1.088346,
        0.5027280000000001,
        2.0592979999999996,
        0.5937039999999999,
        1.445221,
        0.5893930000000001,
        0.704682,
        3.15808,
        0.850278,
        0.618275,
        2.829737,
        0.347723,
        0.612162,
        0.616991
    ],
    [
        1.1144269999999998,
        1.7224469999999998,
        2.3447959999999997,
        1.1727159999999999,
        1.3160619999999998,
        1.217668,
        1.2443810000000002,
        2.47017,
        1.213305,
        0.0,
        1.184346,
        0.994075,
        1.162817,
        3.488124,
        1.282168,
        2.2828429999999997,
        1.7206089999999998,
        1.6735740000000001,
        3.931867,
        1.582435,
        2.561518,
        1.553727,
        1.193322,
        0.940196,
        0.6350480000000001,
        2.829463,
        1.142786,
        1.57508,
        0.981188,
        1.604393,
        1.4919570000000002,
        0.762495,
        1.271946,
        0.671578,
        1.277824,
        1.009827,
        1.166508,
        0.959258,
        1.154081,
        1.645326,
        2.8560920000000003,
        1.7343810000000002,
        1.798744,
        1.62216,
        1.8337059999999998,
        1.388474,
        2.127065,
        0.938299,
        3.267763,
        1.149068,
        0.5636319999999999,
        1.1319919999999999,
        1.0370489999999999,
        3.571872,
        1.7573830000000001,
        0.950641,
        3.321896,
        1.592936,
        0.944528,
        1.524096
    ],
    [
        0.235171,
        2.044491,
        1.646487,
        0.205926,
        0.152096,
        0.110622,
        0.36512599999999995,
        1.363634,
        0.557419,
        1.184346,
        0.0,
        0.522112,
        0.021529,
        2.658916,
        0.14000200000000002,
        1.612576,
        0.536263,
        0.489228,
        2.9810369999999997,
        0.393687,
        1.4495619999999998,
        0.49900599999999995,
        0.15014,
        1.322933,
        0.964249,
        1.792168,
        0.31765499999999997,
        0.520358,
        0.509225,
        0.420047,
        0.702456,
        0.680292,
        0.9062910000000001,
        1.068586,
        0.195719,
        0.537864,
        0.176954,
        0.582029,
        0.061679000000000005,
        0.46098,
        1.9052609999999999,
        0.783255,
        0.6143970000000001,
        0.620893,
        0.64936,
        0.6824840000000001,
        0.916964,
        0.372555,
        2.438554,
        0.056665999999999994,
        1.6472360000000001,
        0.052354,
        0.5650850000000001,
        2.621041,
        0.627359,
        0.478678,
        2.346027,
        0.597715,
        0.47256400000000004,
        0.469375
    ],
    [
        0.325029,
        1.683346,
        1.930197,
        0.49748200000000004,
        0.653828,
        0.555434,
        0.240868,
        1.837028,
        0.660944,
        0.994075,
        0.522112,
        0.0,
        0.46791000000000005,
        2.909685,
        0.5599500000000001,
        1.843123,
        0.979392,
        0.932357,
        3.001174,
        0.862745,
        1.8926910000000001,
        0.886203,
        0.537338,
        1.174821,
        0.785415,
        2.161939,
        0.277923,
        0.907556,
        0.116326,
        0.785509,
        0.41626100000000005,
        0.668122,
        0.9920370000000001,
        0.889752,
        0.582917,
        0.015752000000000002,
        0.494388,
        0.5402809999999999,
        0.45917399999999997,
        0.904109,
        1.925398,
        0.869518,
        1.057526,
        0.757297,
        1.092489,
        0.362617,
        1.360093,
        0.208994,
        2.689324,
        0.454161,
        1.468402,
        0.43708400000000003,
        0.036914999999999996,
        2.641178,
        1.070488,
        0.08676099999999999,
        2.457034,
        0.992443,
        0.049546999999999994,
        0.856572
    ],
    [
        0.213643,
        2.022962,
        1.647635,
        0.20707499999999998,
        0.153245,
        0.111771,
        0.343597,
        1.3647829999999999,
        0.558567,
        1.162817,
        0.021529,
        0.46791000000000005,
        0.0,
        2.6600639999999998,
        0.16153,
        1.613724,
        0.5577920000000001,
        0.510757,
        2.959508,
        0.394835,
        1.471091,
        0.500155,
        0.15128899999999998,
        1.3240809999999998,
        0.9584940000000001,
        1.7758900000000002,
        0.29612700000000003,
        0.5215069999999999,
        0.487696,
        0.441575,
        0.6809270000000001,
        0.6814410000000001,
        0.90744,
        1.062832,
        0.196868,
        0.516335,
        0.178103,
        0.583178,
        0.04015,
        0.482509,
        1.8837329999999999,
        0.761726,
        0.635926,
        0.599365,
        0.670888,
        0.6609550000000001,
        0.938493,
        0.351026,
        2.439703,
        0.035137,
        1.6414819999999999,
        0.030826,
        0.5435570000000001,
        2.599513,
        0.5791839999999999,
        0.457149,
        2.2991010000000003,
        0.5988640000000001,
        0.451036,
        0.470524
    ],
    [
        2.791846,
        4.376331,
        1.599173,
        2.618656,
        2.6805700000000003,
        2.548293,
        2.921801,
        1.334592,
        2.279659,
        3.488124,
        2.658916,
        2.909685,
        2.6600639999999998,
        0.0,
        2.601971,
        1.764001,
        2.149315,
        2.4413449999999997,
        4.3208400000000005,
        2.369866,
        1.270451,
        2.124726,
        2.586633,
        3.074726,
        2.9940189999999998,
        0.918498,
        2.92643,
        2.1033739999999996,
        2.9296860000000002,
        2.525888,
        3.021358,
        2.710063,
        2.210163,
        3.0983560000000003,
        2.4869589999999997,
        2.958325,
        2.6134470000000003,
        2.6608780000000003,
        2.6704540000000003,
        2.3624229999999997,
        3.218022,
        3.1021579999999997,
        2.083379,
        2.7394830000000003,
        2.4133240000000002,
        3.001386,
        1.893821,
        2.7843560000000003,
        0.23854599999999998,
        2.665441,
        3.677007,
        2.661129,
        2.985546,
        3.8605,
        2.277184,
        2.899139,
        2.90855,
        2.038982,
        2.893025,
        2.213303
    ],
    [
        0.332994,
        1.940714,
        1.786488,
        0.345928,
        0.292098,
        0.250624,
        0.43563799999999997,
        1.279684,
        0.6974199999999999,
        1.282168,
        0.14000200000000002,
        0.5599500000000001,
        0.16153,
        2.601971,
        0.0,
        1.752577,
        0.454934,
        0.407899,
        2.85823,
        0.37253,
        1.368233,
        0.639008,
        0.290142,
        1.466243,
        1.077846,
        1.710839,
        0.257444,
        0.6603600000000001,
        0.545929,
        0.338718,
        0.579649,
        0.820294,
        1.046293,
        1.181174,
        0.335721,
        0.574568,
        0.316956,
        0.722031,
        0.15784600000000001,
        0.379651,
        1.782455,
        0.660449,
        0.533068,
        0.498087,
        0.5680299999999999,
        0.559677,
        0.835635,
        0.47037799999999996,
        2.460455,
        0.162858,
        1.760833,
        0.179935,
        0.6017899999999999,
        2.498235,
        0.54603,
        0.5153819999999999,
        2.197823,
        0.737717,
        0.509269,
        0.609377
    ],
    [
        1.745506,
        3.544244,
        0.173447,
        1.5748,
        1.634231,
        1.5019529999999999,
        1.875461,
        1.713991,
        1.2130969999999999,
        2.2828429999999997,
        1.612576,
        1.843123,
        1.613724,
        1.764001,
        1.752577,
        0.0,
        1.765934,
        1.868309,
        4.367305,
        1.543104,
        1.864887,
        1.2919200000000002,
        1.51653,
        1.483363,
        1.801933,
        2.0121320000000003,
        1.899421,
        1.270568,
        1.849545,
        1.902985,
        2.284221,
        1.5731140000000001,
        1.095232,
        1.7900250000000002,
        1.416856,
        1.878185,
        1.543344,
        1.580737,
        1.643444,
        1.7395209999999999,
        3.244438,
        2.36502,
        1.7284380000000001,
        2.11658,
        2.000844,
        2.225049,
        1.570075,
        1.704216,
        1.676963,
        1.638431,
        2.16738,
        1.6341199999999998,
        1.905406,
        4.007309,
        1.6420409999999999,
        1.8189980000000001,
        3.3281140000000002,
        1.0357429999999999,
        1.812885,
        1.3539469999999998
    ],
    [
        0.771435,
        2.222692,
        1.6369500000000001,
        0.6549940000000001,
        0.601164,
        0.55969,
        0.8550800000000001,
        0.827029,
        0.882995,
        1.7206089999999998,
        0.536263,
        0.979392,
        0.5577920000000001,
        2.149315,
        0.454934,
        1.765934,
        0.0,
        0.384404,
        2.797078,
        0.222829,
        0.915578,
        0.5702039999999999,
        0.599208,
        1.697314,
        1.3386300000000002,
        1.258184,
        0.740823,
        0.591557,
        1.029309,
        0.438911,
        0.874322,
        1.054674,
        1.013552,
        1.442968,
        0.529475,
        1.057948,
        0.6260220000000001,
        0.9564109999999999,
        0.597942,
        0.275446,
        1.6742110000000001,
        0.955121,
        0.080413,
        0.6525059999999999,
        0.479888,
        0.85435,
        0.38298000000000004,
        0.908818,
        2.0078,
        0.5929289999999999,
        2.021618,
        0.588617,
        1.085169,
        2.437083,
        0.175508,
        0.9987619999999999,
        2.001862,
        0.7315259999999999,
        0.992648,
        0.463603
    ],
    [
        0.724399,
        2.175656,
        1.9126500000000002,
        0.6079589999999999,
        0.554129,
        0.512655,
        0.808044,
        1.119059,
        0.9828,
        1.6735740000000001,
        0.489228,
        0.932357,
        0.510757,
        2.4413449999999997,
        0.407899,
        1.868309,
        0.384404,
        0.0,
        2.4973110000000003,
        0.325204,
        1.2076069999999999,
        0.7410990000000001,
        0.552173,
        1.774891,
        1.4162070000000002,
        1.550214,
        0.693788,
        0.762451,
        0.982274,
        0.240894,
        0.827287,
        1.13225,
        1.115927,
        1.5205440000000001,
        0.597752,
        1.010913,
        0.5789869999999999,
        1.033987,
        0.5509059999999999,
        0.128788,
        1.424336,
        0.6854589999999999,
        0.421008,
        0.387375,
        0.160132,
        0.807314,
        0.67501,
        0.861783,
        2.29983,
        0.545894,
        2.099194,
        0.541582,
        1.0381340000000001,
        2.140116,
        0.498704,
        0.951727,
        1.856799,
        0.833901,
        0.945613,
        0.711468
    ],
    [
        3.030342,
        3.310008,
        4.210136,
        3.166583,
        3.112753,
        3.071279,
        2.9429879999999997,
        3.3257399999999997,
        3.518076,
        3.931867,
        2.9810369999999997,
        3.001174,
        2.959508,
        4.3208400000000005,
        2.85823,
        4.367305,
        2.797078,
        2.4973110000000003,
        0.0,
        2.797719,
        3.3935329999999997,
        3.213614,
        3.104463,
        4.1126130000000005,
        3.723207,
        3.567115,
        2.861249,
        3.234966,
        3.112568,
        2.60384,
        2.638761,
        3.631764,
        3.588442,
        3.827544,
        3.146194,
        2.9841979999999997,
        3.131277,
        3.448877,
        2.932054,
        2.6013029999999997,
        1.15499,
        2.204043,
        2.780272,
        2.413913,
        2.4541329999999997,
        2.725271,
        2.956166,
        3.094149,
        4.198315,
        2.937067,
        4.406194,
        2.922348,
        2.9697080000000002,
        0.702628,
        2.928778,
        3.056116,
        1.421675,
        3.306416,
        3.0494980000000003,
        3.216872
    ],
    [
        0.608478,
        2.140288,
        1.587446,
        0.46917200000000003,
        0.415342,
        0.373868,
        0.738433,
        1.047579,
        0.675329,
        1.582435,
        0.393687,
        0.862745,
        0.394835,
        2.369866,
        0.37253,
        1.543104,
        0.222829,
        0.325204,
        2.797719,
        0.0,
        1.136128,
        0.41589499999999996,
        0.41338600000000003,
        1.4883389999999999,
        1.129655,
        1.478734,
        0.65842,
        0.437247,
        0.8825320000000001,
        0.35988099999999995,
        0.791918,
        0.845698,
        0.801631,
        1.233992,
        0.312409,
        0.9111710000000001,
        0.4402,
        0.747435,
        0.434985,
        0.196416,
        1.721944,
        0.872718,
        0.300964,
        0.573476,
        0.45774000000000004,
        0.771946,
        0.60353,
        0.7458619999999999,
        2.22835,
        0.429973,
        1.812642,
        0.425661,
        0.938392,
        2.4377240000000002,
        0.313926,
        0.851985,
        2.154407,
        0.508697,
        0.8458709999999999,
        0.386264
    ],
    [
        1.6397270000000002,
        3.1359899999999996,
        1.717947,
        1.466537,
        1.514463,
        1.396174,
        1.768379,
        0.097753,
        1.522799,
        2.561518,
        1.4495619999999998,
        1.8926910000000001,
        1.471091,
        1.270451,
        1.368233,
        1.864887,
        0.915578,
        1.2076069999999999,
        3.3935329999999997,
        1.136128,
        0.0,
        1.144023,
        1.4107509999999999,
        2.2861689999999997,
        2.108738,
        0.38908499999999996,
        1.654122,
        1.085617,
        1.91378,
        1.2921500000000001,
        1.7876210000000001,
        1.824781,
        1.5004359999999999,
        2.213075,
        1.311077,
        1.9424190000000001,
        1.437565,
        1.726518,
        1.493481,
        1.1286859999999999,
        2.28227,
        1.86842,
        0.849641,
        1.505745,
        1.179587,
        1.7676489999999998,
        0.5560940000000001,
        1.77711,
        1.138701,
        1.4884680000000001,
        2.791725,
        1.485247,
        1.969641,
        3.003568,
        1.042329,
        1.883233,
        2.051619,
        1.1963679999999999,
        1.87712,
        1.0374210000000001
    ],
    [
        0.631936,
        2.556183,
        1.3406310000000001,
        0.458747,
        0.5206609999999999,
        0.388384,
        0.761891,
        1.054384,
        0.6466219999999999,
        1.553727,
        0.49900599999999995,
        0.886203,
        0.500155,
        2.124726,
        0.639008,
        1.2919200000000002,
        0.5702039999999999,
        0.7410990000000001,
        3.213614,
        0.41589499999999996,
        1.144023,
        0.0,
        0.37794,
        1.354838,
        1.0759269999999999,
        1.4119680000000001,
        0.7476670000000001,
        0.021352,
        0.88097,
        0.750755,
        1.132468,
        0.791971,
        0.557849,
        1.1802650000000001,
        0.278266,
        0.909609,
        0.404754,
        0.693708,
        0.491691,
        0.587291,
        2.1128180000000003,
        1.213267,
        0.5641280000000001,
        0.96435,
        0.848614,
        1.1124949999999998,
        0.70957,
        0.7443,
        1.890787,
        0.486678,
        1.758915,
        0.48236599999999996,
        0.93683,
        2.828598,
        0.39469600000000005,
        0.850423,
        2.490437,
        0.26503699999999997,
        0.844309,
        0.106602
    ],
    [
        0.283071,
        2.1742510000000004,
        1.560872,
        0.055786,
        0.17179499999999998,
        0.039518,
        0.413025,
        1.321112,
        0.430627,
        1.193322,
        0.15014,
        0.537338,
        0.15128899999999998,
        2.586633,
        0.290142,
        1.51653,
        0.599208,
        0.552173,
        3.104463,
        0.41338600000000003,
        1.4107509999999999,
        0.37794,
        0.0,
        1.222718,
        0.864034,
        1.678696,
        0.447415,
        0.424313,
        0.518201,
        0.482991,
        0.832216,
        0.580078,
        0.7795,
        0.968372,
        0.09967400000000001,
        0.54684,
        0.026814,
        0.481815,
        0.191439,
        0.523925,
        2.035021,
        0.913015,
        0.677342,
        0.696586,
        0.7123039999999999,
        0.8122440000000001,
        0.976298,
        0.381531,
        2.342509,
        0.18642599999999998,
        1.547022,
        0.182114,
        0.574061,
        2.750802,
        0.597735,
        0.487654,
        2.4089720000000003,
        0.501669,
        0.48154,
        0.373329
    ],
    [
        1.309606,
        2.507168,
        1.5511279999999998,
        1.166932,
        1.3945139999999998,
        1.2622360000000001,
        1.4395609999999999,
        2.19653,
        0.8962469999999999,
        0.940196,
        1.322933,
        1.174821,
        1.3240809999999998,
        3.074726,
        1.466243,
        1.483363,
        1.697314,
        1.774891,
        4.1126130000000005,
        1.4883389999999999,
        2.2861689999999997,
        1.354838,
        1.222718,
        0.0,
        0.40598,
        2.621988,
        1.323531,
        1.3834190000000002,
        1.161934,
        1.70571,
        1.672702,
        0.64264,
        0.9038120000000001,
        0.306661,
        1.3217480000000001,
        1.190573,
        1.195904,
        0.91731,
        1.339164,
        1.67893,
        3.039519,
        1.915127,
        1.768313,
        1.802906,
        1.935023,
        1.5692190000000001,
        1.913651,
        1.123382,
        2.826205,
        1.334151,
        0.684016,
        1.317075,
        1.217794,
        3.755299,
        1.657462,
        1.131387,
        3.502642,
        1.161027,
        1.125273,
        1.4241759999999999
    ],
    [
        0.9202,
        2.15715,
        1.869697,
        0.8082480000000001,
        1.03583,
        0.903552,
        1.050155,
        2.0190989999999998,
        0.7622340000000001,
        0.6350480000000001,
        0.964249,
        0.785415,
        0.9584940000000001,
        2.9940189999999998,
        1.077846,
        1.801933,
        1.3386300000000002,
        1.4162070000000002,
        3.723207,
        1.129655,
        2.108738,
        1.0759269999999999,
        0.864034,
        0.40598,
        0.0,
        2.370858,
        0.934125,
        1.1164749999999999,
        0.772528,
        1.347026,
        1.2832970000000001,
        0.28395600000000004,
        0.7934070000000001,
        0.120912,
        0.9630639999999999,
        0.8011670000000001,
        0.8372200000000001,
        0.558626,
        0.949758,
        1.320246,
        2.6501129999999997,
        1.525721,
        1.4096289999999998,
        1.4135,
        1.576339,
        1.179813,
        1.66846,
        0.733976,
        2.763616,
        0.9447450000000001,
        0.699562,
        0.927669,
        0.828388,
        3.3658930000000002,
        1.298778,
        0.741981,
        3.1132359999999997,
        1.134331,
        0.7358669999999999,
        1.0654919999999999
    ],
    [
        1.907672,
        3.478597,
        1.854444,
        1.734482,
        1.796397,
        1.664119,
        2.037627,
        0.436859,
        1.796683,
        2.829463,
        1.792168,
        2.161939,
        1.7758900000000002,
        0.918498,
        1.710839,
        2.0121320000000003,
        1.258184,
        1.550214,
        3.567115,
        1.478734,
        0.38908499999999996,
        1.4119680000000001,
        1.678696,
        2.621988,
        2.370858,
        0.0,
        1.997457,
        1.353563,
        2.1817260000000003,
        1.6354849999999999,
        2.1309560000000003,
        2.092727,
        1.768381,
        2.481021,
        1.579022,
        2.210365,
        1.70551,
        1.994464,
        1.7625170000000001,
        1.472021,
        2.444248,
        2.211755,
        1.1929770000000002,
        1.8490799999999998,
        1.522922,
        2.1109839999999997,
        0.8994289999999999,
        2.045056,
        0.775924,
        1.757504,
        3.05967,
        1.753193,
        2.237586,
        3.116103,
        1.369248,
        2.151179,
        2.1641529999999998,
        1.4643130000000002,
        2.145065,
        1.305367
    ],
    [
        0.023656,
        1.931038,
        1.943762,
        0.503202,
        0.449372,
        0.40789800000000004,
        0.153611,
        1.565574,
        0.8104199999999999,
        1.142786,
        0.31765499999999997,
        0.277923,
        0.29612700000000003,
        2.92643,
        0.257444,
        1.899421,
        0.740823,
        0.693788,
        2.861249,
        0.65842,
        1.654122,
        0.7476670000000001,
        0.447415,
        1.323531,
        0.934125,
        1.997457,
        0.0,
        0.629632,
        0.464421,
        0.631562,
        0.7281040000000001,
        0.790563,
        1.016562,
        1.0395560000000001,
        0.304993,
        0.49306,
        0.286228,
        0.64723,
        0.18125,
        0.672495,
        1.9309100000000001,
        0.808904,
        0.825913,
        0.696682,
        0.860875,
        0.708132,
        1.128479,
        0.32775099999999996,
        2.547829,
        0.176237,
        1.6182070000000002,
        0.159161,
        0.520281,
        2.64669,
        0.769171,
        0.43387400000000004,
        2.396419,
        0.706989,
        0.42776,
        0.578649
    ],
    [
        0.653289,
        2.5775349999999997,
        1.319279,
        0.480099,
        0.5420130000000001,
        0.409736,
        0.783243,
        0.9959779999999999,
        0.570115,
        1.57508,
        0.520358,
        0.907556,
        0.5215069999999999,
        2.1033739999999996,
        0.6603600000000001,
        1.270568,
        0.591557,
        0.762451,
        3.234966,
        0.437247,
        1.085617,
        0.021352,
        0.424313,
        1.3834190000000002,
        1.1164749999999999,
        1.353563,
        0.629632,
        0.0,
        0.902322,
        0.772107,
        1.1538199999999998,
        0.813323,
        0.536497,
        1.201617,
        0.299619,
        0.930961,
        0.426107,
        0.7150599999999999,
        0.513043,
        0.608643,
        2.13417,
        1.234619,
        0.58548,
        0.985703,
        0.869966,
        1.133848,
        0.651165,
        0.765652,
        1.869435,
        0.50803,
        1.780267,
        0.503719,
        0.958182,
        2.8499499999999998,
        0.41604800000000003,
        0.871775,
        2.432031,
        0.243685,
        0.8656609999999999,
        0.12795399999999998
    ],
    [
        0.312142,
        1.795962,
        1.9173099999999998,
        0.484596,
        0.640941,
        0.542547,
        0.346813,
        1.824141,
        0.648822,
        0.981188,
        0.509225,
        0.116326,
        0.487696,
        2.9296860000000002,
        0.545929,
        1.849545,
        1.029309,
        0.982274,
        3.112568,
        0.8825320000000001,
        1.91378,
        0.88097,
        0.518201,
        1.161934,
        0.772528,
        2.1817260000000003,
        0.464421,
        0.902322,
        0.0,
        0.669183,
        0.522806,
        0.9521609999999999,
        1.1781590000000002,
        1.162479,
        0.46659100000000003,
        0.233102,
        0.447826,
        0.749226,
        0.342848,
        0.787783,
        1.875199,
        0.753193,
        0.9412010000000001,
        0.640972,
        0.976163,
        0.46916199999999997,
        1.243767,
        0.394497,
        2.709426,
        0.337835,
        1.720203,
        0.320758,
        0.248501,
        2.590979,
        0.954163,
        0.298347,
        2.3407080000000002,
        0.868587,
        0.298402,
        0.740247
    ],
    [
        0.655218,
        2.028809,
        1.947327,
        0.538778,
        0.484948,
        0.443474,
        0.661197,
        1.203602,
        0.9136190000000001,
        1.604393,
        0.420047,
        0.785509,
        0.441575,
        2.525888,
        0.338718,
        1.902985,
        0.438911,
        0.240894,
        2.60384,
        0.35988099999999995,
        1.2921500000000001,
        0.750755,
        0.482991,
        1.70571,
        1.347026,
        1.6354849999999999,
        0.631562,
        0.772107,
        0.669183,
        0.0,
        0.680439,
        1.063069,
        1.150604,
        1.451363,
        0.528571,
        0.896583,
        0.509806,
        0.964806,
        0.481725,
        0.21264599999999997,
        1.528064,
        0.51149,
        0.505551,
        0.213595,
        0.401026,
        0.660467,
        0.759553,
        0.792602,
        2.384373,
        0.47671199999999997,
        2.030013,
        0.472401,
        0.913543,
        2.243844,
        0.533381,
        0.8373959999999999,
        1.913331,
        0.868577,
        0.831283,
        0.746144
    ],
    [
        0.75176,
        1.44434,
        2.328562,
        0.888002,
        0.834172,
        0.792698,
        0.51482,
        1.699072,
        1.07797,
        1.4919570000000002,
        0.702456,
        0.41626100000000005,
        0.6809270000000001,
        3.021358,
        0.579649,
        2.284221,
        0.874322,
        0.827287,
        2.638761,
        0.791918,
        1.7876210000000001,
        1.132468,
        0.832216,
        1.672702,
        1.2832970000000001,
        2.1309560000000003,
        0.7281040000000001,
        1.1538199999999998,
        0.522806,
        0.680439,
        0.0,
        1.084383,
        1.408298,
        1.337795,
        0.8676130000000001,
        0.400509,
        0.852696,
        0.956542,
        0.6534719999999999,
        0.7990389999999999,
        1.567043,
        0.530852,
        0.952456,
        0.6522279999999999,
        0.987418,
        0.11412699999999999,
        1.255023,
        0.6252559999999999,
        2.8798429999999997,
        0.658485,
        1.916445,
        0.6437670000000001,
        0.415908,
        2.282823,
        0.965418,
        0.465754,
        2.352539,
        1.300615,
        0.46580900000000003,
        1.178182
    ],
    [
        0.814219,
        2.304823,
        1.640879,
        0.524292,
        0.751873,
        0.619596,
        0.944174,
        1.735142,
        0.478277,
        0.762495,
        0.680292,
        0.668122,
        0.6814410000000001,
        2.710063,
        0.820294,
        1.5731140000000001,
        1.054674,
        1.13225,
        3.631764,
        0.845698,
        1.824781,
        0.791971,
        0.580078,
        0.64264,
        0.28395600000000004,
        2.092727,
        0.790563,
        0.813323,
        0.9521609999999999,
        1.063069,
        1.084383,
        0.0,
        0.50945,
        0.388294,
        0.6791079999999999,
        0.683874,
        0.553264,
        0.27467,
        0.721591,
        1.03629,
        2.5651729999999997,
        1.4431669999999999,
        1.125673,
        1.278383,
        1.2923820000000001,
        1.030739,
        1.384504,
        0.624937,
        2.47966,
        0.7165779999999999,
        0.9669439999999999,
        0.712266,
        0.711095,
        3.280953,
        1.0148220000000001,
        0.624688,
        2.98905,
        0.850375,
        0.618574,
        0.781535
    ],
    [
        1.040218,
        2.693158,
        1.162997,
        0.7237140000000001,
        0.8927569999999999,
        0.76048,
        1.170173,
        1.410797,
        0.362011,
        1.271946,
        0.9062910000000001,
        0.9920370000000001,
        0.90744,
        2.210163,
        1.046293,
        1.095232,
        1.013552,
        1.115927,
        3.588442,
        0.801631,
        1.5004359999999999,
        0.557849,
        0.7795,
        0.9038120000000001,
        0.7934070000000001,
        1.768381,
        1.016562,
        0.536497,
        1.1781590000000002,
        1.150604,
        1.408298,
        0.50945,
        0.0,
        0.897744,
        0.6917129999999999,
        1.0434290000000002,
        0.7697809999999999,
