[
    [
        0.0,
        1.115982,
        2.6397510000000004,
        1.3853199999999999,
        1.6655989999999998,
        1.0847470000000001,
        1.0668060000000001,
        0.5632569999999999,
        2.3895999999999997,
        0.0,
        0.692357,
        0.700746,
        0.6700320000000001,
        0.874872,
        2.1301550000000002,
        3.610193,
        1.303665,
        1.5812929999999998,
        1.068785,
        1.2413830000000001
    ],
    [
        1.115982,
        0.0,
        2.234262,
        1.758116,
        0.618856,
        0.943669,
        1.981798,
        1.042514,
        1.926922,
        1.1266120000000002,
        1.6097260000000002,
        1.477759,
        1.47041,
        1.247668,
        1.620325,
        4.525034,
        2.198095,
        0.5153300000000001,
        1.5191620000000001,
        2.135814
    ],
    [
        2.6397510000000004,
        2.234262,
        0.0,
        3.750757,
        2.3720149999999998,
        3.061525,
        3.095738,
        2.778365,
        0.30734,
        2.567212,
        2.783734,
        2.9442820000000003,
        2.913568,
        3.252182,
        0.621948,
        5.639125,
        3.428527,
        2.176471,
        1.570965,
        3.364711
    ],
    [
        1.3853199999999999,
        1.758116,
        3.750757,
        0.0,
        1.766819,
        1.130453,
        1.292111,
        0.97199,
        3.5143829999999996,
        1.3869559999999999,
        1.3298979999999998,
        1.057184,
        1.079641,
        0.53735,
        3.254938,
        3.379636,
        0.767624,
        2.0599920000000003,
        2.1935680000000004,
        0.729445
    ],
    [
        1.6655989999999998,
        0.618856,
        2.3720149999999998,
        1.766819,
        0.0,
        0.7302759999999999,
        2.4618339999999996,
        1.522702,
        2.1218649999999997,
        1.643578,
        2.0897620000000003,
        1.9577950000000002,
        1.950446,
        1.5287929999999998,
        1.877797,
        5.005221,
        2.456785,
        0.423636,
        2.133698,
        2.418606
    ],
    [
        1.0847470000000001,
        0.943669,
        3.061525,
        1.130453,
        0.7302759999999999,
        0.0,
        1.8771600000000002,
        0.938028,
        2.798482,
        1.055377,
        1.505089,
        1.373121,
        1.365772,
        0.941202,
        2.539037,
        4.420547,
        1.869194,
        1.0376800000000002,
        1.556791,
        1.831016
    ],
    [
        1.0668060000000001,
        1.981798,
        3.095738,
        1.292111,
        2.4618339999999996,
        1.8771600000000002,
        0.0,
        0.983924,
        2.842975,
        1.1121020000000001,
        0.41686399999999996,
        0.8006660000000001,
        0.5547839999999999,
        1.4219680000000001,
        2.58353,
        2.575387,
        0.6042540000000001,
        2.4868319999999997,
        1.521002,
        0.582624
    ],
    [
        0.5632569999999999,
        1.042514,
        2.778365,
        0.97199,
        1.522702,
        0.938028,
        0.983924,
        0.0,
        2.542394,
        0.5632569999999999,
        0.567061,
        0.435093,
        0.427745,
        0.473817,
        2.2829479999999998,
        3.48252,
        1.155581,
        1.502404,
        1.221579,
        1.0933
    ],
    [
        2.3895999999999997,
        1.926922,
        0.30734,
        3.5143829999999996,
        2.1218649999999997,
        2.798482,
        2.842975,
        2.542394,
        0.0,
        2.317062,
        2.535117,
        2.694132,
        2.663417,
        3.0020320000000003,
        0.46542700000000004,
        5.387441,
        3.178377,
        1.926321,
        1.320815,
        3.1160949999999996
    ],
    [
        0.0,
        1.1266120000000002,
        2.567212,
        1.3869559999999999,
        1.643578,
        1.055377,
        1.1121020000000001,
        0.5632569999999999,
        2.317062,
        0.0,
        0.692357,
        0.700746,
        0.6700320000000001,
        0.874872,
        2.1301550000000002,
        3.610193,
        1.303665,
        1.5812929999999998,
        1.068785,
        1.2413830000000001
    ],
    [
        0.692357,
        1.6097260000000002,
        2.783734,
        1.3298979999999998,
        2.0897620000000003,
        1.505089,
        0.41686399999999996,
        0.567061,
        2.535117,
        0.692357,
        0.0,
        0.383298,
        0.297927,
        1.005105,
        2.265496,
        2.960334,
        0.682563,
        2.069465,
        1.202968,
        0.620282
    ],
    [
        0.700746,
        1.477759,
        2.9442820000000003,
        1.057184,
        1.9577950000000002,
        1.373121,
        0.8006660000000001,
        0.435093,
        2.694132,
        0.700746,
        0.383298,
        0.0,
        0.022458,
        0.6774049999999999,
        2.4543310000000003,
        3.298757,
        0.971818,
        1.961379,
        1.3918030000000001,
        0.909537
    ],
    [
        0.6700320000000001,
        1.47041,
        2.913568,
        1.079641,
        1.950446,
        1.365772,
        0.5547839999999999,
        0.427745,
        2.663417,
        0.6700320000000001,
        0.297927,
        0.022458,
        0.0,
        0.699862,
        2.40655,
        3.1127689999999997,
        0.766247,
        1.955944,
        1.344021,
        0.703966
    ],
    [
        0.874872,
        1.247668,
        3.252182,
        0.53735,
        1.5287929999999998,
        0.941202,
        1.4219680000000001,
        0.473817,
        3.0020320000000003,
        0.874872,
        1.005105,
        0.6774049999999999,
        0.699862,
        0.0,
        2.753703,
        3.7345230000000003,
        1.122511,
        1.652535,
        1.692334,
        1.084332
    ],
    [
        2.1301550000000002,
        1.620325,
        0.621948,
        3.254938,
        1.877797,
        2.539037,
        2.58353,
        2.2829479999999998,
        0.46542700000000004,
        2.1301550000000002,
        2.265496,
        2.4543310000000003,
        2.40655,
        2.753703,
        0.0,
        5.129267,
        2.918669,
        1.682485,
        1.0626410000000002,
        2.8579209999999997
    ],
    [
        3.610193,
        4.525034,
        5.639125,
        3.379636,
        5.005221,
        4.420547,
        2.575387,
        3.48252,
        5.387441,
        3.610193,
        2.960334,
        3.298757,
        3.1127689999999997,
        3.7345230000000003,
        5.129267,
        0.0,
        3.063232,
        5.1900770000000005,
        4.28186,
        2.927749
    ],
    [
        1.303665,
        2.198095,
        3.428527,
        0.767624,
        2.456785,
        1.869194,
        0.6042540000000001,
        1.155581,
        3.178377,
        1.303665,
        0.682563,
        0.971818,
        0.766247,
        1.122511,
        2.918669,
        3.063232,
        0.0,
        2.660196,
        1.858614,
        0.33805
    ],
    [
        1.5812929999999998,
        0.5153300000000001,
        2.176471,
        2.0599920000000003,
        0.423636,
        1.0376800000000002,
        2.4868319999999997,
        1.502404,
        1.926321,
        1.5812929999999998,
        2.069465,
        1.961379,
        1.955944,
        1.652535,
        1.682485,
        5.1900770000000005,
        2.660196,
        0.0,
        2.0344919999999997,
        2.595703
    ],
    [
        1.068785,
        1.5191620000000001,
        1.570965,
        2.1935680000000004,
        2.133698,
        1.556791,
        1.521002,
        1.221579,
        1.320815,
        1.068785,
        1.202968,
        1.3918030000000001,
        1.344021,
        1.692334,
        1.0626410000000002,
        4.28186,
        1.858614,
        2.0344919999999997,
        0.0,
        1.791888
    ],
    [
        1.2413830000000001,
        2.135814,
        3.364711,
        0.729445,
        2.418606,
        1.831016,
        0.582624,
        1.0933,
        3.1160949999999996,
        1.2413830000000001,
        0.620282,
        0.909537,
        0.703966,
        1.084332,
        2.8579209999999997,
        2.927749,
        0.33805,
        2.595703,
        1.791888,
        0.0
    ]
]