[
  [
    0.0, 1.276327, 1.617318, 0.825148, 0.24245599999999998, 0.327533, 0.0837,
    1.039198, 0.992331, 1.524181, 0.45651400000000003, 2.055043,
    0.025088000000000003, 0.705345, 1.269942, 0.968448, 0.7177319999999999,
    0.298916, 1.529749, 1.0640530000000001, 0.16181700000000002, 1.245037,
    1.044906, 1.3624580000000002, 0.9771299999999999, 1.4313820000000002,
    1.074162, 1.20297, 0.879662, 1.198378, 1.3418979999999998, 0.632832,
    1.074892, 0.5965309999999999, 0.554449, 1.004858, 1.105748,
    1.0628579999999999, 0.933224, 1.235365
  ],
  [
    1.276327, 0.0, 0.34099, 0.614643, 1.518783, 0.948794, 1.360027, 0.418176,
    0.357678, 0.507869, 0.884703, 0.778716, 1.301416, 0.662265, 0.516441,
    0.467803, 0.558596, 1.5752439999999999, 0.253422, 0.432628, 1.438144,
    0.49153600000000003, 0.413481, 0.08613, 0.38722500000000004, 0.155054,
    0.893857, 0.29647500000000004, 0.543716, 0.22795300000000002, 1.203527,
    0.681454, 0.654609, 0.717755, 0.721879, 0.504213, 0.938112,
    0.7410890000000001, 0.821036, 0.676865
  ],
  [
    1.617318, 0.34099, 0.0, 0.955634, 1.8597739999999998, 1.289784, 1.701018,
    0.6984049999999999, 0.698669, 0.4352, 1.225693, 0.542074, 1.642406,
    1.003255, 0.7890119999999999, 0.808793, 0.899586, 1.916234, 0.113745,
    0.773618, 1.779134, 0.771765, 0.754471, 0.25486000000000003,
    0.7282150000000001, 0.18593600000000002, 1.135327, 0.576705, 0.884707,
    0.5081829999999999, 1.393775, 1.022445, 0.995599, 1.0587460000000002,
    1.0628689999999998, 0.8452029999999999, 1.1283599999999998, 1.027995,
    1.162026, 0.829097
  ],
  [
    0.825148, 0.614643, 0.955634, 0.0, 1.067604, 0.542815, 0.908848, 0.339555,
    0.321375, 0.8532240000000001, 0.482134, 1.393359, 0.850237, 0.164959,
    0.5177999999999999, 0.410076, 0.27904500000000004, 1.1240640000000002,
    0.8680650000000001, 0.330866, 0.917316, 0.492896, 0.37394900000000003,
    0.700774, 0.325853, 0.769698, 0.408994, 0.5320130000000001, 0.32129,
    0.5274220000000001, 0.718665, 0.19231700000000002, 0.5968819999999999,
    0.228618, 0.334152, 0.446486, 0.45325, 0.30490100000000003, 0.206392,
    0.6769980000000001
  ],
  [
    0.24245599999999998, 1.518783, 1.8597739999999998, 1.067604, 0.0,
    0.5699890000000001, 0.158756, 1.281654, 1.234787, 1.766637, 0.69897, 2.2975,
    0.236264, 0.947801, 1.512398, 1.210904, 0.960188, 0.065089, 1.772205,
    1.306509, 0.174487, 1.487493, 1.2873620000000001, 1.604914, 1.219586,
    1.673838, 1.086832, 1.4454259999999999, 1.122118, 1.4408340000000002,
    1.354568, 0.875287, 1.317348, 0.8389869999999999, 0.796905, 1.247314,
    1.118418, 1.14051, 0.9458949999999999, 1.4778209999999998
  ],
  [
    0.327533, 0.948794, 1.289784, 0.542815, 0.5699890000000001, 0.0, 0.411233,
    0.765033, 0.664797, 1.196647, 0.12897999999999998, 1.72751, 0.352622,
    0.37781200000000004, 0.9424089999999999, 0.640915, 0.390198,
    0.6264500000000001, 1.202216, 0.73652, 0.48935, 0.917504, 0.717372,
    1.034924, 0.649596, 1.103848, 0.929432, 0.875436, 0.5521280000000001,
    0.870845, 1.239103, 0.444602, 0.747359, 0.418937, 0.226915,
    0.6773239999999999, 0.973688, 0.788693, 0.749207, 0.907832
  ],
  [
    0.0837, 1.360027, 1.701018, 0.908848, 0.158756, 0.411233, 0.0, 1.122898,
    1.076031, 1.6078810000000001, 0.5402140000000001, 2.138743, 0.077508,
    0.789045, 1.353642, 1.0521479999999999, 0.801432, 0.21521600000000002,
    1.6134490000000001, 1.147753, 0.078117, 1.328737, 1.128606,
    1.4461579999999998, 1.06083, 1.515082, 0.990462, 1.28667,
    0.9633619999999999, 1.282078, 1.2581980000000001, 0.7165309999999999,
    1.158592, 0.680231, 0.638149, 1.088558, 1.022048, 1.04414, 0.849524,
    1.3190650000000002
  ],
  [
    1.039198, 0.418176, 0.6984049999999999, 0.339555, 1.281654, 0.765033,
    1.122898, 0.0, 0.179346, 0.45362, 0.767846, 1.13613, 1.12778, 0.450671,
    0.17824500000000001, 0.405563, 0.453946, 1.401608, 0.610836, 0.140887,
    1.264509, 0.15334, 0.16003499999999998, 0.443545, 0.324985,
    0.5124690000000001, 0.47847500000000004, 0.194814, 0.43906599999999996,
    0.190222, 0.788146, 0.46986, 0.592369, 0.506161, 0.617229, 0.441972,
    0.522731, 0.32959, 0.476814, 0.67613
  ],
  [
    0.992331, 0.357678, 0.698669, 0.321375, 1.234787, 0.664797, 1.076031,
    0.179346, 0.0, 0.53185, 0.600707, 1.1519549999999998, 1.017419, 0.368996,
    0.277611, 0.226216, 0.274599, 1.291247, 0.6266609999999999, 0.102741,
    1.154147, 0.252706, 0.08359399999999999, 0.45937, 0.14563800000000002,
    0.5282939999999999, 0.572527, 0.21063900000000002, 0.25972, 0.206047,
    0.8821979999999999, 0.388186, 0.413022, 0.424486, 0.437882,
    0.26262599999999997, 0.616783, 0.423642, 0.5277670000000001, 0.496784
  ],
  [
    1.524181, 0.507869, 0.4352, 0.8532240000000001, 1.766637, 1.196647,
    1.6078810000000001, 0.45362, 0.53185, 0.0, 1.160101, 0.977274, 1.576813,
    0.9283899999999999, 0.353811, 0.785611, 0.8339930000000001, 1.850641,
    0.46015300000000003, 0.634808, 1.713542, 0.349863, 0.642988, 0.421739,
    0.705033, 0.456803, 0.7001269999999999, 0.5279389999999999, 0.819114,
    0.49166899999999997, 0.9585750000000001, 0.9475800000000001, 0.972417,
    0.98388, 0.9972759999999999, 0.82202, 0.69316, 0.823511, 0.970734, 1.056178
  ],
  [
    0.45651400000000003, 0.884703, 1.225693, 0.482134, 0.69897,
    0.12897999999999998, 0.5402140000000001, 0.767846, 0.600707, 1.160101, 0.0,
    1.666829, 0.481602, 0.317131, 0.881728, 0.580234, 0.329517,
    0.7554299999999999, 1.1415350000000002, 0.6758390000000001, 0.61833,
    0.856823, 0.656692, 0.974244, 0.5889160000000001, 1.043167,
    0.8687509999999999, 0.8147559999999999, 0.491447, 0.810164, 1.178422,
    0.383921, 0.6194850000000001, 0.35825599999999996, 0.16623500000000002,
    0.616644, 0.9130069999999999, 0.728012, 0.688526, 0.7799579999999999
  ],
  [
    2.055043, 0.778716, 0.542074, 1.393359, 2.2975, 1.72751, 2.138743, 1.13613,
    1.1519549999999998, 0.977274, 1.666829, 0.0, 2.080132, 1.440981, 1.234395,
    1.246519, 1.3373119999999998, 2.3539589999999997, 0.5618479999999999,
    1.211344, 2.21686, 1.20949, 1.1921959999999998, 0.692586,
    1.1659410000000001, 0.623662, 1.614606, 1.01443, 1.322432, 0.945908,
    1.924276, 1.460171, 1.465152, 1.496471, 1.5005950000000001, 1.282929,
    1.6588610000000001, 1.465721, 1.599751, 1.046595
  ],
  [
    0.025088000000000003, 1.301416, 1.642406, 0.850237, 0.236264, 0.352622,
    0.077508, 1.12778, 1.017419, 1.576813, 0.481602, 2.080132, 0.0, 0.730433,
    1.29503, 0.993536, 0.74282, 0.292724, 1.554838, 1.0891410000000001,
    0.15562399999999998, 1.270125, 1.069994, 1.387546, 1.002218, 1.45647,
    1.06797, 1.228058, 0.90475, 1.223467, 1.3357059999999998, 0.65792, 1.09998,
    0.621619, 0.5795370000000001, 1.0299459999999998, 1.099556,
    1.0879459999999999, 0.9270320000000001, 1.260454
  ],
  [
    0.705345, 0.662265, 1.003255, 0.164959, 0.947801, 0.37781200000000004,
    0.789045, 0.450671, 0.368996, 0.9283899999999999, 0.317131, 1.440981,
    0.730433, 0.0, 0.565422, 0.39537599999999995, 0.14465899999999998, 0.943712,
    0.915687, 0.378487, 0.806612, 0.540517, 0.42157100000000003, 0.748395,
    0.404057, 0.8173189999999999, 0.5515760000000001, 0.579635, 0.306589,
    0.575044, 0.861247, 0.066746, 0.582182, 0.10304600000000001, 0.194418,
    0.43178500000000003, 0.595832, 0.410837, 0.371351, 0.7211810000000001
  ],
  [
    1.269942, 0.516441, 0.7890119999999999, 0.5177999999999999, 1.512398,
    0.9424089999999999, 1.353642, 0.17824500000000001, 0.277611, 0.353811,
    0.881728, 1.234395, 1.29503, 0.565422, 0.0, 0.5038279999999999,
    0.5522100000000001, 1.5688579999999999, 0.709101, 0.319133, 1.431759,
    0.024905, 0.33827999999999997, 0.5418099999999999, 0.42325, 0.610734,
    0.656721, 0.29307900000000003, 0.537331, 0.28848700000000005, 0.966391,
    0.665797, 0.690634, 0.702097, 0.715493, 0.540237, 0.700976,
    0.5078360000000001, 0.655059, 0.774395
  ],
  [
    0.968448, 0.467803, 0.808793, 0.410076, 1.210904, 0.640915,
    1.0521479999999999, 0.405563, 0.226216, 0.785611, 0.580234, 1.246519,
    0.993536, 0.39537599999999995, 0.5038279999999999, 0.0, 0.250717, 1.267364,
    0.721225, 0.297939, 1.130265, 0.478923, 0.278791, 0.553933, 0.080578,
    0.622857, 0.726157, 0.436855, 0.088787, 0.43226400000000004, 1.035828,
    0.43154899999999996, 0.23312799999999997, 0.467849, 0.414, 0.082732,
    0.770412, 0.573389, 0.616468, 0.37212799999999996
  ],
  [
    0.7177319999999999, 0.558596, 0.899586, 0.27904500000000004, 0.960188,
    0.390198, 0.801432, 0.453946, 0.274599, 0.8339930000000001, 0.329517,
    1.3373119999999998, 0.74282, 0.14465899999999998, 0.5522100000000001,
    0.250717, 0.0, 1.016648, 0.812018, 0.346322, 0.879548, 0.5273049999999999,
    0.32717399999999996, 0.644726, 0.259398, 0.71365, 0.6656620000000001,
    0.485238, 0.16193000000000002, 0.480647, 0.975333, 0.180832,
    0.43752300000000005, 0.21713300000000002, 0.16328299999999998, 0.287126,
    0.709918, 0.524923, 0.485437, 0.5765220000000001
  ],
  [
    0.298916, 1.5752439999999999, 1.916234, 1.1240640000000002, 0.065089,
    0.6264500000000001, 0.21521600000000002, 1.401608, 1.291247, 1.850641,
    0.7554299999999999, 2.3539589999999997, 0.292724, 0.943712,
    1.5688579999999999, 1.267364, 1.016648, 0.0, 1.828665, 1.362969, 0.226084,
    1.543953, 1.3438219999999998, 1.6613740000000001, 1.276046, 1.730298,
    1.1384290000000001, 1.501886, 1.178578, 1.4972940000000001,
    1.4061649999999999, 0.931748, 1.373808, 0.895447, 0.853365, 1.303774,
    1.170015, 1.192107, 0.997491, 1.534281
  ],
  [
    1.529749, 0.253422, 0.113745, 0.8680650000000001, 1.772205, 1.202216,
    1.6134490000000001, 0.610836, 0.6266609999999999, 0.46015300000000003,
    1.1415350000000002, 0.5618479999999999, 1.554838, 0.915687, 0.709101,
    0.721225, 0.812018, 1.828665, 0.0, 0.6860499999999999, 1.6915660000000001,
    0.684196, 0.666902, 0.167292, 0.6406470000000001, 0.098368,
    1.0893119999999998, 0.489136, 0.797138, 0.420614, 1.398982,
    0.9348759999999999, 0.9080309999999999, 0.9711770000000001,
    0.9753010000000001, 0.757635, 1.133567, 0.940427, 1.0744570000000002,
    0.741528
  ],
  [
    1.0640530000000001, 0.432628, 0.773618, 0.330866, 1.306509, 0.73652,
    1.147753, 0.140887, 0.102741, 0.634808, 0.6758390000000001, 1.211344,
    1.0891410000000001, 0.378487, 0.319133, 0.297939, 0.346322, 1.362969,
    0.6860499999999999, 0.0, 1.2258699999999998, 0.294228, 0.019146999999999997,
    0.518758, 0.217361, 0.587682, 0.469786, 0.31338, 0.331442, 0.308789,
    0.779456, 0.45990800000000004, 0.484745, 0.496209, 0.509605,
    0.33434800000000003, 0.5140410000000001, 0.320901, 0.46812400000000004,
    0.568506
  ],
  [
    0.16181700000000002, 1.438144, 1.779134, 0.917316, 0.174487, 0.48935,
    0.078117, 1.264509, 1.154147, 1.713542, 0.61833, 2.21686,
    0.15562399999999998, 0.806612, 1.431759, 1.130265, 0.879548, 0.226084,
    1.6915660000000001, 1.2258699999999998, 0.0, 1.406854, 1.206722, 1.524274,
    1.138946, 1.5931980000000001, 0.921476, 1.364786, 1.0414780000000001,
    1.360195, 1.189213, 0.8161219999999999, 1.236709, 0.779821, 0.716265,
    1.166674, 0.953063, 0.975155, 0.780539, 1.397182
  ],
  [
    1.245037, 0.49153600000000003, 0.771765, 0.492896, 1.487493, 0.917504,
    1.328737, 0.15334, 0.252706, 0.349863, 0.856823, 1.20949, 1.270125,
    0.540517, 0.024905, 0.478923, 0.5273049999999999, 1.543953, 0.684196,
    0.294228, 1.406854, 0.0, 0.313375, 0.516905, 0.398345, 0.5858289999999999,
    0.631816, 0.26817399999999997, 0.512426, 0.263582, 0.941486, 0.640892,
    0.665729, 0.6771929999999999, 0.690589, 0.515332, 0.676071, 0.482931,
    0.630154, 0.74949
  ],
  [
    1.044906, 0.413481, 0.754471, 0.37394900000000003, 1.2873620000000001,
    0.717372, 1.128606, 0.16003499999999998, 0.08359399999999999, 0.642988,
    0.656692, 1.1921959999999998, 1.069994, 0.42157100000000003,
    0.33827999999999997, 0.278791, 0.32717399999999996, 1.3438219999999998,
    0.666902, 0.019146999999999997, 1.206722, 0.313375, 0.0,
    0.49961099999999997, 0.198213, 0.568535, 0.488933, 0.294233, 0.312295,
    0.28964100000000004, 0.7986040000000001, 0.44076, 0.465597,
    0.47706099999999996, 0.490457, 0.315201, 0.5331889999999999, 0.340048,
    0.487272, 0.549359
  ],
  [
    1.3624580000000002, 0.08613, 0.25486000000000003, 0.700774, 1.604914,
    1.034924, 1.4461579999999998, 0.443545, 0.45937, 0.421739, 0.974244,
    0.692586, 1.387546, 0.748395, 0.5418099999999999, 0.553933, 0.644726,
    1.6613740000000001, 0.167292, 0.518758, 1.524274, 0.516905,
    0.49961099999999997, 0.0, 0.473355, 0.06892400000000001, 0.92202,
    0.32184500000000005, 0.6298469999999999, 0.253322, 1.231691,
    0.7675850000000001, 0.740739, 0.803886, 0.808009, 0.590343,
    0.9662759999999999, 0.773135, 0.907166, 0.660259
  ],
  [
    0.9771299999999999, 0.38722500000000004, 0.7282150000000001, 0.325853,
    1.219586, 0.649596, 1.06083, 0.324985, 0.14563800000000002, 0.705033,
    0.5889160000000001, 1.1659410000000001, 1.002218, 0.404057, 0.42325,
    0.080578, 0.259398, 1.276046, 0.6406470000000001, 0.217361, 1.138946,
    0.398345, 0.198213, 0.473355, 0.0, 0.542279, 0.6455789999999999, 0.356277,
    0.097468, 0.351686, 0.95525, 0.44023, 0.267384, 0.476531, 0.422681,
    0.116988, 0.689834, 0.492811, 0.532245, 0.406384
  ],
  [
    1.4313820000000002, 0.155054, 0.18593600000000002, 0.769698, 1.673838,
    1.103848, 1.515082, 0.5124690000000001, 0.5282939999999999, 0.456803,
    1.043167, 0.623662, 1.45647, 0.8173189999999999, 0.610734, 0.622857,
    0.71365, 1.730298, 0.098368, 0.587682, 1.5931980000000001,
    0.5858289999999999, 0.568535, 0.06892400000000001, 0.542279, 0.0,
    0.9909439999999999, 0.39076900000000003, 0.69877, 0.322246, 1.300615,
    0.8365090000000001, 0.809663, 0.87281, 0.876933, 0.659267, 1.035199,
    0.842059, 0.97609, 0.660156
  ],
  [
    1.074162, 0.893857, 1.135327, 0.408994, 1.086832, 0.929432, 0.990462,
    0.47847500000000004, 0.572527, 0.7001269999999999, 0.8687509999999999,
    1.614606, 1.06797, 0.5515760000000001, 0.656721, 0.726157,
    0.6656620000000001, 1.1384290000000001, 1.0893119999999998, 0.469786,
    0.921476, 0.631816, 0.488933, 0.92202, 0.6455789999999999,
    0.9909439999999999, 0.0, 0.673289, 0.6959059999999999, 0.668698, 0.316684,
    0.570765, 0.912963, 0.607066, 0.720769, 0.762567, 0.064996, 0.148885,
    0.394727, 0.996724
  ],
  [
    1.20297, 0.29647500000000004, 0.576705, 0.5320130000000001,
    1.4454259999999999, 0.875436, 1.28667, 0.194814, 0.21063900000000002,
    0.5279389999999999, 0.8147559999999999, 1.01443, 1.228058, 0.579635,
    0.29307900000000003, 0.436855, 0.485238, 1.501886, 0.489136, 0.31338,
    1.364786, 0.26817399999999997, 0.294233, 0.32184500000000005, 0.356277,
    0.39076900000000003, 0.673289, 0.0, 0.40419700000000003, 0.068522, 0.916798,
    0.532663, 0.5575, 0.568964, 0.58236, 0.407103, 0.651383, 0.458243,
    0.6722440000000001, 0.641261
  ],
  [
    0.879662, 0.543716, 0.884707, 0.32129, 1.122118, 0.5521280000000001,
    0.9633619999999999, 0.43906599999999996, 0.25972, 0.819114, 0.491447,
    1.322432, 0.90475, 0.306589, 0.537331, 0.088787, 0.16193000000000002,
    1.178578, 0.797138, 0.331442, 1.0414780000000001, 0.512426, 0.312295,
    0.6298469999999999, 0.097468, 0.69877, 0.6959059999999999,
    0.40419700000000003, 0.0, 0.449154, 0.96646, 0.342762, 0.27559300000000003,
    0.379063, 0.32521300000000003, 0.125196, 0.7010449999999999, 0.51605,
    0.527682, 0.41459199999999996
  ],
  [
    1.198378, 0.22795300000000002, 0.5081829999999999, 0.5274220000000001,
    1.4408340000000002, 0.870845, 1.282078, 0.190222, 0.206047,
    0.49166899999999997, 0.810164, 0.945908, 1.223467, 0.575044,
    0.28848700000000005, 0.43226400000000004, 0.480647, 1.4972940000000001,
    0.420614, 0.308789, 1.360195, 0.263582, 0.28964100000000004, 0.253322,
    0.351686, 0.322246, 0.668698, 0.068522, 0.449154, 0.0, 0.978368,
    0.5942329999999999, 0.61907, 0.630534, 0.64393, 0.468673, 0.712953,
    0.519813, 0.733814, 0.6800689999999999
  ],
  [
    1.3418979999999998, 1.203527, 1.393775, 0.718665, 1.354568, 1.239103,
    1.2581980000000001, 0.788146, 0.8821979999999999, 0.9585750000000001,
    1.178422, 1.924276, 1.3357059999999998, 0.861247, 0.966391, 1.035828,
    0.975333, 1.4061649999999999, 1.398982, 0.779456, 1.189213, 0.941486,
    0.7986040000000001, 1.231691, 0.95525, 1.300615, 0.316684, 0.916798,
    0.96646, 0.978368, 0.0, 0.880436, 1.222634, 0.9167369999999999, 1.03044,
    1.072237, 0.298823, 0.45855599999999996, 0.704397, 1.306395
  ],
  [
    0.632832, 0.681454, 1.022445, 0.19231700000000002, 0.875287, 0.444602,
    0.7165309999999999, 0.46986, 0.388186, 0.9475800000000001, 0.383921,
    1.460171, 0.65792, 0.066746, 0.665797, 0.43154899999999996, 0.180832,
    0.931748, 0.9348759999999999, 0.45990800000000004, 0.8161219999999999,
    0.640892, 0.44076, 0.7675850000000001, 0.44023, 0.8365090000000001,
    0.570765, 0.532663, 0.342762, 0.5942329999999999, 0.880436, 0.0, 0.618355,
    0.036301, 0.23593899999999998, 0.46795800000000004, 0.6150209999999999,
    0.430026, 0.398709, 0.7573540000000001
  ],
  [
    1.074892, 0.654609, 0.995599, 0.5968819999999999, 1.317348, 0.747359,
    1.158592, 0.592369, 0.413022, 0.972417, 0.6194850000000001, 1.465152,
    1.09998, 0.582182, 0.690634, 0.23312799999999997, 0.43752300000000005,
    1.373808, 0.9080309999999999, 0.484745, 1.236709, 0.665729, 0.465597,
    0.740739, 0.267384, 0.809663, 0.912963, 0.5575, 0.27559300000000003,
    0.61907, 1.222634, 0.618355, 0.0, 0.654655, 0.6008060000000001, 0.206088,
    0.957219, 0.7601950000000001, 0.803274, 0.418557
  ],
  [
    0.5965309999999999, 0.717755, 1.0587460000000002, 0.228618,
    0.8389869999999999, 0.418937, 0.680231, 0.506161, 0.424486, 0.98388,
    0.35825599999999996, 1.496471, 0.621619, 0.10304600000000001, 0.702097,
    0.467849, 0.21713300000000002, 0.895447, 0.9711770000000001, 0.496209,
    0.779821, 0.6771929999999999, 0.47706099999999996, 0.803886, 0.476531,
    0.87281, 0.607066, 0.568964, 0.379063, 0.630534, 0.9167369999999999,
    0.036301, 0.654655, 0.0, 0.27223899999999995, 0.504259, 0.651322, 0.466327,
    0.43501, 0.793655
  ],
  [
    0.554449, 0.721879, 1.0628689999999998, 0.334152, 0.796905, 0.226915,
    0.638149, 0.617229, 0.437882, 0.9972759999999999, 0.16623500000000002,
    1.5005950000000001, 0.5795370000000001, 0.194418, 0.715493, 0.414,
    0.16328299999999998, 0.853365, 0.9753010000000001, 0.509605, 0.716265,
    0.690589, 0.490457, 0.808009, 0.422681, 0.876933, 0.720769, 0.58236,
    0.32521300000000003, 0.64393, 1.03044, 0.23593899999999998,
    0.6008060000000001, 0.27223899999999995, 0.0, 0.450409, 0.765025,
    0.5800299999999999, 0.540544, 0.7398049999999999
  ],
  [
    1.004858, 0.504213, 0.8452029999999999, 0.446486, 1.247314,
    0.6773239999999999, 1.088558, 0.441972, 0.26262599999999997, 0.82202,
    0.616644, 1.282929, 1.0299459999999998, 0.43178500000000003, 0.540237,
    0.082732, 0.287126, 1.303774, 0.757635, 0.33434800000000003, 1.166674,
    0.515332, 0.315201, 0.590343, 0.116988, 0.659267, 0.762567, 0.407103,
    0.125196, 0.468673, 1.072237, 0.46795800000000004, 0.206088, 0.504259,
    0.450409, 0.0, 0.806822, 0.609799, 0.6528780000000001, 0.345087
  ],
  [
    1.105748, 0.938112, 1.1283599999999998, 0.45325, 1.118418, 0.973688,
    1.022048, 0.522731, 0.616783, 0.69316, 0.9130069999999999,
    1.6588610000000001, 1.099556, 0.595832, 0.700976, 0.770412, 0.709918,
    1.170015, 1.133567, 0.5140410000000001, 0.953063, 0.676071,
    0.5331889999999999, 0.9662759999999999, 0.689834, 1.035199, 0.064996,
    0.651383, 0.7010449999999999, 0.712953, 0.298823, 0.6150209999999999,
    0.957219, 0.651322, 0.765025, 0.806822, 0.0, 0.19314099999999998,
    0.43898200000000004, 1.04098
  ],
  [
    1.0628579999999999, 0.7410890000000001, 1.027995, 0.30490100000000003,
    1.14051, 0.788693, 1.04414, 0.32959, 0.423642, 0.823511, 0.728012, 1.465721,
    1.0879459999999999, 0.410837, 0.5078360000000001, 0.573389, 0.524923,
    1.192107, 0.940427, 0.320901, 0.975155, 0.482931, 0.340048, 0.773135,
    0.492811, 0.842059, 0.148885, 0.458243, 0.51605, 0.519813,
    0.45855599999999996, 0.430026, 0.7601950000000001, 0.466327,
    0.5800299999999999, 0.609799, 0.19314099999999998, 0.0, 0.290634, 0.843957
  ],
  [
    0.933224, 0.821036, 1.162026, 0.206392, 0.9458949999999999, 0.749207,
    0.849524, 0.476814, 0.5277670000000001, 0.970734, 0.688526, 1.599751,
    0.9270320000000001, 0.371351, 0.655059, 0.616468, 0.485437, 0.997491,
    1.0744570000000002, 0.46812400000000004, 0.780539, 0.630154, 0.487272,
    0.907166, 0.532245, 0.97609, 0.394727, 0.6722440000000001, 0.527682,
    0.733814, 0.704397, 0.398709, 0.803274, 0.43501, 0.540544,
    0.6528780000000001, 0.43898200000000004, 0.290634, 0.0, 0.8833909999999999
  ],
  [
    1.235365, 0.676865, 0.829097, 0.6769980000000001, 1.4778209999999998,
    0.907832, 1.3190650000000002, 0.67613, 0.496784, 1.056178,
    0.7799579999999999, 1.046595, 1.260454, 0.7211810000000001, 0.774395,
    0.37212799999999996, 0.5765220000000001, 1.534281, 0.741528, 0.568506,
    1.397182, 0.74949, 0.549359, 0.660259, 0.406384, 0.660156, 0.996724,
    0.641261, 0.41459199999999996, 0.6800689999999999, 1.306395,
    0.7573540000000001, 0.418557, 0.793655, 0.7398049999999999, 0.345087,
    1.04098, 0.843957, 0.8833909999999999, 0.0
  ]
]
