[
  [
    0.0, 1.015368, 0.257242, 0.888947, 0.6376660000000001, 0.754513, 1.423697,
    1.3370309999999999, 1.76954, 1.185502, 0.653172, 1.2003030000000001,
    0.6278239999999999, 0.648522, 0.574195, 0.706186, 0.503392, 0.756738,
    1.014065, 0.56171, 1.6960039999999998, 0.56668, 0.08089400000000001,
    0.5854349999999999, 1.59333, 0.8790330000000001, 0.122764,
    1.2923989999999999, 0.59266, 0.5534410000000001, 1.05881, 1.438554,
    0.43466899999999997, 0.279053, 1.3602319999999999, 0.429458,
    0.8948590000000001, 1.2573530000000002
  ],
  [
    1.015368, 0.0, 1.312522, 0.46559500000000004, 0.334383, 0.331161, 0.411822,
    0.325156, 0.966954, 0.173627, 0.619522, 1.103053, 0.35042399999999996,
    0.329726, 0.408109, 0.39119400000000004, 0.5085040000000001, 0.813356,
    0.509596, 0.52806, 0.9734980000000001, 0.411569, 1.0299580000000002,
    0.38661399999999996, 0.581455, 0.654314, 0.988088, 1.944877,
    0.38964499999999996, 0.51979, 0.046935000000000004, 2.447237, 0.6145,
    0.729558, 0.348357, 0.690063, 1.9501389999999998, 0.245478
  ],
  [
    0.257242, 1.312522, 0.0, 1.123446, 0.941576, 0.9890119999999999, 1.727607,
    1.640941, 2.0673589999999997, 1.489412, 0.957082, 1.504213, 0.862323,
    0.883021, 0.8086939999999999, 0.99725, 0.737891, 0.972468, 1.248564,
    0.8656200000000001, 2.042279, 0.801179, 0.315393, 0.889345, 1.89724,
    1.182943, 0.357263, 1.172766, 0.827159, 0.8573500000000001, 1.362719,
    1.1970370000000001, 0.738578, 0.582963, 1.664141, 0.663957,
    0.6533410000000001, 1.5612629999999998
  ],
  [
    0.888947, 0.46559500000000004, 1.123446, 0.0, 0.685039, 0.134252, 0.632149,
    0.577999, 1.13153, 0.46106, 0.8375549999999999, 1.478498,
    0.37365499999999996, 0.394353, 0.586814, 0.781884, 0.516011,
    0.34776100000000004, 0.125118, 0.746093, 0.807056, 0.429846, 0.871687,
    0.632808, 0.6866559999999999, 1.0450039999999998, 0.829816, 2.126347,
    0.49167700000000003, 0.737823, 0.587779, 2.148129, 0.9541459999999999,
    0.911027, 0.568684, 0.908096, 1.694221, 0.558373
  ],
  [
    0.6376660000000001, 0.334383, 0.941576, 0.685039, 0.0, 0.549547, 0.741773,
    0.655107, 1.190198, 0.503578, 0.28513900000000003, 0.926082, 0.224358,
    0.20366, 0.205513, 0.22639199999999998, 0.16902899999999998, 0.907408,
    0.809099, 0.193677, 1.303449, 0.276142, 0.646166, 0.052231,
    0.9114059999999999, 0.5662590000000001, 0.604296, 1.573931, 0.223977,
    0.185408, 0.37688499999999997, 2.122887, 0.40173000000000003, 0.358611,
    0.678307, 0.35568, 1.579193, 0.575428
  ],
  [
    0.754513, 0.331161, 0.9890119999999999, 0.134252, 0.549547, 0.0, 0.766401,
    0.712251, 1.265782, 0.5953120000000001, 0.703121, 1.3440640000000001,
    0.23922100000000002, 0.25991899999999996, 0.45238, 0.647451, 0.381577,
    0.48201299999999997, 0.25937, 0.611659, 0.941309, 0.29541199999999995,
    0.813834, 0.498375, 0.820908, 0.9105700000000001, 0.7719640000000001,
    1.9919120000000001, 0.357243, 0.60339, 0.632147, 2.168911, 0.819712,
    0.776593, 0.702936, 0.7736620000000001, 1.6496110000000002, 0.692625
  ],
  [
    1.423697, 0.411822, 1.727607, 0.632149, 0.741773, 0.766401, 0.0,
    0.21219200000000002, 0.837078, 0.093244, 0.755419, 1.366457, 0.291518,
    0.312216, 0.504678, 0.658092, 0.43387400000000004, 0.7505689999999999,
    0.30582, 0.663956, 0.860534, 0.34770999999999996, 1.01753, 0.550672,
    0.46849, 0.9177179999999999, 0.97566, 2.04421, 0.409541, 0.655687, 0.219963,
    2.372606, 0.8779049999999999, 0.8288909999999999, 0.235392, 0.82596,
    1.853307, 0.19055699999999998
  ],
  [
    1.3370309999999999, 0.325156, 1.640941, 0.577999, 0.655107, 0.712251,
    0.21219200000000002, 0.0, 0.6248859999999999, 0.151503, 0.8420839999999999,
    1.319454, 0.378184, 0.398882, 0.5913440000000001, 0.716351, 0.52054,
    0.837234, 0.39248500000000003, 0.750622, 0.648342, 0.434375, 1.104195,
    0.637338, 0.256299, 0.975977, 1.062325, 2.130876, 0.496207,
    0.7423529999999999, 0.27822199999999997, 2.459272, 0.936163,
    0.9155570000000001, 0.0232, 0.9126259999999999, 1.939972,
    0.17968299999999998
  ],
  [
    1.76954, 0.966954, 2.0673589999999997, 1.13153, 1.190198, 1.265782,
    0.837078, 0.6248859999999999, 0.0, 0.77228, 1.434455, 1.851134, 0.970554,
    0.991253, 1.107041, 1.147907, 1.11291, 1.4511610000000001, 1.006412,
    1.342992, 0.35676100000000005, 1.0267460000000002, 1.778039, 1.242429,
    0.44487400000000005, 1.402395, 1.736169, 2.692958, 1.088577,
    1.3347229999999999, 0.898999, 3.0516419999999997, 1.3625809999999998,
    1.477639, 0.615571, 1.504996, 2.532343, 0.804569
  ],
  [
    1.185502, 0.173627, 1.489412, 0.46106, 0.503578, 0.5953120000000001,
    0.093244, 0.151503, 0.77228, 0.0, 0.784669, 1.2731869999999998, 0.320768,
    0.341466, 0.533928, 0.564821, 0.46312400000000004, 0.767976, 0.335942,
    0.693206, 0.799845, 0.37695999999999996, 1.04678, 0.579922,
    0.40780099999999997, 0.824448, 1.004909, 2.07346, 0.438791, 0.684937,
    0.126692, 2.4018560000000004, 0.784634, 0.8581409999999999, 0.174703,
    0.85521, 1.8825560000000001, 0.12986799999999998
  ],
  [
    0.653172, 0.619522, 0.957082, 0.8375549999999999, 0.28513900000000003,
    0.703121, 0.755419, 0.8420839999999999, 1.434455, 0.784669, 0.0, 1.106962,
    0.26890800000000004, 0.289606, 0.215279, 0.5057579999999999, 0.144475,
    0.753458, 0.6551480000000001, 0.37455700000000003, 1.337087, 0.207763,
    0.728131, 0.26127300000000003, 1.216686, 0.791852, 0.68626, 1.754811,
    0.233743, 0.366288, 0.66589, 2.083207, 0.58261, 0.539492,
    0.9673120000000001, 0.07054099999999999, 1.563907, 0.864433
  ],
  [
    1.2003030000000001, 1.103053, 1.504213, 1.478498, 0.926082,
    1.3440640000000001, 1.366457, 1.319454, 1.851134, 1.2731869999999998,
    1.106962, 0.0, 1.149442, 1.128744, 0.998971, 0.8195800000000001, 0.962487,
    1.700867, 1.602557, 0.891094, 2.1024119999999997, 1.069601,
    1.2348910000000002, 0.873851, 1.7103689999999998, 0.448739,
    1.1930209999999999, 1.532307, 1.0174349999999999, 0.8828239999999999,
    1.175848, 2.685525, 0.7994349999999999, 0.921249, 1.47727, 1.053097,
    2.14183, 1.3743910000000001
  ],
  [
    0.6278239999999999, 0.35042399999999996, 0.862323, 0.37365499999999996,
    0.224358, 0.23922100000000002, 0.291518, 0.378184, 0.970554, 0.320768,
    0.26890800000000004, 1.149442, 0.0, 0.020698, 0.136487, 0.40823000000000004,
    0.168259, 0.862812, 0.764503, 0.398341, 1.31949, 0.061145000000000005,
    0.8508300000000001, 0.285056, 0.927447, 0.6713490000000001, 0.808959,
    1.778594, 0.118023, 0.390071, 0.392926, 2.1925619999999997, 0.606394,
    0.563275, 0.694348, 0.5603440000000001, 1.673262, 0.59147
  ],
  [
    0.648522, 0.329726, 0.883021, 0.394353, 0.20366, 0.25991899999999996,
    0.312216, 0.398882, 0.991253, 0.341466, 0.289606, 1.128744, 0.020698, 0.0,
    0.115789, 0.387532, 0.18895699999999999, 0.88351, 0.785201, 0.382355,
    1.298792, 0.081843, 0.834844, 0.255891, 0.906749, 0.650651,
    0.7929740000000001, 1.7626089999999999, 0.097324, 0.374085, 0.372228,
    2.21326, 0.610837, 0.547289, 0.67365, 0.5443579999999999,
    1.6939600000000001, 0.5707720000000001
  ],
  [
    0.574195, 0.408109, 0.8086939999999999, 0.586814, 0.205513, 0.45238,
    0.504678, 0.5913440000000001, 1.107041, 0.533928, 0.215279, 0.998971,
    0.136487, 0.115789, 0.0, 0.397767, 0.070804, 0.809183, 0.710874,
    0.26656599999999997, 1.392812, 0.177917, 0.719055, 0.153282,
    0.9851319999999999, 0.6838609999999999, 0.6771849999999999, 1.64682,
    0.018463999999999998, 0.258297, 0.450611, 2.1389319999999996, 0.474619,
    0.43150099999999997, 0.7520330000000001, 0.42857, 1.652082,
    0.6491549999999999
  ],
  [
    0.706186, 0.39119400000000004, 0.99725, 0.781884, 0.22639199999999998,
    0.647451, 0.658092, 0.716351, 1.147907, 0.564821, 0.5057579999999999,
    0.8195800000000001, 0.40823000000000004, 0.387532, 0.397767, 0.0, 0.361283,
    1.099663, 0.896358, 0.28989, 1.36026, 0.469375, 0.714686, 0.272647,
    0.968217, 0.406553, 0.6728160000000001, 1.629605, 0.416231,
    0.28162099999999995, 0.433697, 2.178562, 0.29522899999999996, 0.414286,
    0.7351190000000001, 0.451894, 1.634867, 0.63224
  ],
  [
    0.503392, 0.5085040000000001, 0.737891, 0.516011, 0.16902899999999998,
    0.381577, 0.43387400000000004, 0.52054, 1.11291, 0.46312400000000004,
    0.144475, 0.962487, 0.168259, 0.18895699999999999, 0.070804, 0.361283, 0.0,
    0.73838, 0.64007, 0.23008199999999998, 1.322009, 0.107114, 0.682571,
    0.116798, 1.0559349999999998, 0.647377, 0.6407010000000001, 1.610336,
    0.089268, 0.22181299999999998, 0.521415, 2.068129, 0.438135, 0.395017,
    0.822837, 0.392086, 1.548829, 0.719958
  ],
  [
    0.756738, 0.813356, 0.972468, 0.34776100000000004, 0.907408,
    0.48201299999999997, 0.7505689999999999, 0.837234, 1.4511610000000001,
    0.767976, 0.753458, 1.700867, 0.862812, 0.88351, 0.809183, 1.099663,
    0.73838, 0.0, 0.444749, 0.9684619999999999, 1.117741, 0.801667,
    0.7961710000000001, 0.855178, 1.006287, 1.3857570000000001, 0.754301,
    2.03857, 0.827648, 0.960193, 0.9074099999999999, 1.826474,
    1.1765150000000002, 1.0825879999999999, 0.8883150000000001, 1.011551,
    1.372566, 0.878004
  ],
  [
    1.014065, 0.509596, 1.248564, 0.125118, 0.809099, 0.25937, 0.30582,
    0.39248500000000003, 1.006412, 0.335942, 0.6551480000000001, 1.602557,
    0.764503, 0.785201, 0.710874, 0.896358, 0.64007, 0.444749, 0.0, 0.87121,
    0.681939, 0.554964, 0.9968049999999999, 0.7579260000000001, 0.561538,
    1.160416, 0.954934, 2.251464, 0.616795, 0.8629410000000001, 0.462661,
    2.245117, 1.079264, 1.0361449999999999, 0.44356599999999996,
    1.0332139999999999, 1.7912080000000001, 0.433255
  ],
  [
    0.56171, 0.52806, 0.8656200000000001, 0.746093, 0.193677, 0.611659,
    0.663956, 0.750622, 1.342992, 0.693206, 0.37455700000000003, 0.891094,
    0.398341, 0.382355, 0.26656599999999997, 0.28989, 0.23008199999999998,
    0.9684619999999999, 0.87121, 0.0, 1.42855, 0.299225, 0.819593, 0.352735,
    1.3081489999999998, 0.8833150000000001, 0.7777229999999999,
    1.8462729999999998, 0.32520499999999997, 0.45775, 0.757352, 2.17467,
    0.674073, 0.6309539999999999, 1.0587739999999999, 0.16200399999999998,
    1.6553699999999998, 0.955896
  ],
  [
    1.6960039999999998, 0.9734980000000001, 2.042279, 0.807056, 1.303449,
    0.941309, 0.860534, 0.648342, 0.35676100000000005, 0.799845, 1.337087,
    2.1024119999999997, 1.31949, 1.298792, 1.392812, 1.36026, 1.322009,
    1.117741, 0.681939, 1.42855, 0.0, 1.050202, 1.6787429999999999, 1.253164,
    0.39204300000000003, 1.62021, 1.636873, 2.7467020000000004,
    1.1120329999999998, 1.358179, 0.922455, 2.837775, 1.580396, 1.531383,
    0.639026, 1.528452, 2.4423760000000003, 0.828025
  ],
  [
    0.56668, 0.411569, 0.801179, 0.429846, 0.276142, 0.29541199999999995,
    0.34770999999999996, 0.434375, 1.0267460000000002, 0.37695999999999996,
    0.207763, 1.069601, 0.061145000000000005, 0.081843, 0.177917, 0.469375,
    0.107114, 0.801667, 0.554964, 0.299225, 1.050202, 0.0, 0.789685, 0.223911,
    0.988592, 0.754491, 0.747815, 1.717449, 0.196381, 0.328927, 0.454071,
    2.131417, 0.545249, 0.50213, 0.7554930000000001, 0.499199, 1.612117,
    0.6526150000000001
  ],
  [
    0.08089400000000001, 1.0299580000000002, 0.315393, 0.871687, 0.646166,
    0.813834, 1.01753, 1.104195, 1.778039, 1.04678, 0.728131,
    1.2348910000000002, 0.8508300000000001, 0.834844, 0.719055, 0.714686,
    0.682571, 0.7961710000000001, 0.9968049999999999, 0.819593,
    1.6787429999999999, 0.789685, 0.0, 0.539296, 1.494709, 0.91362, 0.04187,
    1.6349200000000002, 0.511766, 0.5619400000000001, 1.0734000000000001,
    1.716547, 0.5647580000000001, 0.419601, 1.374822, 0.34856400000000004,
    1.1972470000000002, 1.271943
  ],
  [
    0.5854349999999999, 0.38661399999999996, 0.889345, 0.632808, 0.052231,
    0.498375, 0.550672, 0.637338, 1.242429, 0.579922, 0.26127300000000003,
    0.873851, 0.285056, 0.255891, 0.153282, 0.272647, 0.116798, 0.855178,
    0.7579260000000001, 0.352735, 1.253164, 0.223911, 0.539296, 0.0,
    0.9636359999999999, 0.5587409999999999, 0.552065, 1.5217, 0.171746,
    0.133177, 0.429116, 2.070657, 0.349499, 0.30638099999999996, 0.730538,
    0.30345, 1.526962, 0.627659
  ],
  [
    1.59333, 0.581455, 1.89724, 0.6866559999999999, 0.9114059999999999,
    0.820908, 0.46849, 0.256299, 0.44487400000000005, 0.40780099999999997,
    1.216686, 1.7103689999999998, 0.927447, 0.906749, 0.9851319999999999,
    0.968217, 1.0559349999999998, 1.006287, 0.561538, 1.3081489999999998,
    0.39204300000000003, 0.988592, 1.494709, 0.9636359999999999, 0.0, 1.228167,
    1.286108, 2.3546590000000003, 0.71999, 0.966136, 0.530412, 2.683055,
    1.188353, 1.13934, 0.246983, 1.136409, 2.163755, 0.43598200000000004
  ],
  [
    0.8790330000000001, 0.654314, 1.182943, 1.0450039999999998,
    0.5662590000000001, 0.9105700000000001, 0.9177179999999999, 0.975977,
    1.402395, 0.824448, 0.791852, 0.448739, 0.6713490000000001, 0.650651,
    0.6838609999999999, 0.406553, 0.647377, 1.3857570000000001, 1.160416,
    0.8833150000000001, 1.62021, 0.754491, 0.91362, 0.5587409999999999,
    1.228167, 0.0, 0.87175, 1.545843, 0.702326, 0.5677150000000001, 0.697755,
    2.364254, 0.478165, 0.5999779999999999, 0.999177, 0.7379880000000001,
    1.820559, 0.896298
  ],
  [
    0.122764, 0.988088, 0.357263, 0.829816, 0.604296, 0.7719640000000001,
    0.97566, 1.062325, 1.736169, 1.004909, 0.68626, 1.1930209999999999,
    0.808959, 0.7929740000000001, 0.6771849999999999, 0.6728160000000001,
    0.6407010000000001, 0.754301, 0.954934, 0.7777229999999999, 1.636873,
    0.747815, 0.04187, 0.552065, 1.286108, 0.87175, 0.0, 1.5930499999999999,
    0.469895, 0.52007, 1.03153, 1.674677, 0.522888, 0.377731, 1.332952,
    0.306694, 1.1553769999999999, 1.2300730000000002
  ],
  [
    1.2923989999999999, 1.944877, 1.172766, 2.126347, 1.573931,
    1.9919120000000001, 2.04421, 2.130876, 2.692958, 2.07346, 1.754811,
    1.532307, 1.778594, 1.7626089999999999, 1.64682, 1.629605, 1.610336,
    2.03857, 2.251464, 1.8462729999999998, 2.7467020000000004, 1.717449,
    1.6349200000000002, 1.5217, 2.3546590000000003, 1.545843,
    1.5930499999999999, 0.0, 1.6652840000000002, 1.4897049999999998, 1.995074,
    2.0815970000000004, 1.312376, 1.215318, 2.2964960000000003,
    1.6599780000000002, 1.456055, 2.193618
  ],
  [
    0.59266, 0.38964499999999996, 0.827159, 0.49167700000000003, 0.223977,
    0.357243, 0.409541, 0.496207, 1.088577, 0.438791, 0.233743,
    1.0174349999999999, 0.118023, 0.097324, 0.018463999999999998, 0.416231,
    0.089268, 0.827648, 0.616795, 0.32520499999999997, 1.1120329999999998,
    0.196381, 0.511766, 0.171746, 0.71999, 0.702326, 0.469895,
    1.6652840000000002, 0.0, 0.27676100000000003, 0.432147, 2.1573960000000003,
    0.493084, 0.44996499999999995, 0.7335689999999999, 0.447034, 1.670546,
    0.6306900000000001
  ],
  [
    0.5534410000000001, 0.51979, 0.8573500000000001, 0.737823, 0.185408,
    0.60339, 0.655687, 0.7423529999999999, 1.3347229999999999, 0.684937,
    0.366288, 0.8828239999999999, 0.390071, 0.374085, 0.258297,
    0.28162099999999995, 0.22181299999999998, 0.960193, 0.8629410000000001,
    0.45775, 1.358179, 0.328927, 0.5619400000000001, 0.133177, 0.966136,
    0.5677150000000001, 0.52007, 1.4897049999999998, 0.27676100000000003, 0.0,
    0.7656219999999999, 2.1829389999999997, 0.682342, 0.639223, 1.067044,
    0.170273, 1.6636389999999999, 0.9641649999999999
  ],
  [
    1.05881, 0.046935000000000004, 1.362719, 0.587779, 0.37688499999999997,
    0.632147, 0.219963, 0.27822199999999997, 0.898999, 0.126692, 0.66589,
    1.175848, 0.392926, 0.372228, 0.450611, 0.433697, 0.521415,
    0.9074099999999999, 0.462661, 0.757352, 0.922455, 0.454071,
    1.0734000000000001, 0.429116, 0.530412, 0.697755, 1.03153, 1.995074,
    0.432147, 0.7656219999999999, 0.0, 2.400302, 0.657942, 0.772999, 0.301422,
    0.736998, 1.881002, 0.198543
  ],
  [
    1.438554, 2.447237, 1.1970370000000001, 2.148129, 2.122887, 2.168911,
    2.372606, 2.459272, 3.0516419999999997, 2.4018560000000004, 2.083207,
    2.685525, 2.1925619999999997, 2.21326, 2.1389319999999996, 2.178562,
    2.068129, 1.826474, 2.245117, 2.17467, 2.837775, 2.131417, 1.716547,
    2.070657, 2.683055, 2.364254, 1.674677, 2.0815970000000004,
    2.1573960000000003, 2.1829389999999997, 2.400302, 0.0, 1.91989, 1.764275,
    2.688683, 1.8726010000000002, 0.629499, 2.7425740000000003
  ],
  [
    0.43466899999999997, 0.6145, 0.738578, 0.9541459999999999,
    0.40173000000000003, 0.819712, 0.8779049999999999, 0.936163,
    1.3625809999999998, 0.784634, 0.58261, 0.7994349999999999, 0.606394,
    0.610837, 0.474619, 0.29522899999999996, 0.438135, 1.1765150000000002,
    1.079264, 0.674073, 1.580396, 0.545249, 0.5647580000000001, 0.349499,
    1.188353, 0.478165, 0.522888, 1.312376, 0.493084, 0.682342, 0.657942,
    1.91989, 0.0, 0.212833, 0.959364, 0.5287459999999999, 1.3761949999999998,
    0.856485
  ],
  [
    0.279053, 0.729558, 0.582963, 0.911027, 0.358611, 0.776593,
    0.8288909999999999, 0.9155570000000001, 1.477639, 0.8581409999999999,
    0.539492, 0.921249, 0.563275, 0.547289, 0.43150099999999997, 0.414286,
    0.395017, 1.0825879999999999, 1.0361449999999999, 0.6309539999999999,
    1.531383, 0.50213, 0.419601, 0.30638099999999996, 1.13934,
    0.5999779999999999, 0.377731, 1.215318, 0.44996499999999995, 0.639223,
    0.772999, 1.764275, 0.212833, 0.0, 1.0811769999999998, 0.44465899999999997,
    1.22058, 0.978298
  ],
  [
    1.3602319999999999, 0.348357, 1.664141, 0.568684, 0.678307, 0.702936,
    0.235392, 0.0232, 0.615571, 0.174703, 0.9673120000000001, 1.47727, 0.694348,
    0.67365, 0.7520330000000001, 0.7351190000000001, 0.822837,
    0.8883150000000001, 0.44356599999999996, 1.0587739999999999, 0.639026,
    0.7554930000000001, 1.374822, 0.730538, 0.246983, 0.999177, 1.332952,
    2.2964960000000003, 0.7335689999999999, 1.067044, 0.301422, 2.688683,
    0.959364, 1.0811769999999998, 0.0, 0.8894249999999999, 1.916772,
    0.25402199999999997
  ],
  [
    0.429458, 0.690063, 0.663957, 0.908096, 0.35568, 0.7736620000000001,
    0.82596, 0.9126259999999999, 1.504996, 0.85521, 0.07054099999999999,
    1.053097, 0.5603440000000001, 0.5443579999999999, 0.42857, 0.451894,
    0.392086, 1.011551, 1.0332139999999999, 0.16200399999999998, 1.528452,
    0.499199, 0.34856400000000004, 0.30345, 1.136409, 0.7379880000000001,
    0.306694, 1.6599780000000002, 0.447034, 0.170273, 0.736998,
    1.8726010000000002, 0.5287459999999999, 0.44465899999999997,
    0.8894249999999999, 0.0, 1.493366, 0.793892
  ],
  [
    0.8948590000000001, 1.9501389999999998, 0.6533410000000001, 1.694221,
    1.579193, 1.6496110000000002, 1.853307, 1.939972, 2.532343,
    1.8825560000000001, 1.563907, 2.14183, 1.673262, 1.6939600000000001,
    1.652082, 1.634867, 1.548829, 1.372566, 1.7912080000000001,
    1.6553699999999998, 2.4423760000000003, 1.612117, 1.1972470000000002,
    1.526962, 2.163755, 1.820559, 1.1553769999999999, 1.456055, 1.670546,
    1.6636389999999999, 1.881002, 0.629499, 1.3761949999999998, 1.22058,
    1.916772, 1.493366, 0.0, 2.198879
  ],
  [
    1.2573530000000002, 0.245478, 1.5612629999999998, 0.558373, 0.575428,
    0.692625, 0.19055699999999998, 0.17968299999999998, 0.804569,
    0.12986799999999998, 0.864433, 1.3743910000000001, 0.59147,
    0.5707720000000001, 0.6491549999999999, 0.63224, 0.719958, 0.878004,
    0.433255, 0.955896, 0.828025, 0.6526150000000001, 1.271943, 0.627659,
    0.43598200000000004, 0.896298, 1.2300730000000002, 2.193618,
    0.6306900000000001, 0.9641649999999999, 0.198543, 2.7425740000000003,
    0.856485, 0.978298, 0.25402199999999997, 0.793892, 2.198879, 0.0
  ]
]
