[
    [
        0.0,
        0.16053800000000001,
        0.33354700000000004,
        2.0158009999999997,
        0.060127,
        0.060137,
        0.145031,
        0.41048399999999996
    ],
    [
        0.16053800000000001,
        0.0,
        0.43,
        2.17634,
        0.220665,
        0.220675,
        0.294234,
        0.268677
    ],
    [
        0.33354700000000004,
        0.43,
        0.0,
        2.306052,
        0.34933800000000004,
        0.349348,
        0.420889,
        0.679628
    ],
    [
        2.0158009999999997,
        2.17634,
        2.306052,
        0.0,
        1.955675,
        1.955664,
        1.897417,
        2.410682
    ],
    [
        0.060127,
        0.220665,
        0.34933800000000004,
        1.955675,
        0.0,
        1.1e-05,
        0.084905,
        0.470611
    ],
    [
        0.060137,
        0.220675,
        0.349348,
        1.955664,
        1.1e-05,
        0.0,
        0.08489400000000001,
        0.47062200000000004
    ],
    [
        0.145031,
        0.294234,
        0.420889,
        1.897417,
        0.084905,
        0.08489400000000001,
        0.0,
        0.513265
    ],
    [
        0.41048399999999996,
        0.268677,
        0.679628,
        2.410682,
        0.470611,
        0.47062200000000004,
        0.513265,
        0.0
    ]
]