[
    [
        0.0,
        0.43482299999999996,
        0.18709399999999998,
        1.169903,
        1.4088109999999998,
        1.513312,
        2.102487,
        0.300477,
        1.435083,
        0.46351600000000004,
        1.296584,
        1.269355,
        1.9852,
        0.715039,
        2.001656,
        1.621637,
        3.150722,
        2.254896,
        0.41352,
        1.563742
    ],
    [
        0.43482299999999996,
        0.0,
        0.400099,
        1.592933,
        1.7544980000000001,
        1.719759,
        2.254518,
        0.256718,
        1.7221,
        0.107965,
        1.719614,
        1.556372,
        2.272217,
        0.8858959999999999,
        2.252513,
        2.044667,
        3.3697660000000003,
        2.3383649999999996,
        0.508933,
        1.136568
    ],
    [
        0.18709399999999998,
        0.400099,
        0.0,
        1.27689,
        1.515798,
        1.3960899999999998,
        2.153383,
        0.26575299999999996,
        1.485979,
        0.42879199999999995,
        1.403571,
        1.32025,
        2.127355,
        0.89493,
        2.1460500000000002,
        1.728624,
        3.201618,
        2.397052,
        0.5934109999999999,
        1.529017
    ],
    [
        1.169903,
        1.592933,
        1.27689,
        0.0,
        0.776847,
        0.746124,
        1.639935,
        1.458587,
        0.868049,
        1.621625,
        0.148803,
        0.66296,
        1.5226469999999999,
        1.15652,
        1.539104,
        0.693877,
        2.68817,
        2.2647429999999997,
        1.338819,
        2.298373
    ],
    [
        1.4088109999999998,
        1.7544980000000001,
        1.515798,
        0.776847,
        0.0,
        1.4467539999999999,
        0.855543,
        1.602644,
        0.091203,
        1.714942,
        0.836776,
        0.198126,
        0.738256,
        0.97975,
        0.7547119999999999,
        1.046443,
        1.903778,
        1.744652,
        1.467201,
        2.278802
    ],
    [
        1.513312,
        1.719759,
        1.3960899999999998,
        0.746124,
        1.4467539999999999,
        0.0,
        2.019644,
        1.619829,
        1.492538,
        1.858305,
        0.693342,
        1.3169600000000001,
        1.8444770000000001,
        1.778222,
        1.860933,
        0.526265,
        3.0678780000000003,
        2.9187420000000004,
        1.592627,
        2.643809
    ],
    [
        2.102487,
        2.254518,
        2.153383,
        1.639935,
        0.855543,
        2.019644,
        0.0,
        2.020037,
        0.854197,
        2.095123,
        1.723825,
        1.0536690000000002,
        0.346977,
        1.513346,
        0.363433,
        1.6130609999999999,
        1.290231,
        1.1702000000000001,
        1.771865,
        2.493176
    ],
    [
        0.300477,
        0.256718,
        0.26575299999999996,
        1.458587,
        1.602644,
        1.619829,
        2.020037,
        0.0,
        1.5877539999999999,
        0.163039,
        1.583698,
        1.422026,
        2.101711,
        0.6601079999999999,
        2.1543270000000003,
        1.910321,
        3.186716,
        2.155315,
        0.325882,
        1.263264
    ],
    [
        1.435083,
        1.7221,
        1.485979,
        0.868049,
        0.091203,
        1.492538,
        0.854197,
        1.5877539999999999,
        0.0,
        1.7252619999999999,
        1.0455260000000002,
        0.289329,
        0.689716,
        0.99007,
        0.706172,
        1.131105,
        1.8552380000000002,
        1.927465,
        1.4775209999999999,
        2.283569
    ],
    [
        0.46351600000000004,
        0.107965,
        0.42879199999999995,
        1.621625,
        1.714942,
        1.858305,
        2.095123,
        0.163039,
        1.7252619999999999,
        0.0,
        1.746737,
        1.585065,
        2.206044,
        0.735193,
        2.2225,
        2.073359,
        3.2618009999999997,
        2.2304,
        0.40096699999999996,
        1.1085239999999998
    ],
    [
        1.296584,
        1.719614,
        1.403571,
        0.148803,
        0.836776,
        0.693342,
        1.723825,
        1.583698,
        1.0455260000000002,
        1.746737,
        0.0,
        0.689233,
        1.5153489999999998,
        1.182793,
        1.531806,
        0.604506,
        2.680872,
        2.291015,
        1.4655,
        2.6432469999999997
    ],
    [
        1.269355,
        1.556372,
        1.32025,
        0.66296,
        0.198126,
        1.3169600000000001,
        1.0536690000000002,
        1.422026,
        0.289329,
        1.585065,
        0.689233,
        0.0,
        0.859687,
        0.781624,
        0.876143,
        1.037236,
        2.0252090000000003,
        1.889847,
        1.269075,
        2.2420790000000004
    ],
    [
        1.9852,
        2.272217,
        2.127355,
        1.5226469999999999,
        0.738256,
        1.8444770000000001,
        0.346977,
        2.101711,
        0.689716,
        2.206044,
        1.5153489999999998,
        0.859687,
        0.0,
        1.7180060000000001,
        0.030574,
        1.437894,
        1.316297,
        1.755929,
        1.851305,
        2.572617
    ],
    [
        0.715039,
        0.8858959999999999,
        0.89493,
        1.15652,
        0.97975,
        1.778222,
        1.513346,
        0.6601079999999999,
        0.99007,
        0.735193,
        1.182793,
        0.781624,
        1.7180060000000001,
        0.0,
        1.5021,
        1.443301,
        2.648544,
        1.617143,
        0.487451,
        1.441991
    ],
    [
        2.001656,
        2.252513,
        2.1460500000000002,
        1.539104,
        0.7547119999999999,
        1.860933,
        0.363433,
        2.1543270000000003,
        0.706172,
        2.2225,
        1.531806,
        0.876143,
        0.030574,
        1.5021,
        0.0,
        1.4543499999999998,
        1.3468699999999998,
        1.772385,
        1.867761,
        2.589073
    ],
    [
        1.621637,
        2.044667,
        1.728624,
        0.693877,
        1.046443,
        0.526265,
        1.6130609999999999,
        1.910321,
        1.131105,
        2.073359,
        0.604506,
        1.037236,
        1.437894,
        1.443301,
        1.4543499999999998,
        0.0,
        2.6612959999999997,
        2.684393,
        1.8620160000000001,
        2.8478290000000004
    ],
    [
        3.150722,
        3.3697660000000003,
        3.201618,
        2.68817,
        1.903778,
        3.0678780000000003,
        1.290231,
        3.186716,
        1.8552380000000002,
        3.2618009999999997,
        2.680872,
        2.0252090000000003,
        1.316297,
        2.648544,
        1.3468699999999998,
        2.6612959999999997,
        0.0,
        2.581464,
        2.8921889999999997,
        3.6135010000000003
    ],
    [
        2.254896,
        2.3383649999999996,
        2.397052,
        2.2647429999999997,
        1.744652,
        2.9187420000000004,
        1.1702000000000001,
        2.155315,
        1.927465,
        2.2304,
        2.291015,
        1.889847,
        1.755929,
        1.617143,
        1.772385,
        2.684393,
        2.581464,
        0.0,
        1.928544,
        2.1723739999999996
    ],
    [
        0.41352,
        0.508933,
        0.5934109999999999,
        1.338819,
        1.467201,
        1.592627,
        1.771865,
        0.325882,
        1.4775209999999999,
        0.40096699999999996,
        1.4655,
        1.269075,
        1.851305,
        0.487451,
        1.867761,
        1.8620160000000001,
        2.8921889999999997,
        1.928544,
        0.0,
        1.116793
    ],
    [
        1.563742,
        1.136568,
        1.529017,
        2.298373,
        2.278802,
        2.643809,
        2.493176,
        1.263264,
        2.283569,
        1.1085239999999998,
        2.6432469999999997,
        2.2420790000000004,
        2.572617,
        1.441991,
        2.589073,
        2.8478290000000004,
        3.6135010000000003,
        2.1723739999999996,
        1.116793,
        0.0
    ]
]