[
  [
    0.0, 0.533234, 1.25928, 1.5284739999999999, 1.460768, 0.927748,
    0.6516280000000001, 0.936772, 1.930059, 1.197312, 0.73214, 1.052289,
    0.48644600000000005, 0.7756609999999999, 0.466499, 0.9671559999999999,
    1.367134, 0.7740090000000001, 1.223326, 0.464997, 0.941813, 0.843699,
    1.772194, 0.74084, 1.586655, 1.122873, 1.025232, 1.7161220000000001,
    0.834251, 0.730979, 1.17145, 1.704074, 0.872043, 0.490666, 1.558624,
    0.453403, 0.7999769999999999, 0.25670299999999996, 0.737814, 0.429942,
    1.5926120000000001, 0.14458600000000002, 0.848976, 0.9729679999999999,
    0.21493, 0.489199, 0.123671, 3.751738, 1.412053, 1.198483, 2.10058,
    0.5719890000000001, 0.876654, 1.620054, 1.274, 1.2739800000000001, 1.816416,
    0.10344, 2.159799, 0.922983, 0.395623, 0.827345, 0.8351069999999999,
    1.122998, 1.771096, 0.986955, 1.996357, 1.022091, 2.5813110000000004,
    0.606495, 0.321943, 0.263678, 1.038267, 0.5046039999999999, 0.509569,
    0.717843, 0.6594690000000001, 0.41805000000000003, 0.962792, 1.970711,
    2.114264, 0.23281100000000002, 0.295977, 0.422968, 0.401393, 0.469434,
    1.415073, 0.963997, 1.661391, 0.465818, 1.798279, 0.42767700000000003,
    0.947182, 0.941967, 2.571421, 2.239264, 0.525981, 2.305459, 1.135853,
    1.2231210000000001, 1.043415, 1.200962, 1.150678, 1.156063, 0.936015,
    1.201881, 0.856394, 0.9006040000000001, 1.165474, 0.417053, 0.442207,
    0.930556, 1.2572290000000002, 0.600074, 0.366498, 0.9957229999999999,
    1.404709, 0.280856, 0.570781, 0.21704900000000002
  ],
  [
    0.533234, 0.0, 0.8470030000000001, 1.671397, 1.410131, 0.652983,
    0.26711599999999996, 0.693348, 1.6672660000000001, 0.7850349999999999,
    0.903547, 0.640011, 0.074169, 0.8194049999999999, 0.366636, 1.049954,
    1.587624, 1.091839, 1.0817999999999999, 0.339482, 0.94031, 1.354174,
    1.855804, 0.328563, 2.09713, 1.09514, 1.198476, 1.597594, 0.54837,
    0.34646699999999997, 1.286117, 1.660432, 0.708688, 0.060508, 1.507986,
    0.101537, 0.8357089999999999, 0.298476, 0.325536, 0.124998,
    1.7104469999999998, 0.505003, 1.359451, 1.146212, 0.340249, 0.324732,
    0.472009, 3.31344, 1.2451050000000001, 0.786205, 1.8224690000000001,
    0.159712, 0.492141, 1.576411, 1.486298, 0.861703, 1.620599,
    0.5173519999999999, 2.3185729999999998, 0.679558, 0.15931700000000001,
    1.33782, 1.345582, 0.710721, 1.9298689999999998, 0.574677, 1.58408,
    0.6098129999999999, 2.353119, 1.11697, 0.8819600000000001, 0.581311,
    0.62599, 0.896732, 0.901448, 0.435187, 1.039918, 0.664683,
    0.5505140000000001, 1.558433, 1.701986, 0.792828, 0.855993,
    0.8140940000000001, 0.8365560000000001, 1.0294510000000001, 1.748916,
    0.5517190000000001, 1.995234, 0.782447, 2.006234, 0.7453099999999999,
    1.457657, 0.5296900000000001, 2.130223, 2.0498510000000003, 0.007253,
    2.5293069999999997, 0.7235750000000001, 0.810844, 0.6311380000000001,
    0.7886839999999999, 0.7384, 0.7437849999999999, 0.523738,
    0.7896040000000001, 0.44411700000000004, 0.488327, 1.065369, 0.399298,
    0.112734, 0.644675, 1.2071420000000002, 0.917708, 0.188442, 1.050701,
    1.4139059999999999, 0.293341, 0.406314, 0.33813
  ],
  [
    1.25928, 0.8470030000000001, 0.0, 0.981865, 0.714287, 0.361979, 0.879127,
    0.327209, 0.9241710000000001, 0.308367, 0.561148, 0.37495, 0.802741,
    0.477006, 1.088773, 0.7075560000000001, 0.898092, 0.919164,
    0.39226799999999995, 1.0616189999999999, 0.597912, 1.4032090000000002,
    1.166272, 0.55349, 1.9864680000000001, 0.837861, 0.9255059999999999, 0.8545,
    1.043712, 0.84181, 0.77107, 0.9709, 0.366289, 0.91474, 0.8184539999999999,
    0.919944, 0.493311, 1.027048, 0.545643, 0.9434049999999999, 1.020915,
    1.233575, 1.3314739999999998, 0.803813, 1.068821, 1.046868, 1.200581,
    2.9948490000000003, 0.555573, 0.280414, 1.079375, 0.689817, 0.741815,
    0.896937, 0.796766, 0.302152, 0.8775040000000001, 1.245924, 1.629041,
    0.340999, 0.977724, 1.4847219999999999, 1.4769590000000001, 0.524428,
    1.240337, 0.5765929999999999, 0.840985, 0.39448300000000003, 1.610024,
    1.3672360000000001, 1.6105319999999999, 1.015539, 0.568558, 1.625305,
    1.630021, 0.6315700000000001, 1.762054, 1.3685619999999998, 0.354115,
    0.815338, 0.9588920000000001, 1.521401, 1.445375, 1.5426659999999999,
    1.5651279999999999, 1.758023, 1.449652, 0.35531999999999997,
    1.5317360000000002, 1.504583, 1.316702, 0.947673, 1.506692, 0.441798,
    1.945332, 1.306756, 0.8422759999999999, 1.8397750000000002, 0.332597,
    0.242005, 0.446941, 0.17859899999999998, 0.138817, 0.133432,
    0.33084600000000003, 0.08090800000000001, 0.48142, 0.37241199999999997,
    0.375837, 1.12787, 0.93114, 1.087572, 0.51761, 0.638258, 0.9767089999999999,
    0.708302, 0.7243740000000001, 1.021913, 1.12845, 1.066703
  ],
  [
    1.5284739999999999, 1.671397, 0.981865, 0.0, 0.30037, 0.928219,
    1.7310809999999999, 0.885069, 0.53549, 0.866226, 0.9846509999999999,
    0.9411900000000001, 1.5557729999999999, 0.886542, 1.9407260000000002,
    0.651763, 0.16134, 1.020737, 0.5836, 1.9135719999999998, 0.729664, 1.621657,
    0.25191399999999997, 1.3657139999999999, 1.456745, 0.548605, 0.503242,
    0.320538, 1.8956659999999999, 1.693763, 0.37605099999999997, 0.309505,
    0.9325289999999999, 1.667771, 0.17969900000000003, 1.672976, 0.951471,
    1.629026, 1.287464, 1.6964359999999998, 0.064138, 1.604117, 1.244702,
    0.657574, 1.5967660000000001, 1.8988219999999998, 1.541442, 3.547776,
    0.445401, 0.893758, 0.70601, 1.54177, 1.593768, 0.22548500000000002,
    0.26704300000000003, 1.244944, 0.42184699999999997, 1.56297, 0.692571,
    0.8988590000000001, 1.730755, 1.70317, 1.6954069999999999, 1.466605,
    0.44179700000000005, 1.51877, 0.933531, 1.264326, 1.317793,
    1.5856839999999999, 1.909933, 1.3056800000000002, 1.510735, 2.038727,
    2.129549, 1.0451810000000001, 2.3228470000000003, 1.835821, 1.172512,
    0.9078849999999999, 0.920182, 1.828489, 1.663823, 2.018646, 1.989382,
    1.911203, 0.9199299999999999, 1.1737170000000001, 1.002014, 1.925348,
    0.334837, 1.237815, 1.725139, 1.311641, 2.6230300000000004,
    0.8446950000000001, 1.595307, 1.102166, 1.265652, 1.150809,
    1.3167840000000002, 1.0742260000000001, 1.0476210000000001,
    1.0422360000000002, 1.182799, 0.989712, 1.3333730000000001, 1.114233,
    0.6414529999999999, 1.729848, 1.684172, 1.9395250000000002, 0.665668,
    0.9284, 1.72974, 0.633777, 0.496338, 1.5936510000000002, 1.980403, 1.598885
  ],
  [
    1.460768, 1.410131, 0.714287, 0.30037, 0.0, 0.67295, 1.475812,
    0.6297999999999999, 0.5213869999999999, 0.610958, 0.793447, 0.685921,
    1.3005039999999999, 0.695338, 1.6854580000000001, 0.512027, 0.224192,
    1.0191029999999999, 0.32833100000000004, 1.658304, 0.538461, 1.641809,
    0.49077499999999996, 1.110445, 1.506007, 0.357401, 0.445046,
    0.30045499999999997, 1.6403969999999999, 1.4384949999999999,
    0.29061000000000003, 0.295402, 0.67726, 1.4125029999999998, 0.142957,
    1.417707, 0.760268, 1.580827, 1.032196, 1.4411679999999998,
    0.33941899999999997, 1.555917, 1.300597, 0.608284, 1.548566, 1.643553,
    1.493242, 3.356102, 0.178928, 0.63849, 0.691908, 1.286502, 1.3385,
    0.21138200000000001, 0.316306, 0.965598, 0.40774400000000005,
    1.5047750000000002, 1.007096, 0.64359, 1.475487, 1.7233219999999998,
    1.715559, 1.152616, 0.5876290000000001, 1.198548, 0.7418579999999999,
    1.009057, 1.2771379999999999, 1.605836, 1.930085, 1.2483019999999998,
    1.196746, 2.02613, 2.149701, 0.8642369999999999, 2.343, 1.7876210000000001,
    0.917243, 0.716211, 0.879495, 1.848641, 1.683975, 2.038798, 2.009535,
    1.931355, 0.969193, 0.9184479999999999, 1.051276, 1.877149, 0.635207,
    1.179619, 1.745291, 1.056373, 2.431356, 0.830592, 1.340038, 1.359315,
    1.010384, 0.905451, 1.0615150000000002, 0.818957, 0.802264,
    0.7968780000000001, 0.927531, 0.7443540000000001, 1.078105, 0.858965,
    0.386184, 1.681649, 1.428903, 1.684256, 0.410399, 0.870204, 1.474472,
    0.494659, 0.251047, 1.5454510000000001, 1.725135, 1.5506849999999999
  ],
  [
    0.927748, 0.652983, 0.361979, 0.928219, 0.67295, 0.0, 0.7034640000000001,
    0.040365000000000005, 0.9489460000000001, 0.059208, 0.250564, 0.012971,
    0.606195, 0.16642300000000002, 0.8955489999999999, 0.396972, 0.826389,
    0.60858, 0.363479, 0.868395, 0.287328, 1.092625, 1.137484, 0.463781,
    1.87043, 0.44215699999999997, 0.545493, 0.879274, 0.95765, 0.755747,
    0.633135, 0.942111, 0.055705, 0.718194, 0.7896660000000001, 0.723398,
    0.182727, 0.830502, 0.337887, 0.746859, 0.992126, 1.037029, 1.02089,
    0.493229, 0.872275, 0.853645, 1.004035, 3.175898, 0.526785, 0.160933,
    1.1041489999999998, 0.5199199999999999, 0.798552, 0.858091,
    0.7332540000000001, 0.5335529999999999, 0.902278, 1.049378, 1.565529,
    0.026574999999999998, 0.781178, 1.174138, 1.166376, 0.68814, 1.176826,
    0.7241420000000001, 0.8657590000000001, 0.544581, 1.634799,
    1.0566520000000001, 1.413987, 0.704955, 0.73227, 1.4287590000000001,
    1.4334749999999998, 0.320986, 1.5688309999999999, 1.196709, 0.189958,
    0.8401130000000001, 0.983666, 1.3248550000000001, 1.1347909999999999,
    1.34612, 1.3685820000000002, 1.382172, 1.3235329999999998, 0.191163,
    1.468225, 1.3113599999999999, 1.260567, 0.63709, 1.196108, 0.591896,
    2.126381, 1.331531, 0.645729, 1.7762639999999998, 0.545907, 0.473406,
    0.597039, 0.354481, 0.370219, 0.364833, 0.36612, 0.312309, 0.416922,
    0.164656, 0.347049, 0.9313239999999999, 0.7345940000000001, 1.001509,
    0.494798, 0.32767399999999997, 0.780163, 0.397718, 0.695586, 0.825367,
    0.935226, 0.8701570000000001
  ],
  [
    0.6516280000000001, 0.26711599999999996, 0.879127, 1.7310809999999999,
    1.475812, 0.7034640000000001, 0.0, 0.853017, 1.696865, 0.834174,
    0.9336960000000001, 0.67016, 0.193345, 0.849555, 0.236731, 1.080104,
    1.617222, 1.219461, 1.1113979999999999, 0.20957800000000001, 0.97046,
    1.453718, 1.885403, 0.358161, 2.196674, 1.125289, 1.228625, 1.627193,
    0.27545400000000003, 0.106437, 1.4902, 1.69003, 0.738837, 0.332327,
    1.537585, 0.337531, 0.865859, 0.4274, 0.355686, 0.36099200000000004,
    1.740045, 0.54644, 1.458994, 1.1763610000000002, 0.558991, 0.194827,
    0.5134460000000001, 3.127196, 1.274704, 0.895733, 1.852068, 0.189861,
    0.252111, 1.60601, 1.515896, 0.829643, 1.650197, 0.567643, 2.348171,
    0.709707, 0.39531099999999997, 1.437364, 1.445126, 0.652771, 1.959468,
    0.517237, 1.6136780000000002, 0.57466, 2.335345, 1.2165139999999999,
    0.9322509999999999, 0.708933, 0.56804, 0.772835, 0.837835,
    1.1630989999999999, 0.932492, 0.516521, 0.659554, 1.588031, 1.731585,
    0.8431190000000001, 0.906284, 0.7929160000000001, 0.877993, 1.079741,
    1.876538, 0.6583490000000001, 2.122856, 0.675021, 2.0358330000000002,
    0.872932, 1.5572000000000001, 0.495045, 1.9468789999999998, 2.079449,
    0.259863, 2.558905, 0.688422, 0.778784, 0.5964919999999999,
    0.7765299999999999, 0.726246, 0.711725, 0.553336, 0.791421, 0.473715,
    0.518476, 1.0949680000000002, 0.528222, 0.348728, 0.371759, 1.23674,
    1.0453299999999999, 0.377061, 1.0808499999999999, 1.443505, 0.422265,
    0.276409, 0.56111
  ],
  [
    0.936772, 0.693348, 0.327209, 0.885069, 0.6297999999999999,
    0.040365000000000005, 0.853017, 0.0, 0.900728, 0.018843,
    0.25958800000000004, 0.053336, 0.6465599999999999, 0.175447, 0.935914,
    0.40599599999999997, 0.835413, 0.617604, 0.315262, 0.90876,
    0.29635199999999995, 1.1016489999999999, 1.089266, 0.504146, 1.879454,
    0.451181, 0.554517, 0.831057, 0.998015, 0.7961119999999999, 0.642159,
    0.893894, 0.064729, 0.758559, 0.7414489999999999, 0.7637630000000001,
    0.191751, 0.870867, 0.37825200000000003, 0.787224, 0.943909, 1.077394,
    1.029914, 0.502253, 0.91264, 0.89401, 1.0444, 3.183773, 0.478567, 0.111194,
    1.055932, 0.5602849999999999, 0.838917, 0.809874, 0.742278,
    0.5414289999999999, 0.8540610000000001, 1.089743, 1.574553,
    0.013789999999999998, 0.821543, 1.183162, 1.1754, 0.6960149999999999,
    1.1858499999999998, 0.741947, 0.817542, 0.5524560000000001,
    1.5865809999999998, 1.0656759999999998, 1.454352, 0.713979,
    0.7401449999999999, 1.469124, 1.4738399999999998, 0.33000999999999997,
    1.6091959999999998, 1.237074, 0.230323, 0.791895, 0.935449, 1.36522,
    1.143816, 1.386485, 1.408947, 1.3911959999999999, 1.332557,
    0.23152799999999998, 1.477249, 1.3517249999999998, 1.2396969999999998,
    0.6461140000000001, 1.205132, 0.5997720000000001, 2.134257,
    1.2833130000000001, 0.6860940000000001, 1.785288, 0.553783, 0.481282,
    0.604914, 0.362356, 0.378094, 0.372709, 0.47093, 0.320185, 0.457287,
    0.20502099999999998, 0.298832, 0.9716889999999999, 0.774959, 1.041874,
    0.440604, 0.336698, 0.820528, 0.406742, 0.647368, 0.865732, 0.975591,
    0.910522
  ],
  [
    1.930059, 1.6672660000000001, 0.9241710000000001, 0.53549,
    0.5213869999999999, 0.9489460000000001, 1.696865, 0.900728, 0.0, 0.868093,
    1.269733, 0.943057, 1.5576400000000001, 1.171624, 1.942593, 0.988313,
    0.693483, 1.4953889999999999, 0.732293, 1.9154390000000001, 1.014747,
    2.118095, 0.464163, 1.367581, 1.8380560000000001, 0.8336870000000001,
    0.921332, 0.247301, 1.897532, 1.6956300000000002, 0.7668959999999999,
    0.22598500000000002, 0.934396, 1.669638, 0.400716, 1.674843,
    1.2365540000000002, 1.781947, 1.289331, 1.6983030000000001, 0.455579,
    2.023024, 1.776883, 1.08457, 1.823719, 1.900689, 1.969528, 3.2382, 0.666418,
    0.895625, 0.251653, 1.543637, 1.595635, 0.343702, 0.792591,
    1.1467729999999998, 0.210125, 1.981878, 0.973399, 0.900726, 1.732622,
    2.199608, 2.191845, 1.368434, 0.960198, 1.4205999999999999, 0.692496,
    1.266193, 0.782303, 2.082122, 2.406371, 1.724588, 1.4125640000000002,
    2.380203, 2.6259870000000003, 1.340523, 2.615875, 2.222382,
    1.1743789999999998, 0.66685, 0.413129, 2.324927, 2.1602609999999998,
    2.515083, 2.4858200000000004, 2.407641, 1.445478, 1.175584,
    1.5275619999999999, 2.358404, 0.6348039999999999, 1.655905,
    2.2215770000000004, 1.3135080000000001, 2.5248589999999997,
    0.47903500000000004, 1.5971739999999999, 1.40375, 1.205928, 1.115336,
    1.318651, 1.05193, 1.012148, 1.006763, 1.184666, 0.9542390000000001,
    1.33524, 1.1160999999999999, 0.7299840000000001, 1.882768, 1.686039,
    1.941392, 0.8217369999999999, 1.34649, 1.731607, 0.9709450000000001,
    0.727332, 1.776811, 1.98227, 1.821601
  ],
  [
    1.197312, 0.7850349999999999, 0.308367, 0.866226, 0.610958, 0.059208,
    0.834174, 0.018843, 0.868093, 0.0, 0.278431, 0.07217900000000001, 0.665403,
    0.194289, 0.954757, 0.424839, 0.802243, 0.636447, 0.296419, 0.927603,
    0.315195, 1.120492, 1.070424, 0.50489, 1.8906189999999998, 0.470024,
    0.57336, 0.8122140000000001, 0.99876, 0.7968569999999999, 0.661002,
    0.875051, 0.08357200000000001, 0.777402, 0.722606, 0.782606, 0.210594,
    0.88971, 0.397094, 0.806067, 0.925066, 1.0962370000000001,
    1.0487570000000002, 0.521096, 0.931483, 0.912852, 1.063243, 3.164931,
    0.45972500000000005, 0.092351, 1.037089, 0.5791280000000001, 0.863056,
    0.7910309999999999, 0.700917, 0.522586, 0.835218, 1.108586, 1.533192,
    0.032633, 0.8403849999999999, 1.2020050000000002, 1.194242, 0.677172,
    1.144489, 0.723105, 0.7986989999999999, 0.533614, 1.567739, 1.084519,
    1.473194, 0.732822, 0.721302, 1.487966, 1.492682, 0.348853, 1.628039,
    1.255917, 0.249165, 0.7730520000000001, 0.916606, 1.384062, 1.162658,
    1.405328, 1.42779, 1.410038, 1.353804, 0.25037, 1.4358879999999998,
    1.370567, 1.220854, 0.664956, 1.2239749999999998, 0.580929,
    2.1154140000000003, 1.26447, 0.704937, 1.7439259999999999,
    0.5349400000000001, 0.46243900000000004, 0.586071, 0.34351299999999996,
    0.359251, 0.35386599999999996, 0.452087, 0.301342, 0.458031, 0.223863,
    0.279989, 0.9905320000000001, 0.793802, 1.042619, 0.421761, 0.355541,
    0.83937, 0.425585, 0.6285259999999999, 0.884575, 0.9944339999999999,
    0.9293640000000001
  ],
  [
    0.73214, 0.903547, 0.561148, 0.9846509999999999, 0.793447, 0.250564,
    0.9336960000000001, 0.25958800000000004, 1.269733, 0.278431, 0.0, 0.263535,
    0.856759, 0.09810899999999999, 1.087936, 0.35914100000000004, 0.820277,
    0.455698, 0.5364990000000001, 1.04874, 0.281216, 0.9397430000000001,
    1.209798, 0.714345, 1.6056869999999999, 0.436046, 0.507663, 1.04751,
    1.208214, 1.006312, 0.627023, 1.0354619999999999, 0.194859, 0.968758,
    0.890011, 0.973962, 0.06783700000000001, 0.832692, 0.5884510000000001,
    0.946403, 1.07686, 0.807783, 0.868008, 0.455398, 0.800432, 1.104209,
    0.745108, 3.426462, 0.743441, 0.360102, 1.431967, 0.7704840000000001,
    1.049116, 0.951441, 0.727143, 0.777417, 1.1478030000000001, 0.766636,
    1.559418, 0.245798, 0.9120839999999999, 1.021256, 1.013493, 0.938704,
    1.170714, 0.9747060000000001, 1.064928, 0.795145, 1.833968, 0.90377,
    1.228019, 0.509346, 0.982834, 1.287992, 1.447635, 0.087158, 1.442858,
    1.039487, 0.44052199999999997, 1.039281, 1.182835, 1.042113, 0.981909,
    1.232269, 1.307468, 1.229289, 1.192611, 0.441727, 1.43893, 1.129014,
    1.2544559999999998, 0.441481, 1.0432249999999998, 0.84246, 2.376946,
    1.570651, 0.896294, 1.770152, 0.796472, 0.71727, 0.847603,
    0.6050449999999999, 0.620783, 0.615398, 0.616684, 0.5628730000000001,
    0.667486, 0.41522000000000003, 0.478646, 0.933514, 0.958668, 1.252073,
    0.5704009999999999, 0.132066, 0.8829589999999999, 0.359888, 0.736097,
    0.797317, 1.18579, 0.80255
  ],
  [
    1.052289, 0.640011, 0.37495, 0.9411900000000001, 0.685921, 0.012971,
    0.67016, 0.053336, 0.943057, 0.07217900000000001, 0.263535, 0.0,
    0.5932240000000001, 0.179394, 0.882577, 0.409943, 0.83936, 0.621552,
    0.37645100000000004, 0.855424, 0.300299, 1.105597, 1.150455, 0.450809,
    1.883402, 0.455129, 0.558465, 0.892245, 0.9446789999999999, 0.742776,
    0.646106, 0.955083, 0.068677, 0.705222, 0.8026380000000001, 0.710427,
    0.195698, 0.8175309999999999, 0.324915, 0.733887, 1.005098, 1.024057,
    1.033862, 0.5062, 0.859304, 0.840673, 0.991064, 3.1629270000000003,
    0.539756, 0.173904, 1.11712, 0.506949, 0.7855800000000001, 0.871063,
    0.746226, 0.520582, 0.91525, 1.0364069999999999, 1.578501, 0.039547,
    0.768206, 1.1871099999999999, 1.179347, 0.675168, 1.189797, 0.711171,
    0.878731, 0.531609, 1.64777, 1.0696240000000001, 1.4010150000000001,
    0.7179260000000001, 0.719298, 1.4157870000000001, 1.4205029999999998,
    0.333957, 1.5558589999999999, 1.183738, 0.17698599999999998, 0.853084,
    0.996638, 1.3118830000000001, 1.1477629999999999, 1.333149, 1.35561,
    1.395143, 1.336505, 0.17819100000000002, 1.481196, 1.2983879999999999,
    1.273539, 0.650061, 1.209079, 0.5789249999999999, 2.11341,
    1.3445019999999999, 0.632758, 1.789235, 0.5329360000000001,
    0.45373399999999997, 0.584067, 0.341509, 0.35724700000000004, 0.351862,
    0.353149, 0.29933800000000005, 0.403951, 0.15168399999999999,
    0.36002100000000004, 0.918353, 0.721623, 0.988538, 0.5077699999999999,
    0.340646, 0.7671910000000001, 0.41069, 0.708557, 0.812396, 0.922255,
    0.857185
  ],
  [
    0.48644600000000005, 0.074169, 0.802741, 1.5557729999999999,
    1.3005039999999999, 0.606195, 0.193345, 0.6465599999999999,
    1.5576400000000001, 0.665403, 0.856759, 0.5932240000000001, 0.0, 0.772618,
    0.28715300000000005, 1.003167, 1.540836, 1.0450519999999999, 1.035012,
    0.25999900000000004, 0.8935230000000001, 1.3073869999999999, 1.809017,
    0.281775, 2.050343, 1.048353, 1.151688, 1.550807, 0.474598,
    0.27269600000000005, 1.2393299999999998, 1.613644, 0.661901, 0.13938,
    1.4611990000000001, 0.144584, 0.788922, 0.25168799999999997, 0.278749,
    0.168045, 1.663659, 0.458215, 1.312663, 1.099424, 0.293461, 0.245248,
    0.425222, 3.293455, 1.198318, 0.739418, 1.775682, 0.11292400000000001,
    0.41837, 1.529624, 1.43951, 0.814915, 1.5738109999999998,
    0.47056400000000004, 2.271785, 0.6327699999999999, 0.20236400000000002,
    1.291032, 1.2987950000000001, 0.663933, 1.8830820000000001, 0.52789,
    1.5372919999999999, 0.5630259999999999, 2.306332, 1.070182, 0.835173,
    0.534524, 0.579202, 0.8499450000000001, 0.8546609999999999,
    0.9886900000000001, 0.9604349999999999, 0.5669420000000001,
    0.5037269999999999, 1.511645, 1.655199, 0.7460410000000001, 0.809206,
    0.767306, 0.789768, 0.9826630000000001, 1.702129, 0.504932,
    1.9484469999999998, 0.702963, 1.959447, 0.698523, 1.410869, 0.482902,
    2.1131379999999997, 2.003063, 0.066916, 2.482519, 0.6767880000000001,
    0.7640560000000001, 0.58435, 0.741897, 0.691613, 0.696998, 0.47695,
    0.742816, 0.397329, 0.441539, 1.018582, 0.35251, 0.155781, 0.570904,
    1.160354, 0.8709199999999999, 0.201349, 1.003914, 1.367119, 0.246553,
    0.32683, 0.291343
  ],
  [
    0.7756609999999999, 0.8194049999999999, 0.477006, 0.886542, 0.695338,
    0.16642300000000002, 0.849555, 0.175447, 1.171624, 0.194289,
    0.09810899999999999, 0.179394, 0.772618, 0.0, 1.061972, 0.292751, 0.722168,
    0.456493, 0.43839, 1.034818, 0.183107, 0.940538, 1.1116890000000001,
    0.630203, 1.6064829999999999, 0.337937, 0.441273, 0.9494009999999999,
    1.124073, 0.9221699999999999, 0.528914, 0.937353, 0.110717, 0.884616,
    0.791902, 0.889821, 0.06493, 0.876214, 0.504309, 0.9132809999999999,
    0.9787509999999999, 0.851304, 0.868803, 0.38900799999999996, 0.843954,
    1.020067, 0.788629, 3.342321, 0.645332, 0.275961, 1.333858,
    0.6863429999999999, 0.964974, 0.853333, 0.629034, 0.693276, 1.049694,
    0.810158, 1.461309, 0.16165700000000002, 0.9476, 1.022051, 1.014288,
    0.854562, 1.072605, 0.890565, 0.9807870000000001, 0.711003, 1.796375,
    0.9045650000000001, 1.228815, 0.552868, 0.898692, 1.3315139999999999,
    1.44843, 0.168899, 1.641729, 1.083008, 0.35638, 0.95514, 1.098694,
    1.1473710000000001, 0.9827039999999999, 1.3375270000000001,
    1.3082639999999999, 1.230085, 1.1934069999999999, 0.357585, 1.364004,
    1.172536, 1.156347, 0.485002, 1.0440209999999999, 0.758319,
    2.2928040000000003, 1.472543, 0.8121520000000001, 1.672043, 0.71233,
    0.633128, 0.7634610000000001, 0.520903, 0.5366409999999999, 0.531256,
    0.532543, 0.47873200000000005, 0.583345, 0.331078, 0.38053699999999996,
    0.9770359999999999, 0.9010170000000001, 1.167932, 0.472293, 0.175587,
    0.926481, 0.293498, 0.6379880000000001, 0.840838, 1.1016489999999999,
    0.846072
  ],
  [
    0.466499, 0.366636, 1.088773, 1.9407260000000002, 1.6854580000000001,
    0.8955489999999999, 0.236731, 0.935914, 1.942593, 0.954757, 1.087936,
    0.882577, 0.28715300000000005, 1.061972, 0.0, 1.227283, 1.826868, 1.034332,
    1.321044, 0.0501, 1.20194, 1.268589, 2.095048, 0.5678070000000001, 2.011545,
    1.3377059999999998, 1.285358, 1.836838, 0.389521, 0.316083, 1.431576,
    1.899676, 0.951254, 0.37772500000000003, 1.74723, 0.320278, 1.060104,
    0.28371199999999996, 0.5681029999999999, 0.296817, 1.949691, 0.361311,
    1.273865, 1.2330940000000001, 0.373862, 0.074302, 0.328317,
    3.3368420000000003, 1.484349, 1.105378, 2.061713, 0.402278,
    0.46175700000000003, 1.815656, 1.5341259999999999, 1.039288,
    1.8598430000000001, 0.382513, 2.4201230000000002, 0.922124, 0.262498,
    1.252235, 1.259997, 0.8624160000000001, 2.0314200000000002,
    0.7268819999999999, 1.8233240000000002, 0.804212, 2.544991, 1.031385,
    0.747122, 0.5238039999999999, 0.777685, 0.5877060000000001,
    0.8474210000000001, 0.97797, 0.676786, 0.340599, 0.8691989999999999,
    1.797677, 1.94123, 0.65799, 0.721155, 0.6077870000000001, 0.692864,
    0.894612, 1.6914090000000002, 0.867994, 1.9377270000000002, 0.419315,
    2.245478, 0.6878029999999999, 1.372072, 0.70469, 2.1565250000000002,
    2.2890949999999997, 0.359383, 2.581795, 0.8980670000000001, 0.988429,
    0.806138, 0.986176, 0.9358920000000001, 0.941277, 0.7629819999999999,
    1.001067, 0.683361, 0.730893, 1.304614, 0.384534, 0.30908199999999997,
    0.48582600000000004, 1.446386, 0.860201, 0.233373, 1.25585,
    1.6531500000000001, 0.278577, 0.074333, 0.375981
  ],
  [
    0.9671559999999999, 1.049954, 0.7075560000000001, 0.651763, 0.512027,
    0.396972, 1.080104, 0.40599599999999997, 0.988313, 0.424839,
    0.35914100000000004, 0.409943, 1.003167, 0.292751, 1.227283, 0.0, 0.490423,
    0.536609, 0.391157, 1.265367, 0.114797, 1.1297819999999998, 0.928378,
    0.860753, 1.4734580000000002, 0.154626, 0.148521, 0.76609, 1.354622,
    1.152719, 0.294739, 0.754042, 0.38945100000000005, 1.1151659999999999,
    0.608592, 1.1203699999999999, 0.35768099999999997, 1.067709, 0.734859,
    1.1438309999999998, 0.7159009999999999, 1.042799, 0.8181029999999999,
    0.09625700000000001, 1.035449, 1.250616, 0.980124, 3.7267979999999996,
    0.462021, 0.50651, 1.150547, 0.916892, 1.1955239999999998, 0.670022,
    0.397289, 0.9305249999999999, 0.866383, 1.0016530000000001, 1.229564,
    0.392206, 1.1471010000000001, 1.211295, 1.2035319999999998, 1.085112,
    0.84086, 1.121114, 1.112554, 0.941553, 1.76233, 1.093809, 1.418058,
    0.7443630000000001, 1.1292419999999999, 1.523009, 1.637674, 0.483863,
    1.830972, 1.274503, 0.58693, 1.0869069999999998, 1.23046, 1.336614,
    1.171948, 1.52677, 1.4975070000000001, 1.419328, 0.9265610000000001,
    0.588134, 1.132259, 1.364031, 0.9215679999999999, 0.676498, 1.233264,
    0.9888680000000001, 2.523353, 1.289232, 1.042701, 1.440298, 0.942879,
    0.8703780000000001, 0.994011, 0.7514529999999999, 0.7671910000000001,
    0.761805, 0.763092, 0.7092809999999999, 0.813894, 0.561628, 0.333304,
    1.168531, 1.131566, 1.398481, 0.425059, 0.367082, 1.117976, 0.025737,
    0.454677, 1.0323330000000002, 1.332198, 1.037567
  ],
  [
    1.367134, 1.587624, 0.898092, 0.16134, 0.224192, 0.826389, 1.617222,
    0.835413, 0.693483, 0.802243, 0.820277, 0.83936, 1.540836, 0.722168,
    1.826868, 0.490423, 0.0, 0.8593970000000001, 0.505824, 1.8357970000000001,
    0.5652910000000001, 1.460317, 0.405061, 1.287938, 1.295405, 0.384231,
    0.341902, 0.479546, 1.81789, 1.615988, 0.21471, 0.474493, 0.818868,
    1.5899960000000002, 0.322048, 1.5952, 0.787098, 1.4676859999999998,
    1.209689, 1.581397, 0.225478, 1.442777, 1.0833620000000002,
    0.49623399999999995, 1.4354259999999999, 1.821046, 1.3801020000000002,
    3.580294, 0.367625, 0.8159829999999999, 0.8709990000000001, 1.463995,
    1.515993, 0.390473, 0.105703, 1.133181, 0.586835, 1.4016300000000002,
    0.769471, 0.821623, 1.547078, 1.54183, 1.534067, 1.330109, 0.380768,
    1.3760409999999998, 0.9660489999999999, 1.18655, 1.482781, 1.424344,
    1.748593, 1.14434, 1.374239, 1.877386, 1.968209, 0.8838400000000001,
    2.161507, 1.6744809999999999, 1.0947360000000002, 0.940403, 1.08517,
    1.667149, 1.502483, 1.857305, 1.828042, 1.749863, 0.75859, 1.095941,
    0.840674, 1.764008, 0.431145, 1.0764749999999998, 1.563799, 1.233866,
    2.6555479999999996, 1.0096829999999999, 1.517531, 1.148712,
    1.1878769999999998, 1.073033, 1.239008, 0.9964500000000001, 0.969846,
    0.964461, 1.1050239999999998, 0.9119360000000001, 1.255598, 1.036458,
    0.563677, 1.568508, 1.606396, 1.861749, 0.5878920000000001, 0.76706,
    1.5179529999999999, 0.472437, 0.35208999999999996, 1.432311, 1.902628,
    1.4375440000000002
  ],
  [
    0.7740090000000001, 1.091839, 0.919164, 1.020737, 1.0191029999999999,
    0.60858, 1.219461, 0.617604, 1.4953889999999999, 0.636447, 0.455698,
    0.621552, 1.0450519999999999, 0.456493, 1.034332, 0.536609,
    0.8593970000000001, 0.0, 0.904158, 1.049922, 0.622645, 0.5973189999999999,
    1.264458, 1.0723610000000001, 1.254601, 0.691235, 0.594684,
    1.2731649999999999, 1.4568699999999999, 1.300115, 0.72773, 1.261117,
    0.552875, 1.00831, 1.115667, 0.9710460000000001, 0.523535, 0.833874,
    0.946467, 0.947585, 1.084875, 0.808965, 0.516668, 0.44035199999999997,
    0.801614, 1.058334, 0.74629, 3.784478, 0.969096, 0.718118, 1.657623,
    1.130595, 1.445789, 1.177097, 0.753694, 1.135433, 1.373459, 0.767818,
    1.489349, 0.603814, 0.9132659999999999, 0.678832, 0.6710689999999999,
    1.29672, 1.1006449999999999, 1.332722, 1.422944, 1.153161,
    2.2694050000000003, 0.668505, 0.992754, 0.510528, 1.3408499999999999,
    1.121548, 1.21237, 0.495848, 1.405668, 1.040669, 0.798538, 1.397298,
    1.5408510000000002, 0.91131, 0.746644, 1.1014659999999998, 1.072203,
    0.994024, 0.8120299999999999, 0.7997430000000001, 1.058349, 1.074419,
    1.2905419999999999, 0.489234, 0.700801, 1.200476, 2.7349609999999998,
    1.796307, 1.084586, 1.56291, 1.154488, 1.075286, 1.205619,
    0.9630610000000001, 0.978799, 0.973414, 0.9747, 0.920889, 1.025502,
    0.773236, 0.846305, 0.934696, 0.95985, 1.553175, 0.9380599999999999,
    0.324384, 0.884141, 0.562345, 0.9617530000000001, 0.7984990000000001,
    1.139916, 0.8037329999999999
  ],
  [
    1.223326, 1.0817999999999999, 0.39226799999999995, 0.5836,
    0.32833100000000004, 0.363479, 1.1113979999999999, 0.315262, 0.732293,
    0.296419, 0.5364990000000001, 0.37645100000000004, 1.035012, 0.43839,
    1.321044, 0.391157, 0.505824, 0.904158, 0.0, 1.3299729999999998, 0.626653,
    1.730001, 0.7740049999999999, 0.7821140000000001, 1.5942, 0.445594,
    0.533239, 0.5836849999999999, 1.312066, 1.110164, 0.378802,
    0.5786319999999999, 0.348929, 1.0841720000000001, 0.42618700000000004,
    1.089376, 0.475951, 1.19648, 0.703865, 1.112837, 0.6286470000000001,
    1.4030070000000001, 1.388789, 0.696477, 1.2382529999999998, 1.315222,
    1.370013, 3.395802, 0.163306, 0.310159, 0.887496, 0.958171,
    1.0101689999999999, 0.494612, 0.40449799999999997, 0.6273569999999999,
    0.6909740000000001, 1.415356, 1.236773, 0.315259, 1.1471559999999998,
    1.8115139999999998, 1.803752, 0.8242849999999999, 0.8480700000000001,
    0.870217, 0.781558, 0.680726, 1.418146, 1.694028, 1.7799639999999999,
    0.9981789999999999, 0.8684149999999999, 1.794736, 1.799453, 0.61421,
    2.030408, 1.636916, 0.588912, 0.755911, 0.899464, 1.690833, 1.772168,
    1.712098, 1.7345599999999999, 2.019548, 1.057385, 0.590117, 1.139469,
    1.772937, 0.9244349999999999, 0.9311309999999999, 1.833484, 0.728041,
    2.262527, 1.1138219999999999, 1.011707, 1.447507, 0.682053, 0.567209,
    0.733184, 0.49062599999999995, 0.464022, 0.458637, 0.5992000000000001,
    0.40611200000000003, 0.749774, 0.530634, 0.057853, 1.297302,
    1.1005719999999999, 1.355925, 0.125342, 0.6208980000000001, 1.146141,
    0.5828519999999999, 0.33210700000000004, 1.191345, 1.3968040000000002,
    1.236135
  ],
  [
    0.464997, 0.339482, 1.0616189999999999, 1.9135719999999998, 1.658304,
    0.868395, 0.20957800000000001, 0.90876, 1.9154390000000001, 0.927603,
    1.04874, 0.855424, 0.25999900000000004, 1.034818, 0.0501, 1.265367,
    1.8357970000000001, 1.049922, 1.3299729999999998, 0.0, 1.155723, 1.267087,
    2.067895, 0.540653, 2.010042, 1.310552, 1.2838559999999999, 1.809684,
    0.429094, 0.288929, 1.430074, 1.872522, 0.9241, 0.350571, 1.720077,
    0.29312400000000005, 1.0586010000000001, 0.256558, 0.5409489999999999,
    0.269663, 1.922537, 0.359808, 1.2723630000000001, 1.231592, 0.37236,
    0.047148, 0.326815, 3.309688, 1.457195, 1.078225, 2.034559, 0.375124,
    0.434603, 1.788502, 1.698388, 1.012134, 1.832689, 0.38101100000000004,
    2.418621, 0.89497, 0.235344, 1.250732, 1.258495, 0.835262,
    2.0299169999999997, 0.6997279999999999, 1.79617, 0.777058, 2.517837,
    1.029882, 0.74562, 0.522302, 0.750531, 0.586204, 0.651203, 0.976468,
    0.723382, 0.329889, 0.8420449999999999, 1.7705229999999998, 1.914077,
    0.6564880000000001, 0.719653, 0.606285, 0.6913619999999999, 0.89311,
    1.6899069999999998, 0.84084, 1.9362249999999999, 0.465911, 2.218324,
    0.686301, 1.370569, 0.6775359999999999, 2.129371, 2.2619409999999998,
    0.332229, 2.580293, 0.870914, 0.961275, 0.778984, 0.939116, 0.908738,
    0.914123, 0.7358279999999999, 0.973913, 0.656207, 0.703739, 1.27746,
    0.35738, 0.281928, 0.5254, 1.419232, 0.858698, 0.20621899999999999,
    1.254348, 1.625996, 0.251423, 0.12872999999999998, 0.37447800000000003
  ],
  [
    0.941813, 0.94031, 0.597912, 0.729664, 0.538461, 0.287328, 0.97046,
    0.29635199999999995, 1.014747, 0.315195, 0.281216, 0.300299,
    0.8935230000000001, 0.183107, 1.20194, 0.114797, 0.5652910000000001,
    0.622645, 0.626653, 1.155723, 0.0, 1.10669, 0.9548110000000001, 0.751109,
    1.5882560000000001, 0.181059, 0.263318, 0.792524, 1.2449780000000001,
    1.043075, 0.37203699999999995, 0.780475, 0.27980700000000003, 1.005522,
    0.635025, 1.010726, 0.248037, 1.042366, 0.6252150000000001, 1.034187,
    0.8218730000000001, 1.017456, 0.9329, 0.211054, 1.010106,
    1.1409719999999999, 0.954781, 3.617154, 0.488454, 0.396866, 1.176981,
    0.8072480000000001, 1.0858800000000002, 0.696455, 0.472157, 0.820881,
    0.892817, 0.9763099999999999, 1.3044310000000001, 0.28256200000000004,
    1.0685060000000002, 1.188203, 1.180441, 0.975468, 0.915728, 1.01147,
    1.00291, 0.831909, 1.639497, 1.0707170000000001, 1.394967, 0.71902,
    1.019598, 1.497666, 1.6145820000000002, 0.352006, 1.807881, 1.24916,
    0.477285, 0.977263, 1.120816, 1.313523, 1.148857, 1.503679, 1.474416,
    1.3962370000000002, 1.041359, 0.47849, 1.207127, 1.338688, 0.999469,
    0.6511549999999999, 1.210173, 0.879224, 2.413709, 1.3156649999999999,
    0.933057, 1.515166, 0.8332350000000001, 0.760734, 0.884367, 0.641809,
    0.657547, 0.652161, 0.653448, 0.599637, 0.70425, 0.451984, 0.22366,
    1.143188, 1.021922, 1.288837, 0.315415, 0.34173899999999996, 1.092633,
    0.115544, 0.481111, 1.00699, 1.2225540000000001, 1.012224
  ],
  [
    0.843699, 1.354174, 1.4032090000000002, 1.621657, 1.641809, 1.092625,
    1.453718, 1.1016489999999999, 2.118095, 1.120492, 0.9397430000000001,
    1.105597, 1.3073869999999999, 0.940538, 1.268589, 1.1297819999999998,
    1.460317, 0.5973189999999999, 1.730001, 1.267087, 1.10669, 0.0, 1.832291,
    1.569471, 1.187061, 1.28775, 1.1901089999999999, 1.880999, 1.698817,
    1.570141, 1.336327, 1.868951, 1.03692, 1.319298, 1.7235, 1.2820340000000001,
    1.0075800000000001, 1.085335, 1.5664449999999999, 1.2585730000000002,
    1.652709, 0.9939049999999999, 0.516682, 1.033525, 1.0435619999999999,
    1.32836, 0.9882369999999999, 4.268523, 1.5769300000000002, 1.202163,
    2.265456, 1.4006210000000001, 1.715815, 1.7849300000000001, 1.321528,
    1.626179, 1.9812919999999998, 0.952758, 2.089858, 1.087859, 1.224254,
    0.081513, 0.07375, 1.7807650000000002, 1.668479, 1.815586, 1.90699,
    1.637206, 2.746188, 0.446905, 0.7909489999999999, 0.8037920000000001,
    1.866898, 0.940813, 0.890141, 0.979893, 1.083439, 1.282616, 1.282583,
    1.881343, 2.024896, 0.913396, 0.7487290000000001, 0.920732, 0.879063,
    0.6717949999999999, 1.074768, 1.283788, 1.3045579999999999, 1.148399,
    1.858376, 0.867697, 0.220939, 1.770598, 3.219007, 2.404141,
    1.3546120000000001, 1.987095, 1.6385329999999998, 1.566031, 1.689664,
    1.447106, 1.462844, 1.457459, 1.458745, 1.404934, 1.509547,
    1.2572809999999999, 1.33035, 1.245684, 1.270838, 1.795123, 1.422106,
    0.80843, 1.1951289999999999, 1.1605999999999999, 1.569586,
    1.1094870000000001, 1.409942, 1.0456800000000002
  ],
  [
    1.772194, 1.855804, 1.166272, 0.25191399999999997, 0.49077499999999996,
    1.137484, 1.885403, 1.089266, 0.464163, 1.070424, 1.209798, 1.150455,
    1.809017, 1.1116890000000001, 2.095048, 0.928378, 0.405061, 1.264458,
    0.7740049999999999, 2.067895, 0.9548110000000001, 1.832291, 0.0,
    1.5561189999999998, 1.5702539999999998, 0.773752, 0.746962,
    0.35762099999999997, 2.086071, 1.8841679999999998, 0.619771, 0.238178,
    1.1229339999999999, 1.8581759999999998, 0.370104, 1.8633810000000002,
    1.176618, 1.8727470000000002, 1.4778689999999999, 1.886841, 0.187776,
    1.847837, 1.4884220000000001, 0.901295, 1.840487, 2.0892269999999997,
    1.7851620000000001, 3.6076509999999997, 0.6358060000000001, 1.084163,
    0.44655900000000004, 1.732175, 1.784173, 0.31309, 0.510764, 1.42917,
    0.35052, 1.806691, 0.505297, 1.0892639999999998, 1.92116, 1.94689, 1.939128,
    1.650831, 0.671196, 1.7029960000000002, 1.063064, 1.454731,
    1.1496410000000001, 1.829404, 2.153654, 1.549401, 1.69496,
    2.2824470000000003, 2.3732699999999998, 1.288901, 2.566568,
    2.0795410000000003, 1.362917, 1.0374169999999998, 0.848855, 2.07221,
    1.9075440000000001, 2.262366, 2.2331030000000003, 2.154924, 1.163651,
    1.364122, 1.320363, 2.169069, 0.167625, 1.482353, 1.9688599999999998,
    1.502046, 2.8072559999999998, 0.5852430000000001, 1.785712,
    1.1359480000000002, 1.456057, 1.341214, 1.5071890000000001, 1.264631,
    1.238027, 1.232641, 1.3732039999999999, 1.1801169999999999, 1.523779,
    1.304638, 0.831858, 1.973569, 1.874577, 2.12993, 0.856073,
    1.1721199999999998, 1.920145, 0.91101, 0.69672, 1.837371, 2.170809, 1.842605
  ],
  [
    0.74084, 0.328563, 0.55349, 1.3657139999999999, 1.110445, 0.463781,
    0.358161, 0.504146, 1.367581, 0.50489, 0.714345, 0.450809, 0.281775,
    0.630203, 0.5678070000000001, 0.860753, 1.287938, 1.0723610000000001,
    0.7821140000000001, 0.540653, 0.751109, 1.569471, 1.5561189999999998, 0.0,
    2.3047359999999997, 0.905938, 1.009274, 1.2979090000000002,
    0.5227459999999999, 0.320844, 1.160917, 1.360746, 0.519486, 0.393774,
    1.2083009999999998, 0.398978, 0.6465080000000001, 0.506082, 0.161422,
    0.422439, 1.410761, 0.712609, 1.567057, 0.95701, 0.547855,
    0.5259020000000001, 0.679615, 3.101697, 0.9454199999999999, 0.566449,
    1.5227840000000001, 0.168851, 0.363648, 1.276726, 1.186612, 0.565664,
    1.320913, 0.724958, 2.018887, 0.490356, 0.456758, 1.545426,
    1.5531890000000002, 0.49897699999999995, 1.630184, 0.36293400000000003,
    1.284394, 0.313774, 2.053434, 1.324576, 1.089567, 0.788918, 0.414246,
    1.104339, 1.1090550000000001, 0.784766, 1.2410889999999999, 0.847596,
    0.33027, 1.258747, 1.402301, 1.000435, 1.0635999999999999, 1.0217, 1.044162,
    1.237057, 1.839499, 0.329065, 1.921583, 0.983617, 1.7065489999999999,
    0.952917, 1.665263, 0.30484300000000003, 1.91848, 1.750165, 0.32131,
    2.2296210000000003, 0.427536, 0.514805, 0.366232, 0.492645, 0.442361,
    0.447747, 0.224052, 0.489918, 0.103797, 0.299125, 0.7656839999999999,
    0.606904, 0.410174, 0.5666059999999999, 0.907456, 0.791455, 0.455743,
    0.861499, 1.114221, 0.500947, 0.607484, 0.5457369999999999
  ],
  [
    1.586655, 2.09713, 1.9864680000000001, 1.456745, 1.506007, 1.87043,
    2.196674, 1.879454, 1.8380560000000001, 1.8906189999999998,
    1.6056869999999999, 1.883402, 2.050343, 1.6064829999999999, 2.011545,
    1.4734580000000002, 1.295405, 1.254601, 1.5942, 2.010042,
    1.5882560000000001, 1.187061, 1.5702539999999998, 2.3047359999999997, 0.0,
    1.4969890000000001, 1.4546590000000001, 1.77626, 2.4452779999999996,
    2.316602, 1.327468, 1.612072, 1.702864, 2.006036, 1.618761, 1.968772,
    1.6735239999999998, 1.831796, 2.096457, 1.945311, 1.537072, 1.740366,
    0.770806, 1.374242, 1.790022, 2.074821, 1.734698, 4.877007, 1.472191,
    1.920548, 1.876512, 2.147081, 2.4622759999999997, 1.680191, 1.205891,
    2.237746, 1.724413, 1.699219, 1.248004, 1.7538040000000001, 1.910992,
    1.224106, 1.2163430000000002, 2.4346750000000004, 1.049088, 2.480607,
    2.262763, 2.2911149999999996, 2.5665169999999997, 1.412365, 1.763017,
    1.5082550000000001, 2.4788040000000002, 1.89181, 1.95623, 1.645837,
    2.1495279999999997, 2.029077, 1.9485270000000001, 2.237116, 2.222749,
    1.681573, 1.5169059999999999, 1.871729, 1.842466, 1.737884, 0.544176,
    1.949732, 0.470495, 1.898261, 1.504962, 1.523672, 1.125139, 2.338431,
    3.872916, 2.015196, 2.101073, 1.145241, 2.292442, 2.1775990000000003,
    2.3435729999999997, 2.101015, 2.074411, 2.069026, 2.209589, 2.016502,
    2.360163, 1.923225, 1.668242, 1.932422, 1.957576, 2.541583, 1.692457,
    1.474374, 1.881867, 1.4962360000000001, 1.464847, 1.796225,
    2.1564029999999996, 1.792141
  ],
  [
    1.122873, 1.09514, 0.837861, 0.548605, 0.357401, 0.44215699999999997,
