[
    [
        0.0,
        3.847109,
        2.097226,
        2.7990410000000003,
        2.621509,
        1.051815,
        2.0712829999999998,
        0.605975,
        2.989064,
        3.3180050000000003,
        2.193502,
        3.268828,
        3.580237,
        3.20213,
        3.5756460000000003,
        2.2603969999999998,
        0.5455829999999999,
        3.650893,
        3.57659,
        3.872906,
        1.892763,
        2.123319,
        3.008909,
        2.2137979999999997,
        2.662328,
        1.9044949999999998,
        3.75996,
        3.571118,
        2.739875,
        2.304481,
        1.912501,
        3.638376,
        3.393643,
        3.287947,
        3.3582959999999997,
        5.373571,
        3.1233310000000003
    ],
    [
        3.847109,
        0.0,
        1.8969200000000002,
        1.19029,
        1.219673,
        3.2403899999999997,
        4.515147,
        3.2545129999999998,
        0.993189,
        0.531207,
        2.65835,
        0.6514030000000001,
        0.314899,
        0.7170890000000001,
        0.31949,
        1.616019,
        4.05474,
        0.295769,
        0.302411,
        0.465129,
        4.532476,
        1.895779,
        0.912114,
        1.780349,
        1.297598,
        3.094899,
        0.124629,
        0.324018,
        1.2615150000000002,
        1.730646,
        2.117567,
        0.72277,
        2.192248,
        0.629211,
        0.5653400000000001,
        3.206585,
        0.7948200000000001
    ],
    [
        2.097226,
        1.8969200000000002,
        0.0,
        0.738116,
        1.445265,
        1.453147,
        2.893637,
        1.510556,
        0.985917,
        1.437028,
        1.099576,
        1.267923,
        1.6469280000000002,
        1.2014880000000001,
        1.642337,
        1.108516,
        2.230617,
        1.713597,
        1.643281,
        2.046482,
        2.7464589999999998,
        0.24152500000000002,
        0.99679,
        0.11657200000000001,
        0.62071,
        1.685433,
        1.813431,
        1.637809,
        0.6692469999999999,
        0.207255,
        0.30627499999999996,
        2.304265,
        1.389016,
        1.267709,
        1.356464,
        4.221131000000001,
        1.103038
    ],
    [
        2.7990410000000003,
        1.19029,
        0.738116,
        0.0,
        0.76822,
        2.100453,
        3.539716,
        2.210989,
        0.277399,
        0.730398,
        1.7456559999999999,
        0.564311,
        0.940298,
        0.496387,
        0.935707,
        0.628347,
        2.9310500000000004,
        1.006966,
        0.9366509999999999,
        1.339852,
        3.392539,
        0.755842,
        0.288272,
        0.621544,
        0.136713,
        2.336156,
        1.106801,
        0.931179,
        0.139387,
        0.570857,
        0.961207,
        1.597635,
        1.434038,
        0.561079,
        0.653779,
        4.1180829999999995,
        0.39640800000000004
    ],
    [
        2.621509,
        1.219673,
        1.445265,
        0.76822,
        0.0,
        2.832656,
        4.274844,
        2.03484,
        0.607,
        0.696496,
        2.485727,
        0.866528,
        0.9587279999999999,
        0.808507,
        0.954136,
        0.396346,
        3.127862,
        1.029384,
        0.9550810000000001,
        1.2513969999999999,
        4.132611,
        1.495914,
        0.614414,
        1.363389,
        0.857183,
        3.076438,
        1.13845,
        0.949609,
        0.9094009999999999,
        1.312702,
        1.60571,
        1.016867,
        2.1743200000000003,
        0.88521,
        0.77706,
        3.36634,
        0.728836
    ],
    [
        1.051815,
        3.2403899999999997,
        1.453147,
        2.100453,
        2.832656,
        0.0,
        1.5895299999999999,
        0.916539,
        2.334909,
        2.772629,
        1.231916,
        2.6035239999999997,
        2.982529,
        2.537089,
        2.977937,
        2.492897,
        1.105241,
        3.049197,
        2.978882,
        3.382083,
        1.41101,
        1.359859,
        2.3457820000000003,
        1.475808,
        1.973405,
        0.942909,
        3.152504,
        2.97341,
        2.004848,
        1.567542,
        1.3035619999999999,
        3.639865,
        2.336409,
        2.60331,
        2.6929920000000003,
        5.606071,
        2.4386390000000002
    ],
    [
        2.0712829999999998,
        4.515147,
        2.893637,
        3.539716,
        4.274844,
        1.5895299999999999,
        0.0,
        2.430641,
        3.780303,
        4.2180230000000005,
        2.046591,
        4.0489180000000005,
        4.427923,
        3.982483,
        4.423331,
        3.938291,
        1.628244,
        4.494591000000001,
        4.312546,
        4.827477,
        0.966069,
        2.805253,
        3.7911770000000002,
        2.921202,
        3.418799,
        1.429522,
        4.41643,
        4.418804,
        3.4502420000000003,
        3.0129360000000003,
        2.748957,
        5.085259,
        2.908804,
        4.048704,
        4.137459,
        7.051465,
        3.884033
    ],
    [
        0.605975,
        3.2545129999999998,
        1.510556,
        2.210989,
        2.03484,
        0.916539,
        2.430641,
        0.0,
        2.4150810000000003,
        2.7313359999999998,
        1.699557,
        2.694846,
        2.993567,
        2.628147,
        2.988976,
        1.673728,
        1.11628,
        3.0642240000000003,
        2.98992,
        3.2862370000000003,
        2.283081,
        1.549337,
        2.4222390000000003,
        1.639815,
        2.088345,
        1.427557,
        3.17329,
        2.984448,
        2.165893,
        1.730499,
        1.338519,
        3.051707,
        2.819661,
        2.713964,
        2.7843139999999997,
        4.786900999999999,
        2.5493490000000003
    ],
    [
        2.989064,
        0.993189,
        0.985917,
        0.277399,
        0.607,
        2.334909,
        3.780303,
        2.4150810000000003,
        0.0,
        0.527146,
        1.987981,
        0.357114,
        0.740829,
        0.289191,
        0.7362369999999999,
        0.764405,
        3.124409,
        0.8074969999999999,
        0.737182,
        1.140382,
        3.634864,
        0.998167,
        0.08107500000000001,
        0.869345,
        0.384514,
        2.5770239999999998,
        0.911655,
        0.7317089999999999,
        0.379839,
        0.818658,
        1.2199559999999998,
        1.3981649999999999,
        1.6749049999999999,
        0.36160899999999996,
        0.446582,
        3.8693,
        0.198369
    ],
    [
        3.3180050000000003,
        0.531207,
        1.437028,
        0.730398,
        0.696496,
        2.772629,
        4.2180230000000005,
        2.7313359999999998,
        0.527146,
        0.0,
        2.4257,
        0.17003200000000002,
        0.27269099999999996,
        0.237955,
        0.2681,
        1.092842,
        3.575606,
        0.343348,
        0.269044,
        0.65236,
        4.072583,
        1.435886,
        0.44607100000000005,
        1.3204570000000002,
        0.837705,
        2.947933,
        0.444058,
        0.26357200000000003,
        0.8175589999999999,
        1.270754,
        1.657675,
        0.9156420000000001,
        2.045282,
        0.188714,
        0.080564,
        3.400909,
        0.354323
    ],
    [
        2.193502,
        2.65835,
        1.099576,
        1.7456559999999999,
        2.485727,
        1.231916,
        2.046591,
        1.699557,
        1.987981,
        2.4257,
        0.0,
        2.257666,
        2.6366709999999998,
        2.191231,
        2.6320799999999998,
        2.14704,
        2.2018649999999997,
        2.703339,
        2.467316,
        3.036225,
        2.3428090000000004,
        1.004209,
        1.999925,
        1.129951,
        1.627547,
        0.6363730000000001,
        2.5711999999999997,
        2.627552,
        1.65899,
        1.221684,
        0.957705,
        3.294008,
        1.105721,
        2.2574520000000002,
        2.3462069999999997,
        5.260212999999999,
        2.092781
    ],
    [
        3.268828,
        0.6514030000000001,
        1.267923,
        0.564311,
        0.866528,
        2.6035239999999997,
        4.0489180000000005,
        2.694846,
        0.357114,
        0.17003200000000002,
        2.257666,
        0.0,
        0.402669,
        0.067923,
        0.398078,
        1.0455699999999999,
        3.405574,
        0.46634699999999996,
        0.399022,
        0.782337,
        3.903712,
        1.2670160000000001,
        0.276039,
        1.151586,
        0.6688350000000001,
        2.845873,
        0.567914,
        0.39355,
        0.6506989999999999,
        1.101883,
        1.488804,
        1.0456189999999999,
        1.943754,
        0.07239799999999999,
        0.089468,
        3.570941,
        0.184004
    ],
    [
        3.580237,
        0.314899,
        1.6469280000000002,
        0.940298,
        0.9587279999999999,
        2.982529,
        4.427923,
        2.993567,
        0.740829,
        0.27269099999999996,
        2.6366709999999998,
        0.402669,
        0.0,
        0.45917,
        0.0045910000000000005,
        1.360376,
        3.796821,
        0.07065600000000001,
        0.209367,
        0.428998,
        4.276073,
        1.639376,
        0.653343,
        1.523946,
        1.0411949999999999,
        3.103826,
        0.245083,
        0.009119,
        1.014519,
        1.474243,
        1.861165,
        0.690024,
        2.201175,
        0.382216,
        0.308044,
        3.157916,
        0.547825
    ],
    [
        3.20213,
        0.7170890000000001,
        1.2014880000000001,
        0.496387,
        0.808507,
        2.537089,
        3.982483,
        2.628147,
        0.289191,
        0.237955,
        2.191231,
        0.067923,
        0.45917,
        0.0,
        0.460989,
        0.977647,
        3.3376509999999997,
        0.532248,
        0.461933,
        0.8502609999999999,
        3.837043,
        1.200347,
        0.20811500000000002,
        1.084917,
        0.603503,
        2.7795189999999996,
        0.635556,
        0.456461,
        0.583425,
        1.0352139999999999,
        1.422135,
        1.1135419999999998,
        1.8770850000000001,
        0.08704200000000001,
        0.157391,
        3.6388649999999996,
        0.11732
    ],
    [
        3.5756460000000003,
        0.31949,
        1.642337,
        0.935707,
        0.954136,
        2.977937,
        4.423331,
        2.988976,
        0.7362369999999999,
        0.2681,
        2.6320799999999998,
        0.398078,
        0.0045910000000000005,
        0.460989,
        0.0,
        1.355784,
        3.792229,
        0.07524800000000001,
        0.204775,
        0.433589,
        4.271481,
        1.6347850000000002,
        0.648751,
        1.519355,
        1.036604,
        3.099234,
        0.249674,
        0.004528,
        1.009927,
        1.469652,
        1.856573,
        0.694615,
        2.196583,
        0.377624,
        0.303452,
        3.162507,
        0.543233
    ],
    [
        2.2603969999999998,
        1.616019,
        1.108516,
        0.628347,
        0.396346,
        2.492897,
        3.938291,
        1.673728,
        0.764405,
        1.092842,
        2.14704,
        1.0455699999999999,
        1.360376,
        0.977647,
        1.355784,
        0.0,
        2.76675,
        1.42573,
        1.351427,
        1.647743,
        3.792852,
        1.156089,
        0.786768,
        1.019659,
        0.521752,
        2.731826,
        1.534796,
        1.3459539999999999,
        0.573971,
        0.9689719999999999,
        1.255678,
        1.413213,
        1.838889,
        1.065806,
        1.136155,
        3.5030680000000003,
        0.90119
    ],
    [
        0.5455829999999999,
        4.05474,
        2.230617,
        2.9310500000000004,
        3.127862,
        1.105241,
        1.628244,
        1.11628,
        3.124409,
        3.575606,
        2.2018649999999997,
        3.405574,
        3.796821,
        3.3376509999999997,
        3.792229,
        2.76675,
        0.0,
        3.867225,
        3.79691,
        4.184557,
        1.382577,
        2.25671,
        3.1423,
        2.347188,
        2.795719,
        1.89666,
        3.9670590000000003,
        3.795769,
        2.873266,
        2.437872,
        2.0458920000000003,
        4.1536610000000005,
        3.2901599999999998,
        3.421337,
        3.4916869999999998,
        5.881855,
        3.2567220000000003
    ],
    [
        3.650893,
        0.295769,
        1.713597,
        1.006966,
        1.029384,
        3.049197,
        4.494591000000001,
        3.0642240000000003,
        0.8074969999999999,
        0.343348,
        2.703339,
        0.46634699999999996,
        0.07065600000000001,
        0.532248,
        0.07524800000000001,
        1.42573,
        3.867225,
        0.0,
        0.280023,
        0.358342,
        4.346729,
        1.710032,
        0.7239990000000001,
        1.594603,
        1.1118510000000001,
        3.174482,
        0.24075,
        0.07977500000000001,
        1.085175,
        1.5449000000000002,
        1.931821,
        0.619368,
        2.271831,
        0.452872,
        0.381945,
        3.08726,
        0.618481
    ],
    [
        3.57659,
        0.302411,
        1.643281,
        0.9366509999999999,
        0.9550810000000001,
        2.978882,
        4.312546,
        2.98992,
        0.737182,
        0.269044,
        2.467316,
        0.399022,
        0.209367,
        0.461933,
        0.204775,
        1.351427,
        3.79691,
        0.280023,
        0.0,
        0.638365,
        4.279998,
        1.6433,
        0.657267,
        1.5278699999999998,
        1.042788,
        2.903866,
        0.21551499999999998,
        0.20024799999999998,
        1.010872,
        1.475837,
        1.865089,
        0.8993909999999999,
        2.0012149999999997,
        0.37856900000000004,
        0.309554,
        3.367283,
        0.544178
    ],
    [
        3.872906,
        0.465129,
        2.046482,
        1.339852,
        1.2513969999999999,
        3.382083,
        4.827477,
        3.2862370000000003,
        1.140382,
        0.65236,
        3.036225,
        0.782337,
        0.428998,
        0.8502609999999999,
        0.433589,
        1.647743,
        4.184557,
        0.358342,
        0.638365,
        0.0,
        4.686038,
        2.049342,
        1.058376,
        1.933912,
        1.451771,
        3.532824,
        0.599092,
        0.43811700000000003,
        1.4435170000000002,
        1.884209,
        2.271741,
        0.32274200000000003,
        2.6301729999999997,
        0.8112140000000001,
        0.6928690000000001,
        2.787789,
        0.976823
    ],
    [
        1.892763,
        4.532476,
        2.7464589999999998,
        3.392539,
        4.132611,
        1.41101,
        0.966069,
        2.283081,
        3.634864,
        4.072583,
        2.3428090000000004,
        3.903712,
        4.276073,
        3.837043,
        4.271481,
        3.792852,
        1.382577,
        4.346729,
        4.279998,
        4.686038,
        0.0,
        2.659814,
        3.645737,
        2.775763,
        3.2733600000000003,
        2.001987,
        4.4489849999999995,
        4.273364,
        3.3048029999999997,
        2.8674969999999997,
        2.6035169999999996,
        4.93982,
        3.447301,
        3.903264,
        3.99202,
        6.906026,
        3.738594
    ],
    [
        2.123319,
        1.895779,
        0.24152500000000002,
        0.755842,
        1.495914,
        1.359859,
        2.805253,
        1.549337,
        0.998167,
        1.435886,
        1.004209,
        1.2670160000000001,
        1.639376,
        1.200347,
        1.6347850000000002,
        1.156089,
        2.25671,
        1.710032,
        1.6433,
        2.049342,
        2.659814,
        0.0,
        1.00904,
        0.139066,
        0.635656,
        1.601052,
        1.812289,
        1.6366669999999999,
        0.656124,
        0.22975,
        0.247979,
        2.3031230000000003,
        1.3661210000000001,
        1.266568,
        1.355323,
        4.266612,
        1.101897
    ],
    [
        3.008909,
        0.912114,
        0.99679,
        0.288272,
        0.614414,
        2.3457820000000003,
        3.7911770000000002,
        2.4222390000000003,
        0.08107500000000001,
        0.44607100000000005,
        1.999925,
        0.276039,
        0.653343,
        0.20811500000000002,
        0.648751,
        0.786768,
        3.1423,
        0.7239990000000001,
        0.657267,
        1.058376,
        3.645737,
        1.00904,
        0.0,
        0.8802190000000001,
        0.395387,
        2.587897,
        0.8305800000000001,
        0.650634,
        0.390712,
        0.8295309999999999,
        1.230829,
        1.3170899999999999,
        1.685779,
        0.280534,
        0.365507,
        3.7882249999999997,
        0.117294
    ],
    [
        2.2137979999999997,
        1.780349,
        0.11657200000000001,
        0.621544,
        1.363389,
        1.475808,
        2.921202,
        1.639815,
        0.869345,
        1.3204570000000002,
        1.129951,
        1.151586,
        1.523946,
        1.084917,
        1.519355,
        1.019659,
        2.347188,
        1.594603,
        1.5278699999999998,
        1.933912,
        2.775763,
        0.139066,
        0.8802190000000001,
        0.0,
        0.504138,
        1.7147370000000002,
        1.696859,
        1.521238,
        0.5526760000000001,
        0.090684,
        0.339663,
        2.1876930000000003,
        1.274754,
        1.152655,
        1.2398930000000001,
        4.127988,
        0.986467
    ],
    [
        2.662328,
        1.297598,
        0.62071,
        0.136713,
        0.857183,
        1.973405,
        3.418799,
        2.088345,
        0.384514,
        0.837705,
        1.627547,
        0.6688350000000001,
        1.0411949999999999,
        0.603503,
        1.036604,
        0.521752,
        2.795719,
        1.1118510000000001,
        1.042788,
        1.451771,
        3.2733600000000003,
        0.635656,
        0.395387,
        0.504138,
        0.0,
        2.218751,
        1.213916,
        1.038295,
        0.077548,
        0.45345100000000005,
        0.843801,
        1.70475,
        1.316632,
        0.6681950000000001,
        0.760894,
        3.981369,
        0.503524
    ],
    [
        1.9044949999999998,
        3.094899,
        1.685433,
        2.336156,
        3.076438,
        0.942909,
        1.429522,
        1.427557,
        2.5770239999999998,
        2.947933,
        0.6363730000000001,
        2.845873,
        3.103826,
        2.7795189999999996,
        3.099234,
        2.731826,
        1.89666,
        3.174482,
        2.903866,
        3.532824,
        2.001987,
        1.601052,
        2.587897,
        1.7147370000000002,
        2.218751,
        0.0,
        3.0032010000000002,
        3.0901579999999997,
        2.243776,
        1.80647,
        1.542491,
        3.789301,
        1.497805,
        2.842238,
        2.881433,
        5.845,
        2.677567
    ],
    [
        3.75996,
        0.124629,
        1.813431,
        1.106801,
        1.13845,
        3.152504,
        4.41643,
        3.17329,
        0.911655,
        0.444058,
        2.5711999999999997,
        0.567914,
        0.245083,
        0.635556,
        0.249674,
        1.534796,
        3.9670590000000003,
        0.24075,
        0.21551499999999998,
        0.599092,
        4.4489849999999995,
        1.812289,
        0.8305800000000001,
        1.696859,
        1.213916,
        3.0032010000000002,
        0.0,
        0.254202,
        1.178025,
        1.6471559999999998,
        2.034077,
        0.847168,
        2.105098,
        0.545721,
        0.47819,
        3.330982,
        0.71133
    ],
    [
        3.571118,
        0.324018,
        1.637809,
        0.931179,
        0.949609,
        2.97341,
        4.418804,
        2.984448,
        0.7317089999999999,
        0.26357200000000003,
        2.627552,
        0.39355,
        0.009119,
        0.456461,
        0.004528,
        1.3459539999999999,
        3.795769,
        0.07977500000000001,
        0.20024799999999998,
        0.43811700000000003,
        4.273364,
        1.6366669999999999,
        0.650634,
        1.521238,
        1.038295,
        3.0901579999999997,
        0.254202,
        0.0,
        1.0054,
        1.465124,
        1.852046,
        0.6991430000000001,
        2.192055,
        0.373096,
        0.298925,
        3.167035,
        0.538705
    ],
    [
        2.739875,
        1.2615150000000002,
        0.6692469999999999,
        0.139387,
        0.9094009999999999,
        2.004848,
        3.4502420000000003,
        2.165893,
        0.379839,
        0.8175589999999999,
        1.65899,
        0.6506989999999999,
        1.014519,
        0.583425,
        1.009927,
        0.573971,
        2.873266,
        1.085175,
        1.010872,
        1.4435170000000002,
        3.3048029999999997,
        0.656124,
        0.390712,
        0.5526760000000001,
        0.077548,
        2.243776,
        1.178025,
        1.0054,
        0.0,
        0.502973,
        0.889894,
        1.6866679999999998,
        1.322438,
        0.632303,
        0.7388669999999999,
        4.058917,
        0.466694
    ],
    [
        2.304481,
        1.730646,
        0.207255,
        0.570857,
        1.312702,
        1.567542,
        3.0129360000000003,
        1.730499,
        0.818658,
        1.270754,
        1.221684,
        1.101883,
        1.474243,
        1.0352139999999999,
        1.469652,
        0.9689719999999999,
        2.437872,
        1.5449000000000002,
        1.475837,
        1.884209,
        2.8674969999999997,
        0.22975,
        0.8295309999999999,
        0.090684,
        0.45345100000000005,
        1.80647,
        1.6471559999999998,
        1.465124,
        0.502973,
        0.0,
        0.430347,
        2.13799,
        1.261418,
        1.101435,
        1.19019,
        4.077302,
        0.936764
    ],
    [
        1.912501,
        2.117567,
        0.30627499999999996,
        0.961207,
        1.60571,
        1.3035619999999999,
        2.748957,
        1.338519,
        1.2199559999999998,
        1.657675,
        0.957705,
        1.488804,
        1.861165,
        1.422135,
        1.856573,
        1.255678,
        2.0458920000000003,
        1.931821,
        1.865089,
        2.271741,
        2.6035169999999996,
        0.247979,
        1.230829,
        0.339663,
        0.843801,
        1.542491,
        2.034077,
        1.852046,
        0.889894,
        0.430347,
        0.0,
        2.5249119999999996,
        1.514292,
        1.488356,
        1.5771110000000002,
        4.368853,
        1.323685
    ],
    [
        3.638376,
        0.72277,
        2.304265,
        1.597635,
        1.016867,
        3.639865,
        5.085259,
        3.051707,
        1.3981649999999999,
        0.9156420000000001,
        3.294008,
        1.0456189999999999,
        0.690024,
        1.1135419999999998,
        0.694615,
        1.413213,
        4.1536610000000005,
        0.619368,
        0.8993909999999999,
        0.32274200000000003,
        4.93982,
        2.3031230000000003,
        1.3170899999999999,
        2.1876930000000003,
        1.70475,
        3.789301,
        0.847168,
        0.6991430000000001,
        1.6866679999999998,
        2.13799,
        2.5249119999999996,
        0.0,
        2.886689,
        1.067731,
        0.949386,
        2.4988040000000002,
        1.2333399999999999
    ],
    [
        3.393643,
        2.192248,
        1.389016,
        1.434038,
        2.1743200000000003,
        2.336409,
        2.908804,
        2.819661,
        1.6749049999999999,
        2.045282,
        1.105721,
        1.943754,
        2.201175,
        1.8770850000000001,
        2.196583,
        1.838889,
        3.2901599999999998,
        2.271831,
        2.0012149999999997,
        2.6301729999999997,
        3.447301,
        1.3661210000000001,
        1.685779,
        1.274754,
        1.316632,
        1.497805,
        2.105098,
        2.192055,
        1.322438,
        1.261418,
        1.514292,
        2.886689,
        0.0,
        1.958372,
        1.98333,
        4.960134,
        1.762939
    ],
    [
        3.287947,
        0.629211,
        1.267709,
        0.561079,
        0.88521,
        2.60331,
        4.048704,
        2.713964,
        0.36160899999999996,
        0.188714,
        2.2574520000000002,
        0.07239799999999999,
        0.382216,
        0.08704200000000001,
        0.377624,
        1.065806,
        3.421337,
        0.452872,
        0.37856900000000004,
        0.8112140000000001,
        3.903264,
        1.266568,
        0.280534,
        1.152655,
        0.6681950000000001,
        2.842238,
        0.545721,
        0.373096,
        0.632303,
        1.101435,
        1.488356,
        1.067731,
        1.958372,
        0.0,
        0.108151,
        3.5401309999999997,
        0.165609
    ],
    [
        3.3582959999999997,
        0.5653400000000001,
        1.356464,
        0.653779,
        0.77706,
        2.6929920000000003,
        4.137459,
        2.7843139999999997,
        0.446582,
        0.080564,
        2.3462069999999997,
        0.089468,
        0.308044,
        0.157391,
        0.303452,
        1.136155,
        3.4916869999999998,
        0.381945,
        0.309554,
        0.6928690000000001,
        3.99202,
        1.355323,
        0.365507,
        1.2398930000000001,
        0.760894,
        2.881433,
        0.47819,
        0.298925,
        0.7388669999999999,
        1.19019,
        1.5771110000000002,
        0.949386,
        1.98333,
        0.108151,
        0.0,
        3.481473,
        0.27376
    ],
    [
        5.373571,
        3.206585,
        4.221131000000001,
        4.1180829999999995,
        3.36634,
        5.606071,
        7.051465,
        4.786900999999999,
        3.8693,
        3.400909,
        5.260212999999999,
        3.570941,
        3.157916,
        3.6388649999999996,
        3.162507,
        3.5030680000000003,
        5.881855,
        3.08726,
        3.367283,
        2.787789,
        6.906026,
        4.266612,
        3.7882249999999997,
        4.127988,
        3.981369,
        5.845,
        3.330982,
        3.167035,
        4.058917,
        4.077302,
        4.368853,
        2.4988040000000002,
        4.960134,
        3.5401309999999997,
        3.481473,
        0.0,
        3.7255149999999997
    ],
    [
        3.1233310000000003,
        0.7948200000000001,
        1.103038,
        0.39640800000000004,
        0.728836,
        2.4386390000000002,
        3.884033,
        2.5493490000000003,
        0.198369,
        0.354323,
        2.092781,
        0.184004,
        0.547825,
        0.11732,
        0.543233,
        0.90119,
        3.2567220000000003,
        0.618481,
        0.544178,
        0.976823,
        3.738594,
        1.101897,
        0.117294,
        0.986467,
        0.503524,
        2.677567,
        0.71133,
        0.538705,
        0.466694,
        0.936764,
        1.323685,
        1.2333399999999999,
        1.762939,
        0.165609,
        0.27376,
        3.7255149999999997,
        0.0
    ]
]