[
  [
    0.0, 0.12668300000000002, 0.5902970000000001, 0.26911599999999997,
    0.17544300000000002, 0.967259, 0.125424, 0.735549, 0.417207,
    0.36520400000000003, 0.31781400000000004, 1.798294, 1.027209, 0.341854,
    0.150098, 1.213561, 1.6370440000000002, 0.8362200000000001, 0.139035,
    1.171529, 0.301522, 1.84498, 1.2784069999999998, 0.183837, 1.672006,
    1.38781, 0.045888, 0.144557, 0.391897, 1.008094, 0.175298, 0.330343,
    0.879004, 0.879141, 0.178857, 1.351596, 0.7065990000000001,
    0.22955699999999998, 0.179121, 1.091525
  ],
  [
    0.12668300000000002, 0.0, 0.46361399999999997, 0.142433,
    0.13835499999999998, 0.953577, 0.088336, 0.7986660000000001,
    0.29052300000000003, 0.32811599999999996, 0.280726, 1.6716110000000002,
    0.9005259999999999, 0.21517, 0.113011, 1.1764729999999999, 1.599956,
    0.7095370000000001, 0.012351, 1.157847, 0.264434, 1.718297, 1.241319,
    0.146749, 1.545323, 1.350722, 0.07287600000000001, 0.017873999999999998,
    0.26521300000000003, 0.9944120000000001, 0.158282, 0.316661, 0.865322,
    0.86546, 0.079786, 1.354733, 0.669511, 0.102873, 0.115481, 1.094661
  ],
  [
    0.5902970000000001, 0.46361399999999997, 0.0, 0.303388, 0.40332, 1.033212,
    0.410215, 1.1205450000000001, 0.15820599999999999, 0.45875099999999996,
    0.42723500000000003, 1.5392929999999998, 0.768208, 0.108319, 0.416854,
    1.26457, 1.373833, 0.577219, 0.309527, 1.225486, 0.586313, 1.585979,
    1.3249490000000002, 0.468628, 1.413005, 1.434352, 0.394754,
    0.30400499999999997, 0.132895, 1.112316, 0.364873, 0.514903, 0.932961,
    0.933098, 0.298119, 1.222415, 1.054635, 0.309464, 0.322072,
    0.9623440000000001
  ],
  [
    0.26911599999999997, 0.142433, 0.303388, 0.0, 0.26068, 0.885302, 0.230768,
    0.941099, 0.16372399999999998, 0.45044, 0.40305, 1.65312, 0.882035,
    0.196679, 0.23740799999999998, 1.298798, 1.4876610000000001, 0.691046,
    0.130081, 1.089572, 0.40686700000000003, 1.6998060000000002, 1.363644,
    0.289182, 1.5268320000000002, 1.473047, 0.215308, 0.124559,
    0.17358600000000002, 0.926138, 0.13162000000000001, 0.248387, 0.797048,
    0.7971849999999999, 0.093029, 1.26964, 0.811944, 0.062887,
    0.07383100000000001, 1.009568
  ],
  [
    0.17544300000000002, 0.13835499999999998, 0.40332, 0.26068, 0.0, 1.079135,
    0.047947000000000004, 0.849291, 0.408771, 0.18976099999999999, 0.14237,
    1.789858, 1.018773, 0.333418, 0.035366, 1.0381179999999999,
    1.4616010000000002, 0.7593070000000001, 0.15070699999999998, 1.283405,
    0.292676, 1.722076, 1.1029639999999998, 0.18837700000000002, 1.66357,
    1.212367, 0.157765, 0.156229, 0.383461, 1.1199700000000001, 0.296637,
    0.442219, 0.99088, 0.9910180000000001, 0.218141, 1.463473,
    0.7055629999999999, 0.24122900000000003, 0.253836, 1.2034010000000002
  ],
  [
    0.967259, 0.953577, 1.033212, 0.885302, 1.079135, 0.0, 1.029116, 1.559696,
    0.928724, 1.268896, 1.221506, 1.723718, 1.1484960000000002, 0.988629,
    1.053791, 2.1172530000000003, 2.010404, 1.21379, 0.955941, 0.530026,
    1.205214, 2.148488, 2.219306, 1.087529, 1.597429, 2.328709, 0.92137,
    0.950418, 0.938586, 0.37811900000000004, 0.884941, 0.805059, 0.254132,
    0.254269, 0.8885, 0.7673669999999999, 1.622779, 0.938926, 0.888764,
    0.9743590000000001
  ],
  [
    0.125424, 0.088336, 0.410215, 0.230768, 0.047947000000000004, 1.029116, 0.0,
    0.7992720000000001, 0.378859, 0.237707, 0.19031700000000001, 1.759947,
    0.988862, 0.303506, 0.024675, 1.086065, 1.509547, 0.807254, 0.100687,
    1.2333859999999999, 0.28198500000000004, 1.770023, 1.150911,
    0.14735499999999999, 1.6336579999999998, 1.2603140000000002, 0.107746,
    0.10621, 0.353549, 1.069951, 0.246618, 0.3922, 0.940861, 0.940998,
    0.16812100000000002, 1.413453, 0.6948719999999999, 0.191209, 0.203817,
    1.1533820000000001
  ],
  [
    0.735549, 0.7986660000000001, 1.1205450000000001, 0.941099, 0.849291,
    1.559696, 0.7992720000000001, 0.0, 1.08919, 0.945712, 0.973716, 2.386565,
    1.699192, 1.013837, 0.8239460000000001, 1.183722, 1.962854, 1.455921,
    0.811018, 1.7920989999999999, 0.647381, 2.2513389999999998, 1.564719,
    0.70537, 2.260277, 1.665127, 0.7178709999999999, 0.8165399999999999,
    1.0638800000000002, 1.433838, 0.847281, 1.002326, 1.499574, 1.499711,
    0.850841, 1.985672, 0.395137, 0.90154, 0.8511040000000001,
    1.7255999999999998
  ],
  [
    0.417207, 0.29052300000000003, 0.15820599999999999, 0.16372399999999998,
    0.408771, 0.928724, 0.378859, 1.08919, 0.0, 0.498102, 0.466586,
    1.4478820000000001, 0.676797, 0.07535299999999999, 0.38549900000000004,
    1.363643, 1.282423, 0.485808, 0.27817200000000003, 1.082729, 0.554958,
    1.494568, 1.424022, 0.437273, 1.3215940000000002, 1.533426, 0.363399,
    0.27265, 0.02531, 0.969559, 0.333518, 0.37214600000000003,
    0.7902039999999999, 0.790341, 0.266763, 1.131004, 0.9600339999999999,
    0.278109, 0.29071600000000003, 0.870933
  ],
  [
    0.36520400000000003, 0.32811599999999996, 0.45875099999999996, 0.45044,
    0.18976099999999999, 1.268896, 0.237707, 0.945712, 0.498102, 0.0, 0.209818,
    1.861379, 1.0920699999999999, 0.5227609999999999, 0.225126, 0.870165,
    1.293648, 0.591354, 0.34046699999999996, 1.473166, 0.38773599999999997,
    1.5541230000000001, 0.9350109999999999, 0.378138, 1.673136, 1.044414,
    0.347526, 0.345989, 0.547338, 1.309731, 0.486398, 0.63198, 1.180641,
    1.180778, 0.407901, 1.636857, 0.617691, 0.43098899999999996,
    0.44359699999999996, 1.376786
  ],
  [
    0.31781400000000004, 0.280726, 0.42723500000000003, 0.40305, 0.14237,
    1.221506, 0.19031700000000001, 0.973716, 0.466586, 0.209818, 0.0,
    1.7495820000000002, 0.978497, 0.29314100000000004, 0.340549,
    1.2089729999999999, 1.4995619999999998, 0.7356929999999999, 0.289578,
    1.370946, 0.529457, 1.714058, 1.273818, 0.448679, 1.6232929999999999,
    1.383222, 0.374805, 0.284056, 0.34318400000000004, 1.207511,
    0.34492399999999995, 0.52976, 1.078421, 1.078558, 0.278169, 1.432704,
    0.956499, 0.28951499999999997, 0.302122, 1.1726320000000001
  ],
  [
    1.798294, 1.6716110000000002, 1.5392929999999998, 1.65312, 1.789858,
    1.723718, 1.759947, 2.386565, 1.4478820000000001, 1.861379,
    1.7495820000000002, 0.0, 0.783591, 1.4689459999999999, 1.7790920000000001,
    2.367175, 1.799728, 1.422038, 1.671766, 1.777048, 1.948551, 1.395669,
    2.441259, 1.8308659999999999, 0.306123, 2.5763220000000002,
    1.7127940000000001, 1.666243, 1.483787, 2.057169, 1.727111, 1.546218,
    1.623467, 1.623604, 1.6603569999999999, 1.14109, 2.402846, 1.671702,
    1.68431, 0.869388
  ],
  [
    1.027209, 0.9005259999999999, 0.768208, 0.882035, 1.018773,
    1.1484960000000002, 0.988862, 1.699192, 0.676797, 1.0920699999999999,
    0.978497, 0.783591, 0.0, 0.685356, 0.995501, 1.583584, 1.189195, 0.638447,
    0.8881749999999999, 1.225429, 1.16496, 1.247906, 1.689446,
    1.0472750000000002, 0.6501330000000001, 1.824509, 0.973402, 0.882652,
    0.700196, 1.481948, 0.94352, 0.946106, 1.048246, 1.048383,
    0.8767659999999999, 0.739279, 1.619255, 0.888111, 0.900719, 0.32076
  ],
  [
    0.341854, 0.21517, 0.108319, 0.196679, 0.333418, 0.988629, 0.303506,
    1.013837, 0.07535299999999999, 0.5227609999999999, 0.29314100000000004,
    1.4689459999999999, 0.685356, 0.0, 0.31014600000000003, 1.28829, 1.290981,
    0.494367, 0.202819, 1.142634, 0.479605, 1.5031269999999999,
    1.3486690000000001, 0.36192, 1.330152, 1.4580730000000002,
    0.28804599999999997, 0.197297, 0.050043, 1.029464, 0.25816500000000003,
    0.43205099999999996, 0.850109, 0.850246, 0.19141, 1.139562, 0.884681,
    0.202756, 0.215363, 0.879491
  ],
  [
    0.150098, 0.113011, 0.416854, 0.23740799999999998, 0.035366, 1.053791,
    0.024675, 0.8239460000000001, 0.38549900000000004, 0.225126, 0.340549,
    1.7790920000000001, 0.995501, 0.31014600000000003, 0.0, 1.073499,
    1.4969659999999998, 0.794672, 0.125362, 1.2580609999999999, 0.257298,
    1.757441, 1.138329, 0.165105, 1.640298, 1.247733, 0.13241999999999998,
    0.13088399999999997, 0.36018900000000004, 1.0946259999999999, 0.253257,
    0.416875, 0.965536, 0.965673, 0.174761, 1.449708, 0.6701849999999999,
    0.197849, 0.21045599999999998, 1.1896369999999998
  ],
  [
    1.213561, 1.1764729999999999, 1.26457, 1.298798, 1.0381179999999999,
    2.1172530000000003, 1.086065, 1.183722, 1.363643, 0.870165,
    1.2089729999999999, 2.367175, 1.583584, 1.28829, 1.073499, 0.0, 1.110249,
    1.082868, 1.183973, 2.3531880000000003, 0.989623, 1.6319860000000002,
    0.487024, 1.059686, 2.126558, 0.48140499999999997, 1.191031, 1.189495,
    1.27931, 2.1532370000000003, 1.329903, 1.475485, 2.060663, 2.0608, 1.251407,
    2.26013, 0.855701, 1.274495, 1.2871020000000002, 2.000059
  ],
  [
    1.6370440000000002, 1.599956, 1.373833, 1.4876610000000001,
    1.4616010000000002, 2.010404, 1.509547, 1.962854, 1.282423, 1.293648,
    1.4995619999999998, 1.799728, 1.189195, 1.290981, 1.4969659999999998,
    1.110249, 0.0, 0.796614, 1.3581800000000002, 2.204665, 1.662378, 0.641183,
    0.623225, 1.51728, 1.4675989999999999, 0.726844, 1.4434069999999999,
    1.352657, 1.181548, 2.160969, 1.4135250000000001, 1.563556,
    1.9121400000000002, 1.912277, 1.346771, 1.928474, 1.627743,
    1.3581159999999999, 1.3707239999999998, 1.509955
  ],
  [
    0.8362200000000001, 0.7095370000000001, 0.577219, 0.691046,
    0.7593070000000001, 1.21379, 0.807254, 1.455921, 0.485808, 0.591354,
    0.7356929999999999, 1.422038, 0.638447, 0.494367, 0.794672, 1.082868,
    0.796614, 0.0, 0.5615650000000001, 1.408051, 0.838351, 1.00876, 1.053866,
    0.720666, 1.221289, 1.16327, 0.646792, 0.556043, 0.38493299999999997,
    1.364354, 0.616911, 0.766941, 1.115526, 1.115663, 0.550156,
    1.3149929999999999, 1.118539, 0.561502, 0.57411, 1.054922
  ],
  [
    0.139035, 0.012351, 0.309527, 0.130081, 0.15070699999999998, 0.955941,
    0.100687, 0.811018, 0.27817200000000003, 0.34046699999999996, 0.289578,
    1.671766, 0.8881749999999999, 0.202819, 0.125362, 1.183973,
    1.3581800000000002, 0.5615650000000001, 0.0, 1.160211, 0.276786, 1.705946,
    1.25367, 0.159101, 1.532971, 1.3630740000000001, 0.085227, 0.005522,
    0.252862, 0.996776, 0.145931, 0.319025, 0.8676860000000001, 0.867823,
    0.067434, 1.342381, 0.681862, 0.090522, 0.10313, 1.0823099999999999
  ],
  [
    1.171529, 1.157847, 1.225486, 1.089572, 1.283405, 0.530026,
    1.2333859999999999, 1.7920989999999999, 1.082729, 1.473166, 1.370946,
    1.777048, 1.225429, 1.142634, 1.2580609999999999, 2.3531880000000003,
    2.204665, 1.408051, 1.160211, 0.0, 1.409484, 2.397891, 2.468708, 1.291799,
    1.698295, 2.578112, 1.1256400000000002, 1.1546880000000002,
    1.0925909999999999, 0.6429750000000001, 1.089211, 0.9590639999999999,
    0.6927859999999999, 0.692923, 1.092771, 0.635039, 1.855181,
    1.1431959999999999, 1.093034, 0.978568
  ],
  [
    0.301522, 0.264434, 0.586313, 0.40686700000000003, 0.292676, 1.205214,
    0.28198500000000004, 0.647381, 0.554958, 0.38773599999999997, 0.529457,
    1.948551, 1.16496, 0.479605, 0.257298, 0.989623, 1.662378, 0.838351,
    0.276786, 1.409484, 0.0, 1.942491, 1.297384, 0.117685, 1.809757, 1.406787,
    0.283844, 0.282308, 0.529648, 1.246049, 0.422716, 0.568298, 1.116959,
    1.117097, 0.34422, 1.5895519999999999, 0.464772, 0.36730799999999997,
    0.379915, 1.32948
  ],
  [
    1.84498, 1.718297, 1.585979, 1.6998060000000002, 1.722076, 2.148488,
    1.770023, 2.2513389999999998, 1.494568, 1.5541230000000001, 1.714058,
    1.395669, 1.247906, 1.5031269999999999, 1.757441, 1.6319860000000002,
    0.641183, 1.00876, 1.705946, 2.397891, 1.942491, 0.0, 1.25442,
    1.7348620000000001, 1.053805, 1.358039, 1.6609880000000001, 1.570239,
    1.3991289999999998, 2.37855, 1.6311069999999999, 1.781137, 2.047043,
    2.04718, 1.564353, 1.928663, 1.9239570000000001, 1.575698, 1.588306,
    1.510144
  ],
  [
    1.2784069999999998, 1.241319, 1.3249490000000002, 1.363644,
    1.1029639999999998, 2.219306, 1.150911, 1.564719, 1.424022,
    0.9350109999999999, 1.273818, 2.441259, 1.689446, 1.3486690000000001,
    1.138329, 0.487024, 0.623225, 1.053866, 1.25367, 2.468708, 1.297384,
    1.25442, 0.0, 1.283104, 2.076703, 0.231744, 1.252492, 1.250956, 1.32888,
    2.214697, 1.391364, 1.536946, 2.112805, 2.112942, 1.312868, 2.312272,
    1.240256, 1.335955, 1.3485630000000002, 1.922736
  ],
  [
    0.183837, 0.146749, 0.468628, 0.289182, 0.18837700000000002, 1.087529,
    0.14735499999999999, 0.70537, 0.437273, 0.378138, 0.448679,
    1.8308659999999999, 1.0472750000000002, 0.36192, 0.165105, 1.059686,
    1.51728, 0.720666, 0.159101, 1.291799, 0.117685, 1.7348620000000001,
    1.283104, 0.0, 1.6920719999999998, 1.400744, 0.166159, 0.164623, 0.411963,
    1.128365, 0.305031, 0.450613, 0.999274, 0.9994120000000001, 0.226535,
    1.471866, 0.522762, 0.24962299999999998, 0.26223, 1.2117950000000002
  ],
  [
    1.672006, 1.545323, 1.413005, 1.5268320000000002, 1.66357, 1.597429,
    1.6336579999999998, 2.260277, 1.3215940000000002, 1.673136,
    1.6232929999999999, 0.306123, 0.6501330000000001, 1.330152, 1.640298,
    2.126558, 1.4675989999999999, 1.221289, 1.532971, 1.698295, 1.809757,
    1.053805, 2.076703, 1.6920719999999998, 0.0, 2.2701979999999997,
    1.5865060000000002, 1.504274, 1.321818, 1.930881, 1.565142,
    1.4199300000000001, 1.497179, 1.497316, 1.4983879999999998, 1.062337,
    2.1981930000000003, 1.509733, 1.522341, 0.7431
  ],
  [
    1.38781, 1.350722, 1.434352, 1.473047, 1.212367, 2.328709,
    1.2603140000000002, 1.665127, 1.533426, 1.044414, 1.383222,
    2.5763220000000002, 1.824509, 1.4580730000000002, 1.247733,
    0.48140499999999997, 0.726844, 1.16327, 1.3630740000000001, 2.578112,
    1.406787, 1.358039, 0.231744, 1.400744, 2.2701979999999997, 0.0, 1.361895,
    1.3603589999999999, 1.438283, 2.324101, 1.500768, 1.64635, 2.222208,
    2.222345, 1.422271, 2.4216759999999997, 1.337107, 1.4453589999999998,
    1.457967, 2.03214
  ],
  [
    0.045888, 0.07287600000000001, 0.394754, 0.215308, 0.157765, 0.92137,
    0.107746, 0.7178709999999999, 0.363399, 0.347526, 0.374805,
    1.7127940000000001, 0.973402, 0.28804599999999997, 0.13241999999999998,
    1.191031, 1.4434069999999999, 0.646792, 0.085227, 1.1256400000000002,
    0.283844, 1.6609880000000001, 1.252492, 0.166159, 1.5865060000000002,
    1.361895, 0.0, 0.090749, 0.338089, 0.9622050000000001, 0.129409, 0.284454,
    0.833115, 0.833253, 0.132969, 1.3057070000000002, 0.688921, 0.183395,
    0.133232, 1.045636
  ],
  [
    0.144557, 0.017873999999999998, 0.30400499999999997, 0.124559, 0.156229,
    0.950418, 0.10621, 0.8165399999999999, 0.27265, 0.345989, 0.284056,
    1.666243, 0.882652, 0.197297, 0.13088399999999997, 1.189495, 1.352657,
    0.556043, 0.005522, 1.1546880000000002, 0.282308, 1.570239, 1.250956,
    0.164623, 1.504274, 1.3603589999999999, 0.090749, 0.0, 0.24734, 0.991253,
    0.14040899999999998, 0.313502, 0.862164, 0.8623010000000001, 0.061912,
    1.336859, 0.687385, 0.085, 0.097607, 1.076788
  ],
  [
    0.391897, 0.26521300000000003, 0.132895, 0.17358600000000002, 0.383461,
    0.938586, 0.353549, 1.0638800000000002, 0.02531, 0.547338,
    0.34318400000000004, 1.483787, 0.700196, 0.050043, 0.36018900000000004,
    1.27931, 1.181548, 0.38493299999999997, 0.252862, 1.0925909999999999,
    0.529648, 1.3991289999999998, 1.32888, 0.411963, 1.321818, 1.438283,
    0.338089, 0.24734, 0.0, 0.9794210000000001, 0.30820800000000004,
    0.38200799999999996, 0.800066, 0.800203, 0.241453, 1.154403, 0.934724,
    0.252799, 0.26540600000000003, 0.894331
  ],
  [
    1.008094, 0.9944120000000001, 1.112316, 0.926138, 1.1199700000000001,
    0.37811900000000004, 1.069951, 1.433838, 0.969559, 1.309731, 1.207511,
    2.057169, 1.481948, 1.029464, 1.0946259999999999, 2.1532370000000003,
    2.160969, 1.364354, 0.996776, 0.6429750000000001, 1.246049, 2.37855,
    2.214697, 1.128365, 1.930881, 2.324101, 0.9622050000000001, 0.991253,
    0.9794210000000001, 0.0, 0.9257759999999999, 0.845894, 0.5809059999999999,
    0.580769, 0.929335, 1.145486, 1.663614, 0.979761, 0.9295990000000001,
    1.352478
  ],
  [
    0.175298, 0.158282, 0.364873, 0.13162000000000001, 0.296637, 0.884941,
    0.246618, 0.847281, 0.333518, 0.486398, 0.34492399999999995, 1.727111,
    0.94352, 0.25816500000000003, 0.253257, 1.329903, 1.4135250000000001,
    0.616911, 0.145931, 1.089211, 0.422716, 1.6311069999999999, 1.391364,
    0.305031, 1.565142, 1.500768, 0.129409, 0.14040899999999998,
    0.30820800000000004, 0.9257759999999999, 0.0, 0.248025, 0.796686, 0.796823,
    0.105828, 1.2692780000000001, 0.827793, 0.080994, 0.057789, 1.009206
  ],
  [
    0.330343, 0.316661, 0.514903, 0.248387, 0.442219, 0.805059, 0.3922,
    1.002326, 0.37214600000000003, 0.63198, 0.52976, 1.546218, 0.946106,
    0.43205099999999996, 0.416875, 1.475485, 1.563556, 0.766941, 0.319025,
    0.9590639999999999, 0.568298, 1.781137, 1.536946, 0.450613,
    1.4199300000000001, 1.64635, 0.284454, 0.313502, 0.38200799999999996,
    0.845894, 0.248025, 0.0, 0.666539, 0.6666770000000001, 0.25158400000000003,
    1.1391310000000001, 0.973375, 0.30201, 0.251848, 0.87906
  ],
  [
    0.879004, 0.865322, 0.932961, 0.797048, 0.99088, 0.254132, 0.940861,
    1.499574, 0.7902039999999999, 1.180641, 1.078421, 1.623467, 1.048246,
    0.850109, 0.965536, 2.060663, 1.9121400000000002, 1.115526,
    0.8676860000000001, 0.6927859999999999, 1.116959, 2.047043, 2.112805,
    0.999274, 1.497179, 2.222208, 0.833115, 0.862164, 0.800066,
    0.5809059999999999, 0.796686, 0.666539, 0.0, 0.00013700000000000002,
    0.820941, 0.918154, 1.55522, 0.871367, 0.8212039999999999, 0.962502
  ],
  [
    0.879141, 0.86546, 0.933098, 0.7971849999999999, 0.9910180000000001,
    0.254269, 0.940998, 1.499711, 0.790341, 1.180778, 1.078558, 1.623604,
    1.048383, 0.850246, 0.965673, 2.0608, 1.912277, 1.115663, 0.867823,
    0.692923, 1.117097, 2.04718, 2.112942, 0.9994120000000001, 1.497316,
    2.222345, 0.833253, 0.8623010000000001, 0.800203, 0.580769, 0.796823,
    0.6666770000000001, 0.00013700000000000002, 0.0, 0.820804,
    0.9182910000000001, 1.555083, 0.8712300000000001, 0.821067,
    0.9626399999999999
  ],
  [
    0.178857, 0.079786, 0.298119, 0.093029, 0.218141, 0.8885,
    0.16812100000000002, 0.850841, 0.266763, 0.407901, 0.278169,
    1.6603569999999999, 0.8767659999999999, 0.19141, 0.174761, 1.251407,
    1.346771, 0.550156, 0.067434, 1.092771, 0.34422, 1.564353, 1.312868,
    0.226535, 1.4983879999999998, 1.422271, 0.132969, 0.061912, 0.241453,
    0.929335, 0.105828, 0.25158400000000003, 0.820941, 0.820804, 0.0, 1.272838,
    0.7492960000000001, 0.050419, 0.063027, 1.012766
  ],
  [
    1.351596, 1.354733, 1.222415, 1.26964, 1.463473, 0.7673669999999999,
    1.413453, 1.985672, 1.131004, 1.636857, 1.432704, 1.14109, 0.739279,
    1.139562, 1.449708, 2.26013, 1.928474, 1.3149929999999999, 1.342381,
    0.635039, 1.5895519999999999, 1.928663, 2.312272, 1.471866, 1.062337,
    2.4216759999999997, 1.3057070000000002, 1.336859, 1.154403, 1.145486,
    1.2692780000000001, 1.1391310000000001, 0.918154, 0.9182910000000001,
    1.272838, 0.0, 2.042645, 1.337251, 1.287089, 0.43752300000000005
  ],
  [
    0.7065990000000001, 0.669511, 1.054635, 0.811944, 0.7055629999999999,
    1.622779, 0.6948719999999999, 0.395137, 0.9600339999999999, 0.617691,
    0.956499, 2.402846, 1.619255, 0.884681, 0.6701849999999999, 0.855701,
    1.627743, 1.118539, 0.681862, 1.855181, 0.464772, 1.9239570000000001,
    1.240256, 0.522762, 2.1981930000000003, 1.337107, 0.688921, 0.687385,
    0.934724, 1.663614, 0.827793, 0.973375, 1.55522, 1.555083,
    0.7492960000000001, 2.042645, 0.0, 0.772384, 0.7849919999999999, 1.788683
  ],
  [
    0.22955699999999998, 0.102873, 0.309464, 0.062887, 0.24122900000000003,
    0.938926, 0.191209, 0.90154, 0.278109, 0.43098899999999996,
    0.28951499999999997, 1.671702, 0.888111, 0.202756, 0.197849, 1.274495,
    1.3581159999999999, 0.561502, 0.090522, 1.1431959999999999,
    0.36730799999999997, 1.575698, 1.335955, 0.24962299999999998, 1.509733,
    1.4453589999999998, 0.183395, 0.085, 0.252799, 0.979761, 0.080994, 0.30201,
    0.871367, 0.8712300000000001, 0.050419, 1.337251, 0.772384, 0.0, 0.038193,
    1.0486579999999999
  ],
  [
    0.179121, 0.115481, 0.322072, 0.07383100000000001, 0.253836, 0.888764,
    0.203817, 0.8511040000000001, 0.29071600000000003, 0.44359699999999996,
    0.302122, 1.68431, 0.900719, 0.215363, 0.21045599999999998,
    1.2871020000000002, 1.3707239999999998, 0.57411, 0.10313, 1.093034,
    0.379915, 1.588306, 1.3485630000000002, 0.26223, 1.522341, 1.457967,
    0.133232, 0.097607, 0.26540600000000003, 0.9295990000000001, 0.057789,
    0.251848, 0.8212039999999999, 0.821067, 0.063027, 1.287089,
    0.7849919999999999, 0.038193, 0.0, 1.013029
  ],
  [
    1.091525, 1.094661, 0.9623440000000001, 1.009568, 1.2034010000000002,
    0.9743590000000001, 1.1533820000000001, 1.7255999999999998, 0.870933,
    1.376786, 1.1726320000000001, 0.869388, 0.32076, 0.879491,
    1.1896369999999998, 2.000059, 1.509955, 1.054922, 1.0823099999999999,
    0.978568, 1.32948, 1.510144, 1.922736, 1.2117950000000002, 0.7431, 2.03214,
    1.045636, 1.076788, 0.894331, 1.352478, 1.009206, 0.87906, 0.962502,
    0.9626399999999999, 1.012766, 0.43752300000000005, 1.788683,
    1.0486579999999999, 1.013029, 0.0
  ]
]
