[
    [
        0.0,
        0.552685,
        1.390884,
        0.713294,
        0.455568,
        1.5172560000000002,
        1.497464,
        0.571491,
        2.4067600000000002,
        1.5892739999999999,
        0.190875,
        1.9397280000000001,
        1.591205,
        0.451278,
        1.832343,
        2.275027,
        3.61645,
        2.513049,
        2.096336,
        2.576326
    ],
    [
        0.552685,
        0.0,
        0.254175,
        0.596841,
        0.716352,
        1.881087,
        0.930035,
        0.055444,
        2.0032200000000002,
        1.0713119999999998,
        0.361811,
        1.45631,
        0.762506,
        0.279291,
        1.13626,
        2.538494,
        3.0928519999999997,
        2.764526,
        1.59527,
        2.07526
    ],
    [
        1.390884,
        0.254175,
        0.0,
        0.954312,
        1.549782,
        2.226029,
        0.752088,
        0.30962,
        1.926622,
        0.994715,
        1.199405,
        1.309596,
        0.521324,
        0.937414,
        0.886811,
        2.638149,
        2.896544,
        2.687929,
        1.518673,
        1.998663
    ],
    [
        0.713294,
        0.596841,
        0.954312,
        0.0,
        0.7735339999999999,
        2.189419,
        1.6083219999999998,
        0.619899,
        2.880935,
        1.949027,
        0.52242,
        2.165829,
        1.154633,
        0.31755,
        1.6629159999999998,
        2.947862,
        3.000482,
        3.185212,
        2.472985,
        2.9829369999999997
    ],
    [
        0.455568,
        0.716352,
        1.549782,
        0.7735339999999999,
        0.0,
        1.472173,
        1.8488740000000001,
        0.735158,
        2.758171,
        1.940685,
        0.354541,
        2.291138,
        1.750103,
        0.6149450000000001,
        2.1837530000000003,
        2.6264369999999997,
        3.741247,
        2.8644600000000002,
        2.4477469999999997,
        2.927737
    ],
    [
        1.5172560000000002,
        1.881087,
        2.226029,
        2.189419,
        1.472173,
        0.0,
        2.1673310000000003,
        1.960209,
        2.818449,
        2.2075329999999997,
        1.7046320000000001,
        2.557869,
        2.457967,
        1.965035,
        2.517846,
        1.579626,
        4.600675,
        2.189584,
        2.7776140000000002,
        3.221904
    ],
    [
        1.497464,
        0.930035,
        0.752088,
        1.6083219999999998,
        1.8488740000000001,
        2.1673310000000003,
        0.0,
        0.985479,
        1.4994280000000002,
        0.481161,
        1.639327,
        0.583495,
        0.747011,
        1.591462,
        0.553542,
        2.5336860000000003,
        2.4915610000000004,
        2.260372,
        0.905702,
        1.400603
    ],
    [
        0.571491,
        0.055444,
        0.30962,
        0.619899,
        0.735158,
        1.960209,
        0.985479,
        0.0,
        2.0586640000000003,
        1.126757,
        0.38061700000000004,
        1.5117539999999998,
        0.8179500000000001,
        0.298097,
        1.1917039999999999,
        2.593938,
        3.1482959999999998,
        2.8199699999999996,
        1.650714,
        2.131455
    ],
    [
        2.4067600000000002,
        2.0032200000000002,
        1.926622,
        2.880935,
        2.758171,
        2.818449,
        1.4994280000000002,
        2.0586640000000003,
        0.0,
        1.010349,
        2.5186100000000002,
        1.199798,
        2.099885,
        2.779013,
        1.635282,
        1.516533,
        3.288813,
        0.904886,
        0.7314189999999999,
        0.9140929999999999
    ],
    [
        1.5892739999999999,
        1.0713119999999998,
        0.994715,
        1.949027,
        1.940685,
        2.2075329999999997,
        0.481161,
        1.126757,
        1.010349,
        0.0,
        1.759261,
        0.366387,
        1.176617,
        1.943128,
        0.783029,
        2.177664,
        2.611906,
        1.843887,
        0.538005,
        1.017996
    ],
    [
        0.190875,
        0.361811,
        1.199405,
        0.52242,
        0.354541,
        1.7046320000000001,
        1.639327,
        0.38061700000000004,
        2.5186100000000002,
        1.759261,
        0.0,
        2.089471,
        1.4003299999999999,
        0.260403,
        1.9099439999999999,
        2.42477,
        3.425576,
        2.662793,
        2.24608,
        2.72607
    ],
    [
        1.9397280000000001,
        1.45631,
        1.309596,
        2.165829,
        2.291138,
        2.557869,
        0.583495,
        1.5117539999999998,
        1.199798,
        0.366387,
        2.089471,
        0.0,
        1.081019,
        2.127207,
        0.604529,
        2.517843,
        2.3852420000000003,
        2.0874989999999998,
        0.519506,
        0.8432759999999999
    ],
    [
        1.591205,
        0.762506,
        0.521324,
        1.154633,
        1.750103,
        2.457967,
        0.747011,
        0.8179500000000001,
        2.099885,
        1.176617,
        1.4003299999999999,
        1.081019,
        0.0,
        1.100264,
        0.511157,
        2.881115,
        2.3359409999999996,
        2.979145,
        1.411152,
        1.880693
    ],
    [
        0.451278,
        0.279291,
        0.937414,
        0.31755,
        0.6149450000000001,
        1.965035,
        1.591462,
        0.298097,
        2.779013,
        1.943128,
        0.260403,
        2.127207,
        1.100264,
        0.0,
        1.647349,
        2.685173,
        3.19334,
        2.923196,
        2.456087,
        2.9667890000000003
    ],
    [
        1.832343,
        1.13626,
        0.886811,
        1.6629159999999998,
        2.1837530000000003,
        2.517846,
        0.553542,
        1.1917039999999999,
        1.635282,
        0.783029,
        1.9099439999999999,
        0.604529,
        0.511157,
        1.647349,
        0.0,
        2.948658,
        2.12397,
        2.5200880000000003,
        0.952096,
        1.421637
    ],
    [
        2.275027,
        2.538494,
        2.638149,
        2.947862,
        2.6264369999999997,
        1.579626,
        2.5336860000000003,
        2.593938,
        1.516533,
        2.177664,
        2.42477,
        2.517843,
        2.881115,
        2.685173,
        2.948658,
        0.0,
        4.71073,
        0.883097,
        2.056265,
        2.475972
    ],
    [
        3.61645,
        3.0928519999999997,
        2.896544,
        3.000482,
        3.741247,
        4.600675,
        2.4915610000000004,
        3.1482959999999998,
        3.288813,
        2.611906,
        3.425576,
        2.3852420000000003,
        2.3359409999999996,
        3.19334,
        2.12397,
        4.71073,
        0.0,
        4.234388,
        2.800679,
        2.472742
    ],
    [
        2.513049,
        2.764526,
        2.687929,
        3.185212,
        2.8644600000000002,
        2.189584,
        2.260372,
        2.8199699999999996,
        0.904886,
        1.843887,
        2.662793,
        2.0874989999999998,
        2.979145,
        2.923196,
        2.5200880000000003,
        0.883097,
        4.234388,
        0.0,
        1.502262,
        1.818528
    ],
    [
        2.096336,
        1.59527,
        1.518673,
        2.472985,
        2.4477469999999997,
        2.7776140000000002,
        0.905702,
        1.650714,
        0.7314189999999999,
        0.538005,
        2.24608,
        0.519506,
        1.411152,
        2.456087,
        0.952096,
        2.056265,
        2.800679,
        1.502262,
        0.0,
        0.605862
    ],
    [
        2.576326,
        2.07526,
        1.998663,
        2.9829369999999997,
        2.927737,
        3.221904,
        1.400603,
        2.131455,
        0.9140929999999999,
        1.017996,
        2.72607,
        0.8432759999999999,
        1.880693,
        2.9667890000000003,
        1.421637,
        2.475972,
        2.472742,
        1.818528,
        0.605862,
        0.0
    ]
]