[
    [
        0.0,
        1.4103620000000001,
        0.6204850000000001,
        2.535055,
        0.782383,
        1.6201969999999999,
        0.634201,
        0.6608630000000001,
        3.489262
    ],
    [
        1.4103620000000001,
        0.0,
        0.816913,
        1.3288879999999998,
        2.094004,
        2.561929,
        1.916129,
        1.942791,
        2.087345
    ],
    [
        0.6204850000000001,
        0.816913,
        0.0,
        2.189711,
        1.307146,
        2.115267,
        1.12927,
        1.155932,
        2.90466
    ],
    [
        2.535055,
        1.3288879999999998,
        2.189711,
        0.0,
        2.449498,
        2.792471,
        2.246614,
        2.288103,
        1.5260070000000001
    ],
    [
        0.782383,
        2.094004,
        1.307146,
        2.449498,
        0.0,
        1.2719179999999999,
        0.555366,
        0.400221,
        3.8544029999999996
    ],
    [
        1.6201969999999999,
        2.561929,
        2.115267,
        2.792471,
        1.2719179999999999,
        0.0,
        1.03696,
        1.108268,
        4.176938
    ],
    [
        0.634201,
        1.916129,
        1.12927,
        2.246614,
        0.555366,
        1.03696,
        0.0,
        0.206754,
        3.651519
    ],
    [
        0.6608630000000001,
        1.942791,
        1.155932,
        2.288103,
        0.400221,
        1.108268,
        0.206754,
        0.0,
        3.693009
    ],
    [
        3.489262,
        2.087345,
        2.90466,
        1.5260070000000001,
        3.8544029999999996,
        4.176938,
        3.651519,
        3.693009,
        0.0
    ]
]