[
    [
        0.0,
        1.396978,
        0.511252,
        1.3137480000000001,
        0.253951,
        1.695466,
        1.5314079999999999,
        1.501493,
        1.24362,
        1.2236969999999998,
        2.982169,
        1.64631,
        1.888234,
        3.030606,
        1.7965309999999999,
        1.454407,
        3.435794,
        1.510711,
        1.513508,
        0.424707,
        2.7846149999999996,
        1.4702950000000001,
        1.732368,
        2.868127,
        0.73665,
        2.67746,
        2.226698,
        1.611588,
        1.6065820000000002,
        1.934966,
        1.630423,
        1.6417840000000001,
        2.384246,
        1.9857470000000002,
        3.8240920000000003,
        1.324678,
        1.566297,
        1.5651410000000001,
        1.5073599999999998,
        1.714121,
        0.381591,
        1.5123199999999999,
        1.507872,
        2.785752,
        1.5348510000000002,
        1.635383,
        2.989494,
        1.93485,
        1.624798,
        1.513461,
        1.281749,
        1.120654,
        2.234689,
        3.072128,
        1.065536,
        1.4729729999999999,
        1.029982,
        1.950132,
        1.335894
    ],
    [
        1.396978,
        0.0,
        0.885726,
        1.240079,
        1.143027,
        1.81775,
        1.45774,
        1.501598,
        1.869816,
        2.1325320000000003,
        2.699125,
        2.024303,
        2.042747,
        2.768919,
        1.951044,
        1.894879,
        3.241626,
        1.865019,
        1.311559,
        1.411548,
        2.522927,
        1.159719,
        1.439781,
        1.937386,
        0.6603289999999999,
        3.450301,
        2.38121,
        1.595068,
        2.022111,
        1.4388910000000001,
        2.028588,
        1.402108,
        1.297499,
        2.3567139999999998,
        3.562404,
        0.764639,
        1.2408119999999998,
        1.224852,
        1.495731,
        2.0555770000000004,
        1.168432,
        2.055292,
        1.790889,
        1.388774,
        1.461182,
        1.7576669999999999,
        2.617045,
        2.233736,
        1.385123,
        1.4397929999999999,
        1.9079439999999999,
        0.512694,
        1.465114,
        2.8104400000000003,
        1.2759639999999999,
        1.098355,
        0.7517269999999999,
        2.392329,
        1.437454
    ],
    [
        0.511252,
        0.885726,
        0.0,
        1.018779,
        0.257301,
        1.5962070000000002,
        1.23644,
        1.2800550000000002,
        1.4257270000000002,
        1.5021110000000002,
        2.8064340000000003,
        1.874117,
        1.9245219999999998,
        2.858708,
        1.832819,
        1.679036,
        3.336779,
        1.738519,
        1.21854,
        0.657813,
        2.612716,
        1.175327,
        1.384489,
        2.356875,
        0.225398,
        3.1887119999999998,
        2.012791,
        1.373525,
        1.8518540000000001,
        1.639754,
        1.858231,
        1.346816,
        1.8729939999999998,
        2.23102,
        3.648357,
        0.7441639999999999,
        1.271329,
        1.270173,
        1.274188,
        1.614862,
        0.414696,
        1.757592,
        1.54416,
        2.2745,
        1.239883,
        1.536124,
        3.086326,
        2.180122,
        1.3298299999999998,
        1.218493,
        1.4638550000000001,
        0.609402,
        1.934395,
        2.896393,
        0.8937350000000001,
        1.1780050000000002,
        0.5301079999999999,
        2.195404,
        1.183686
    ],
    [
        1.3137480000000001,
        1.240079,
        1.018779,
        0.0,
        1.064557,
        0.60021,
        0.24019900000000002,
        0.284058,
        0.9490069999999999,
        1.2890920000000001,
        1.8024580000000001,
        0.9541040000000001,
        0.764159,
        1.8508959999999999,
        0.7233970000000001,
        0.82468,
        2.340538,
        0.7948200000000001,
        0.222299,
        1.002203,
        1.6049039999999999,
        0.156547,
        0.388248,
        1.674134,
        1.208099,
        2.380102,
        1.016794,
        0.37752800000000003,
        0.951912,
        0.6010059999999999,
        0.958389,
        0.35057499999999997,
        1.533523,
        1.113168,
        2.6443809999999996,
        0.499192,
        0.275088,
        0.251393,
        0.27819,
        0.618865,
        0.940203,
        0.985093,
        0.7206889999999999,
        2.299381,
        0.243642,
        0.5401269999999999,
        1.8136189999999999,
        1.0818420000000002,
        0.333589,
        0.222252,
        1.059826,
        0.8418089999999999,
        0.900729,
        1.892417,
        0.46297699999999997,
        0.143308,
        0.649227,
        1.148784,
        2.182322
    ],
    [
        0.253951,
        1.143027,
        0.257301,
        1.064557,
        0.0,
        1.4957960000000001,
        1.282218,
        1.326077,
        1.189768,
        1.2723740000000001,
        2.782498,
        1.6381590000000001,
        1.688563,
        2.8309360000000003,
        1.596861,
        1.443077,
        3.236124,
        1.50256,
        1.264318,
        0.400149,
        2.584944,
        1.221104,
        1.430267,
        2.614176,
        0.48269799999999996,
        2.931411,
        2.027027,
        1.4119169999999999,
        1.615895,
        1.685775,
        1.622272,
        1.392594,
        2.1302950000000003,
        1.995061,
        3.624421,
        0.9840760000000001,
        1.317107,
        1.315951,
        1.320209,
        1.51445,
        0.18192,
        1.521633,
        1.308201,
        2.5318020000000003,
        1.2856610000000002,
        1.435712,
        2.7898229999999997,
        1.944163,
        1.375608,
        1.264271,
        1.2278959999999999,
        0.866702,
        2.191696,
        2.872457,
        0.865866,
        1.2237829999999998,
        0.7727459999999999,
        1.9594449999999999,
        1.231283
    ],
    [
        1.695466,
        1.81775,
        1.5962070000000002,
        0.60021,
        1.4957960000000001,
        0.0,
        0.43761,
        0.450863,
        1.0784529999999999,
        1.418537,
        1.34518,
        0.723842,
        0.163949,
        1.393618,
        0.123188,
        0.889718,
        1.798805,
        0.859859,
        0.609898,
        1.54976,
        1.147626,
        0.8662730000000001,
        0.47781599999999996,
        1.995948,
        1.882255,
        2.4533840000000002,
        0.47506099999999996,
        0.462747,
        0.9621470000000001,
        0.8987200000000001,
        1.0497809999999999,
        0.546858,
        1.7204169999999999,
        0.5981150000000001,
        2.187103,
        1.173347,
        0.748039,
        0.856585,
        0.456731,
        0.018655,
        1.5046,
        1.0564079999999998,
        0.785728,
        2.6547330000000002,
        0.43416699999999997,
        0.060083,
        1.352505,
        0.566788,
        0.529873,
        0.455557,
        1.1892719999999999,
        1.5159639999999999,
        1.198443,
        1.435139,
        1.020955,
        0.853034,
        1.3128009999999999,
        0.63373,
        2.856477
    ],
    [
        1.5314079999999999,
        1.45774,
        1.23644,
        0.24019900000000002,
        1.282218,
        0.43761,
        0.0,
        0.155024,
        1.097858,
        1.437942,
        1.602951,
        1.102955,
        0.513848,
        1.6513879999999999,
        0.505538,
        0.97353,
        2.056576,
        0.943671,
        0.17228800000000002,
        1.219864,
        1.4053959999999999,
        0.353841,
        0.18488,
        1.582668,
        1.42576,
        2.5289520000000003,
        0.733585,
        0.137329,
        1.100762,
        0.50954,
        1.10724,
        0.253922,
        1.331237,
        0.840172,
        2.374442,
        0.716853,
        0.31042899999999995,
        0.41897500000000004,
        0.149156,
        0.401005,
        1.157864,
        1.133944,
        0.86954,
        2.2641799999999996,
        0.003443,
        0.322944,
        1.610276,
        0.808846,
        0.236937,
        0.017946999999999998,
        1.208677,
        1.0594700000000001,
        0.8092630000000001,
        1.692909,
        0.6806380000000001,
        0.385492,
        0.866888,
        0.875788,
        2.399983
    ],
    [
        1.501493,
        1.501598,
        1.2800550000000002,
        0.284058,
        1.326077,
        0.450863,
        0.155024,
        0.0,
        0.985044,
        1.325129,
        1.738014,
        0.9901420000000001,
        0.5785359999999999,
        1.786452,
        0.537775,
        0.860717,
        2.2116,
        0.830857,
        0.21614699999999998,
        1.263723,
        1.54046,
        0.3977,
        0.310815,
        1.626527,
        1.469619,
        2.4161390000000003,
        0.8311710000000001,
        0.192214,
        0.987949,
        0.5533980000000001,
        0.994426,
        0.273141,
        1.375095,
        0.927545,
        2.5799369999999997,
        0.760711,
        0.354288,
        0.46283300000000005,
        0.005868,
        0.433242,
        1.2017229999999999,
        1.021131,
        0.7567269999999999,
        2.311181,
        0.15846700000000002,
        0.35450400000000004,
        1.745339,
        0.8962190000000001,
        0.256156,
        0.137077,
        1.095863,
        1.1033279999999999,
        0.853121,
        1.8279729999999998,
        0.724497,
        0.429351,
        0.910747,
        0.9631609999999999,
        2.443842
    ],
    [
        1.24362,
        1.869816,
        1.4257270000000002,
        0.9490069999999999,
        1.189768,
        1.0784529999999999,
        1.097858,
        0.985044,
        0.0,
        0.34008499999999997,
        2.4025030000000003,
        0.44839,
        1.246629,
        2.45094,
        1.1549269999999998,
        0.298794,
        2.856128,
        0.31279199999999996,
        1.1827159999999999,
        0.8794690000000001,
        2.204948,
        1.139502,
        1.204494,
        2.8412100000000002,
        1.651177,
        1.892283,
        1.585093,
        1.0837139999999998,
        0.426027,
        1.604174,
        0.432504,
        1.273536,
        2.357329,
        0.7830900000000001,
        3.244425,
        1.2053710000000002,
        1.235505,
        1.234349,
        0.979487,
        1.124433,
        1.0261010000000002,
        0.34936900000000004,
        0.31224799999999997,
        2.994294,
        1.128363,
        1.045695,
        2.4098270000000004,
        0.732193,
        1.256551,
        1.149753,
        0.110819,
        1.357121,
        1.903896,
        2.4924609999999996,
        0.664832,
        1.126263,
        1.1180889999999999,
        0.747475,
        2.378815
    ],
    [
        1.2236969999999998,
        2.1325320000000003,
        1.5021110000000002,
        1.2890920000000001,
        1.2723740000000001,
        1.418537,
        1.437942,
        1.325129,
        0.34008499999999997,
        0.0,
        2.742588,
        0.788475,
        1.586714,
        2.7910250000000003,
        1.4950109999999999,
        0.5727340000000001,
        3.196213,
        0.6528769999999999,
        1.577302,
        0.8721939999999999,
        2.545033,
        1.479587,
        1.544579,
        3.103926,
        1.727509,
        1.727512,
        1.925178,
        1.423799,
        0.673294,
        1.998759,
        0.564268,
        1.6136210000000002,
        2.620044,
        1.05246,
        3.5845100000000003,
        1.468087,
        1.6300899999999998,
        1.574433,
        1.3195709999999998,
        1.464518,
        1.115341,
        0.579033,
        0.6523329999999999,
        3.25701,
        1.4684480000000002,
        1.38578,
        2.7499119999999997,
        1.001563,
        1.596635,
        1.489838,
        0.301938,
        1.619837,
        2.298482,
        2.832546,
        0.927548,
        1.536766,
        1.380805,
        1.016844,
        2.349366
    ],
    [
        2.982169,
        2.699125,
        2.8064340000000003,
        1.8024580000000001,
        2.782498,
        1.34518,
        1.602951,
        1.738014,
        2.4025030000000003,
        2.742588,
        0.0,
        2.120031,
        1.32751,
        0.225849,
        1.419212,
        2.2859070000000004,
        0.900302,
        2.256048,
        1.6238800000000002,
        2.7245030000000003,
        0.197554,
        1.759561,
        1.456798,
        1.315347,
        3.116618,
        3.473303,
        1.064769,
        1.513696,
        2.2279009999999997,
        1.6656410000000001,
        2.445969,
        1.5258399999999999,
        1.8367660000000001,
        1.8025609999999999,
        1.068316,
        2.205412,
        1.716148,
        1.824694,
        1.6377149999999998,
        1.423935,
        2.679344,
        2.322163,
        2.181917,
        2.633355,
        1.4851159999999999,
        1.503761,
        0.236097,
        1.908611,
        1.5088540000000001,
        1.5065060000000001,
        2.58546,
        2.6140100000000004,
        1.2664190000000002,
        0.184328,
        2.161691,
        1.791211,
        2.3554470000000003,
        1.838176,
        3.989489
    ],
    [
        1.64631,
        2.024303,
        1.874117,
        0.9541040000000001,
        1.6381590000000001,
        0.723842,
        1.102955,
        0.9901420000000001,
        0.44839,
        0.788475,
        2.120031,
        0.0,
        0.824802,
        2.09273,
        0.743351,
        0.272539,
        2.4979180000000003,
        0.15928399999999998,
        0.990599,
        1.245546,
        1.846738,
        0.947385,
        1.012376,
        2.638363,
        1.8464749999999999,
        1.827961,
        1.1735170000000001,
        0.891597,
        0.399771,
        1.37704,
        0.406249,
        1.081418,
        2.154481,
        0.6989890000000001,
        2.886215,
        1.233368,
        1.0433869999999998,
        1.042231,
        0.787369,
        0.766223,
        1.21463,
        0.432953,
        0.23341499999999998,
        2.920339,
        0.936246,
        0.687485,
        2.051618,
        0.42853800000000003,
        1.064433,
        0.957635,
        0.559209,
        1.4801849999999999,
        1.676763,
        2.1342510000000003,
        0.7376710000000001,
        0.9341459999999999,
        1.241152,
        0.454688,
        2.567344
    ],
    [
        1.888234,
        2.042747,
        1.9245219999999998,
        0.764159,
        1.688563,
        0.163949,
        0.513848,
        0.5785359999999999,
        1.246629,
        1.586714,
        1.32751,
        0.824802,
        0.0,
        1.310573,
        0.091703,
        1.0009299999999999,
        1.7157609999999999,
        0.9710700000000001,
        0.686137,
        1.5766900000000001,
        1.0645820000000001,
        0.8676900000000001,
        0.554055,
        1.912904,
        2.1239850000000002,
        2.298896,
        0.37794900000000003,
        0.538985,
        1.073358,
        0.9749589999999999,
        1.160992,
        0.623097,
        1.796656,
        0.6281530000000001,
        2.104058,
        1.415078,
        0.8242780000000001,
        0.932823,
        0.6206799999999999,
        0.145294,
        1.531531,
        1.1676199999999999,
        0.8969389999999999,
        3.098906,
        0.510406,
        0.224032,
        1.269461,
        0.7342029999999999,
        0.606111,
        0.531796,
        1.3235,
        1.638552,
        1.267423,
        1.3520940000000001,
        1.047885,
        1.115856,
        1.551366,
        0.663769,
        2.893493
    ],
    [
        3.030606,
        2.768919,
        2.858708,
        1.8508959999999999,
        2.8309360000000003,
        1.393618,
        1.6513879999999999,
        1.786452,
        2.45094,
        2.7910250000000003,
        0.225849,
        2.09273,
        1.310573,
        0.0,
        1.469105,
        2.3358000000000003,
        0.674824,
        2.305941,
        1.673773,
        2.7743960000000003,
        0.27697000000000005,
        1.809454,
        1.506691,
        1.522827,
        3.166511,
        3.523196,
        1.114662,
        1.563589,
        2.2777950000000002,
        1.7155340000000001,
        2.495863,
        1.575733,
        2.010675,
        1.852454,
        0.842838,
        2.255305,
        1.766042,
        1.874587,
        1.687608,
        1.473828,
        2.729237,
        2.372056,
        2.23181,
        2.680865,
        1.535009,
        1.553654,
        0.48184899999999997,
        1.9585039999999998,
        1.55851,
        1.5563989999999999,
        2.635354,
        2.663903,
        1.316312,
        0.041521,
        2.2115839999999998,
        1.841105,
        2.4053400000000003,
        1.888069,
        4.039382
    ],
    [
        1.7965309999999999,
        1.951044,
        1.832819,
        0.7233970000000001,
        1.596861,
        0.123188,
        0.505538,
        0.537775,
        1.1549269999999998,
        1.4950109999999999,
        1.419212,
        0.743351,
        0.091703,
        1.469105,
        0.0,
        0.909227,
        1.851643,
        0.879368,
        0.717448,
        1.484987,
        1.156284,
        1.037392,
        0.5853659999999999,
        2.004606,
        2.032283,
        2.3247020000000003,
        0.456141,
        0.570296,
        0.981656,
        1.00627,
        1.069289,
        0.654408,
        1.8279670000000001,
        0.65396,
        2.195761,
        1.323375,
        0.855589,
        1.132238,
        0.579919,
        0.104533,
        1.4398279999999999,
        1.075917,
        0.805237,
        3.007204,
        0.541717,
        0.183271,
        1.361163,
        0.5862970000000001,
        0.637422,
        0.563107,
        1.231797,
        1.546849,
        1.359125,
        1.443797,
        0.956183,
        1.024153,
        1.459664,
        0.689575,
        2.80179
    ],
    [
        1.454407,
        1.894879,
        1.679036,
        0.82468,
        1.443077,
        0.889718,
        0.97353,
        0.860717,
        0.298794,
        0.5727340000000001,
        2.2859070000000004,
        0.272539,
        1.0009299999999999,
        2.3358000000000003,
        0.909227,
        0.0,
        2.6818470000000003,
        0.113255,
        1.02444,
        1.0902550000000002,
        2.030668,
        0.981227,
        1.046218,
        2.672205,
        1.904485,
        1.613206,
        1.357446,
        0.925438,
        0.18501599999999999,
        1.445898,
        0.191493,
        1.11526,
        2.188323,
        0.54208,
        3.070145,
        1.26721,
        1.077229,
        1.076073,
        0.821211,
        0.950152,
        1.2794100000000002,
        0.218198,
        0.10399,
        2.954181,
        0.970088,
        0.871414,
        2.235547,
        0.491182,
        1.0982750000000001,
        0.9914769999999999,
        0.344165,
        1.610431,
        1.745621,
        2.318181,
        0.771513,
        0.9679880000000001,
        1.371398,
        0.506464,
        2.567428
    ],
    [
        3.435794,
        3.241626,
        3.336779,
        2.340538,
        3.236124,
        1.798805,
        2.056576,
        2.2116,
        2.856128,
        3.196213,
        0.900302,
        2.4979180000000003,
        1.7157609999999999,
        0.674824,
        1.851643,
        2.6818470000000003,
        0.0,
        2.708266,
        2.146479,
        3.247102,
        0.881091,
        2.2821599999999997,
        1.9793969999999999,
        2.178938,
        3.639217,
        3.6347840000000002,
        1.463365,
        2.036295,
        2.856703,
        2.18824,
        2.822381,
        2.0484389999999997,
        2.666786,
        2.357614,
        0.800319,
        2.728011,
        2.238748,
        2.3472939999999998,
        2.160314,
        1.876152,
        3.2019430000000004,
        2.950965,
        2.634135,
        3.336977,
        2.007716,
        1.955978,
        1.085971,
        2.360828,
        2.031454,
        2.029106,
        3.037678,
        3.136609,
        1.789018,
        0.694996,
        2.684291,
        2.3138110000000003,
        2.878047,
        2.364661,
        4.512087999999999
    ],
    [
        1.510711,
        1.865019,
        1.738519,
        0.7948200000000001,
        1.50256,
        0.859859,
        0.943671,
        0.830857,
        0.31279199999999996,
        0.6528769999999999,
        2.256048,
        0.15928399999999998,
        0.9710700000000001,
        2.305941,
        0.879368,
        0.113255,
        2.708266,
        0.0,
        0.994581,
        1.1099480000000002,
        1.951448,
        0.951367,
        1.016359,
        2.6423449999999997,
        1.963969,
        1.668677,
        1.278227,
        0.8955789999999999,
        0.240487,
        1.381022,
        0.246964,
        1.085401,
        2.158464,
        0.597551,
        2.9909250000000003,
        1.23735,
        1.04737,
        1.046213,
        0.791351,
        0.870933,
        1.338894,
        0.273669,
        0.074131,
        2.924322,
        0.940228,
        0.7921950000000001,
        2.156327,
        0.546654,
        1.068415,
        0.9616180000000001,
        0.423611,
        1.484167,
        1.680745,
        2.2389609999999998,
        0.741654,
        0.9381280000000001,
        1.2451349999999999,
        0.561935,
        2.691607
    ],
    [
        1.513508,
        1.311559,
        1.21854,
        0.222299,
        1.264318,
        0.609898,
        0.17228800000000002,
        0.21614699999999998,
        1.1827159999999999,
        1.577302,
        1.6238800000000002,
        0.990599,
        0.686137,
        1.673773,
        0.717448,
        1.02444,
        2.146479,
        0.994581,
        0.0,
        1.201964,
        1.395594,
        0.181553,
        0.165949,
        1.4816610000000001,
        1.40786,
        2.579862,
        0.9058740000000001,
        0.30961700000000003,
        1.151673,
        0.40853300000000004,
        1.15815,
        0.128275,
        1.230229,
        1.012461,
        2.4350709999999998,
        0.6989529999999999,
        0.13814099999999999,
        0.24668600000000002,
        0.210279,
        0.573294,
        1.139964,
        1.184854,
        0.92045,
        2.1631729999999996,
        0.175731,
        0.495232,
        1.600473,
        0.9811340000000001,
        0.11129,
        0.154341,
        1.259587,
        1.0415699999999999,
        0.708256,
        1.686943,
        0.662738,
        0.213204,
        0.8489880000000001,
        1.048077,
        2.382083
    ],
    [
        0.424707,
        1.411548,
        0.657813,
        1.002203,
        0.400149,
        1.54976,
        1.219864,
        1.263723,
        0.8794690000000001,
        0.8721939999999999,
        2.7245030000000003,
        1.245546,
        1.5766900000000001,
        2.7743960000000003,
        1.484987,
        1.0902550000000002,
        3.247102,
        1.1099480000000002,
        1.201964,
        0.0,
        2.473071,
        1.15875,
        1.420824,
        2.729573,
        0.909327,
        2.5997060000000003,
        1.915154,
        1.3000440000000002,
        1.255079,
        1.623422,
        1.27892,
        1.33024,
        2.245691,
        1.634245,
        3.512547,
        1.043371,
        1.254753,
        1.253597,
        1.195816,
        1.402577,
        0.24311600000000003,
        1.160817,
        1.196328,
        2.8235259999999998,
        1.223307,
        1.323839,
        2.6779499999999996,
        1.583347,
        1.313254,
        1.201917,
        0.930246,
        1.004518,
        1.9231449999999999,
        2.7605839999999997,
        0.753992,
        1.161429,
        0.765486,
        1.5986289999999999,
        1.577584
    ],
    [
        2.7846149999999996,
        2.522927,
        2.612716,
        1.6049039999999999,
        2.584944,
        1.147626,
        1.4053959999999999,
        1.54046,
        2.204948,
        2.545033,
        0.197554,
        1.846738,
        1.0645820000000001,
        0.27697000000000005,
        1.156284,
        2.030668,
        0.881091,
        1.951448,
        1.395594,
        2.473071,
        0.0,
        1.563462,
        1.260699,
        1.3841759999999999,
        2.9205189999999996,
        3.277205,
        0.8686699999999999,
        1.317597,
        2.031803,
        1.469542,
        2.249871,
        1.329741,
        1.905594,
        1.606462,
        1.070455,
        2.009313,
        1.52005,
        1.628595,
        1.441616,
        1.227836,
        2.4832449999999997,
        2.126064,
        1.985818,
        2.702183,
        1.289017,
        1.307662,
        0.20487899999999998,
        1.712512,
        1.312756,
        1.3104069999999999,
        2.389362,
        2.417911,
        1.07032,
        0.31849099999999997,
        1.965592,
        1.595113,
        2.159348,
        1.642078,
        3.79339
    ],
    [
        1.4702950000000001,
        1.159719,
        1.175327,
        0.156547,
        1.221104,
        0.8662730000000001,
        0.353841,
        0.3977,
        1.139502,
        1.479587,
        1.759561,
        0.947385,
        0.8676900000000001,
        1.809454,
        1.037392,
        0.981227,
        2.2821599999999997,
        0.951367,
        0.181553,
        1.15875,
        1.563462,
        0.0,
        0.309776,
        1.517587,
        1.214685,
        2.536648,
        1.122609,
        0.49117,
        1.108459,
        0.444459,
        1.114936,
        0.27210199999999996,
        1.266156,
        1.269715,
        2.487834,
        0.505777,
        0.110806,
        0.094846,
        0.391832,
        0.775412,
        1.09675,
        1.1416400000000002,
        0.8772369999999999,
        2.219021,
        0.357284,
        0.696674,
        1.6570719999999999,
        1.238389,
        0.255117,
        0.335894,
        1.2163730000000001,
        0.7555230000000001,
        0.744182,
        1.739706,
        0.619525,
        0.061363999999999995,
        0.6452319999999999,
        1.3053309999999998,
        2.188908
    ],
    [
        1.732368,
        1.439781,
        1.384489,
        0.388248,
        1.430267,
        0.47781599999999996,
        0.18488,
        0.310815,
        1.204494,
        1.544579,
        1.456798,
        1.012376,
        0.554055,
        1.506691,
        0.5853659999999999,
        1.046218,
        1.9793969999999999,
        1.016359,
        0.165949,
        1.420824,
        1.260699,
        0.309776,
        0.0,
        1.519276,
        1.573809,
        2.708962,
        0.819847,
        0.210017,
        1.17345,
        0.44614800000000004,
        1.179927,
        0.08076,
        1.267845,
        0.880379,
        2.383977,
        0.8649009999999999,
        0.266364,
        0.374909,
        0.304947,
        0.441212,
        1.305913,
        1.2066320000000001,
        0.942228,
        2.2021599999999997,
        0.18143700000000001,
        0.36315,
        1.5493789999999998,
        0.849052,
        0.070706,
        0.202827,
        1.281364,
        1.0355860000000001,
        0.745871,
        1.632013,
        0.8286870000000001,
        0.34142700000000004,
        1.014937,
        0.915994,
        2.548032
    ],
    [
        2.868127,
        1.937386,
        2.356875,
        1.674134,
        2.614176,
        1.995948,
        1.582668,
        1.626527,
        2.8412100000000002,
        3.103926,
        1.315347,
        2.638363,
        1.912904,
        1.522827,
        2.004606,
        2.672205,
        2.178938,
        2.6423449999999997,
        1.4816610000000001,
        2.729573,
        1.3841759999999999,
        1.517587,
        1.519276,
        0.0,
        2.324348,
        3.931592,
        1.75803,
        1.669705,
        2.657411,
        1.192101,
        2.805914,
        1.6818499999999998,
        0.608336,
        2.2608490000000003,
        2.0667440000000004,
        1.686202,
        1.5086089999999999,
        1.515561,
        1.793725,
        1.874327,
        2.61633,
        2.832618,
        2.5682139999999998,
        1.5673240000000002,
        1.641126,
        1.802835,
        1.1792960000000001,
        2.366899,
        1.6648640000000001,
        1.662516,
        2.9073510000000002,
        1.788998,
        0.768096,
        1.460976,
        2.1893629999999997,
        1.642058,
        1.964087,
        2.296465,
        3.088297
    ],
    [
        0.73665,
        0.6603289999999999,
        0.225398,
        1.208099,
        0.48269799999999996,
        1.882255,
        1.42576,
        1.469619,
        1.651177,
        1.727509,
        3.116618,
        1.8464749999999999,
        2.1239850000000002,
        3.166511,
        2.032283,
        1.904485,
        3.639217,
        1.963969,
        1.40786,
        0.909327,
        2.9205189999999996,
        1.214685,
        1.573809,
        2.324348,
        0.0,
        3.414109,
        2.3830210000000003,
        1.563089,
        2.0772510000000004,
        1.672215,
        2.083628,
        1.536135,
        1.798942,
        2.3236399999999997,
        3.957634,
        0.708908,
        1.3392249999999999,
        1.323266,
        1.463751,
        1.804425,
        0.640094,
        1.98299,
        1.769557,
        2.049103,
        1.429203,
        1.725687,
        3.0122739999999997,
        2.200663,
        1.51915,
        1.4078130000000002,
        1.689253,
        0.53535,
        1.860343,
        3.20567,
        1.119132,
        1.196768,
        0.6053229999999999,
        2.359256,
        0.9875069999999999
    ],
    [
        2.67746,
        3.450301,
        3.1887119999999998,
        2.380102,
        2.931411,
        2.4533840000000002,
        2.5289520000000003,
        2.4161390000000003,
        1.892283,
        1.727512,
        3.473303,
        1.827961,
        2.298896,
        3.523196,
        2.3247020000000003,
        1.613206,
        3.6347840000000002,
        1.668677,
        2.579862,
        2.5997060000000003,
        3.277205,
        2.536648,
        2.708962,
        3.931592,
        3.414109,
        0.0,
        2.517525,
        2.432675,
        1.667826,
        2.9181190000000004,
        1.373528,
        2.622498,
        3.69556,
        1.858725,
        4.31757,
        2.7744470000000003,
        2.584466,
        2.58331,
        2.328448,
        2.4470210000000003,
        2.83881,
        1.701008,
        1.6112270000000002,
        4.461417,
        2.477324,
        2.368283,
        3.482972,
        2.007208,
        2.605512,
        2.498714,
        1.868058,
        3.1698310000000003,
        3.217842,
        3.5656060000000003,
        2.27875,
        2.475225,
        2.930798,
        1.865772,
        3.777464
    ],
    [
        2.226698,
        2.38121,
        2.012791,
        1.016794,
        2.027027,
        0.47506099999999996,
        0.733585,
        0.8311710000000001,
        1.585093,
        1.925178,
        1.064769,
        1.1735170000000001,
        0.37794900000000003,
        1.114662,
        0.456141,
        1.357446,
        1.463365,
        1.278227,
        0.9058740000000001,
        1.915154,
        0.8686699999999999,
        1.122609,
        0.819847,
        1.75803,
        2.3830210000000003,
        2.517525,
        0.0,
        0.758722,
        1.271235,
        1.1853230000000001,
        1.4241,
        0.842834,
        1.9819449999999998,
        0.845895,
        1.908147,
        1.674114,
        1.044014,
        1.15256,
        0.882741,
        0.47807799999999995,
        1.869994,
        1.365497,
        1.23606,
        2.914126,
        0.7301420000000001,
        0.557904,
        1.073549,
        0.951945,
        0.8258479999999999,
        0.7515320000000001,
        1.639604,
        2.016731,
        1.1783620000000001,
        1.156183,
        1.3863489999999998,
        1.119077,
        1.951999,
        0.88151,
        3.357244
    ],
    [
        1.611588,
        1.595068,
        1.373525,
        0.37752800000000003,
        1.4119169999999999,
        0.462747,
        0.137329,
        0.192214,
        1.0837139999999998,
        1.423799,
        1.513696,
        0.891597,
        0.538985,
        1.563589,
        0.570296,
        0.925438,
        2.036295,
        0.8955789999999999,
        0.30961700000000003,
        1.3000440000000002,
        1.317597,
        0.49117,
        0.210017,
        1.669705,
        1.563089,
        2.432675,
        0.758722,
        0.0,
        1.0526710000000001,
        0.646868,
        1.059148,
        0.279059,
        1.4685650000000001,
        0.827136,
        2.4700100000000003,
        0.8541810000000001,
        0.447758,
        0.556303,
        0.19808199999999998,
        0.388646,
        1.254885,
        1.085852,
        0.821448,
        2.4015079999999998,
        0.133886,
        0.309907,
        1.635412,
        0.7958099999999999,
        0.262073,
        0.155276,
        1.160585,
        1.196798,
        0.946591,
        1.718046,
        0.737232,
        0.522821,
        1.004217,
        0.862752,
        2.537312
    ],
    [
        1.6065820000000002,
        2.022111,
        1.8518540000000001,
        0.951912,
        1.615895,
        0.9621470000000001,
        1.100762,
        0.987949,
        0.426027,
        0.673294,
        2.2279009999999997,
        0.399771,
        1.073358,
        2.2777950000000002,
        0.981656,
        0.18501599999999999,
        2.856703,
        0.240487,
        1.151673,
        1.255079,
        2.031803,
        1.108459,
        1.17345,
        2.657411,
        2.0772510000000004,
        1.667826,
        1.271235,
        1.0526710000000001,
        0.0,
        1.538114,
        0.294298,
        1.2424929999999998,
        2.315555,
        0.379166,
        2.999681,
        1.394442,
        1.204461,
        1.203305,
        0.948443,
        1.004528,
        1.452919,
        0.094262,
        0.231222,
        3.081413,
        1.0973199999999999,
        0.92579,
        2.165083,
        0.32826799999999995,
        1.2255070000000001,
        1.11871,
        0.444726,
        1.7839390000000002,
        1.837837,
        2.247717,
        0.8987459999999999,
        1.09522,
        1.544907,
        0.34355,
        2.805632
    ],
    [
        1.934966,
        1.4388910000000001,
        1.639754,
        0.6010059999999999,
        1.685775,
        0.8987200000000001,
        0.50954,
        0.5533980000000001,
        1.604174,
        1.998759,
        1.6656410000000001,
        1.37704,
        0.9749589999999999,
        1.7155340000000001,
        1.00627,
        1.445898,
        2.18824,
        1.381022,
        0.40853300000000004,
        1.623422,
        1.469542,
        0.444459,
        0.44614800000000004,
        1.192101,
        1.672215,
        2.9181190000000004,
        1.1853230000000001,
        0.646868,
        1.538114,
        0.0,
        1.659972,
        0.5304289999999999,
        0.86075,
        1.3888289999999999,
        2.352556,
        1.002148,
        0.446591,
        0.45354300000000003,
        0.669485,
        0.943091,
        1.641786,
        1.686677,
        1.422273,
        1.795066,
        0.634937,
        0.8716,
        1.4071969999999998,
        1.357502,
        0.513444,
        0.6135470000000001,
        1.761409,
        1.108874,
        0.265741,
        1.6005930000000002,
        1.164561,
        0.6149009999999999,
        1.2800319999999998,
        1.424444,
        2.585705
    ],
    [
        1.630423,
        2.028588,
        1.858231,
        0.958389,
        1.622272,
        1.0497809999999999,
        1.10724,
        0.994426,
        0.432504,
        0.564268,
        2.445969,
        0.406249,
        1.160992,
        2.495863,
        1.069289,
        0.191493,
        2.822381,
        0.246964,
        1.15815,
        1.27892,
        2.249871,
        1.114936,
        1.179927,
        2.805914,
        2.083628,
        1.373528,
        1.4241,
        1.059148,
        0.294298,
        1.659972,
        0.0,
        1.2489700000000001,
        2.322032,
        0.6940230000000001,
        3.212154,
        1.400919,
        1.210938,
        1.209782,
        0.95492,
        1.0921610000000002,
        1.458605,
        0.32748,
        0.23769900000000002,
        3.08789,
        1.103797,
        1.013423,
        2.3775560000000002,
        0.6111420000000001,
        1.231984,
        1.125187,
        0.535659,
        1.647736,
        1.844314,
        2.46019,
        0.905223,
        1.101697,
        1.408704,
        0.7010700000000001,
        2.8113180000000004
    ],
    [
        1.6417840000000001,
        1.402108,
        1.346816,
        0.35057499999999997,
        1.392594,
        0.546858,
        0.253922,
        0.273141,
        1.273536,
        1.6136210000000002,
        1.5258399999999999,
        1.081418,
        0.623097,
        1.575733,
        0.654408,
        1.11526,
        2.0484389999999997,
        1.085401,
        0.128275,
        1.33024,
        1.329741,
        0.27210199999999996,
        0.08076,
        1.6818499999999998,
        1.536135,
        2.622498,
        0.842834,
        0.279059,
        1.2424929999999998,
        0.5304289999999999,
        1.2489700000000001,
        0.0,
        1.2301710000000001,
        0.961139,
        2.464737,
        0.827228,
        0.22869,
        0.337236,
        0.26727300000000004,
        0.521972,
        1.2682390000000001,
        1.287392,
        1.022989,
        2.1644870000000003,
        0.262198,
        0.44391,
        1.6301400000000001,
        0.929813,
        0.016986,
        0.283588,
        1.362125,
        0.997913,
        0.708197,
        1.7127729999999999,
        0.791014,
        0.303753,
        0.977264,
        0.996755,
        2.510359
    ],
    [
        2.384246,
        1.297499,
        1.8729939999999998,
        1.533523,
        2.1302950000000003,
        1.7204169999999999,
        1.331237,
        1.375095,
        2.357329,
        2.620044,
        1.8367660000000001,
        2.154481,
        1.796656,
        2.010675,
        1.8279670000000001,
        2.188323,
        2.666786,
        2.158464,
        1.230229,
        2.245691,
        1.905594,
        1.266156,
        1.267845,
        0.608336,
        1.798942,
        3.69556,
        1.9819449999999998,
        1.4685650000000001,
        2.315555,
        0.86075,
        2.322032,
        1.2301710000000001,
        0.0,
        2.418324,
        2.607308,
        1.2023199999999998,
        1.1458679999999999,
        1.15282,
        1.60368,
        2.0318009999999997,
        2.1324490000000003,
        2.3487370000000003,
        2.084333,
        1.069007,
        1.569132,
        1.96031,
        1.700715,
        2.524374,
        1.447639,
        1.547742,
        2.423469,
        1.305116,
        0.824305,
        2.00154,
        1.705481,
        1.391799,
        1.480205,
        2.4539389999999996,
        2.58998
    ],
    [
