[
    [
        0.0,
        0.691922,
        1.7881479999999998,
        4.384423,
        2.317595,
        2.304724,
        1.555116,
        2.291495,
        1.00265,
        3.592989,
        1.636793,
        1.703657,
        2.254458,
        1.340001,
        0.19892500000000002,
        1.202809,
        2.73393,
        0.316742,
        1.934768,
        2.170718
    ],
    [
        0.691922,
        0.0,
        2.207275,
        4.53239,
        2.499911,
        2.6646889999999996,
        1.419455,
        2.7606669999999998,
        1.440771,
        3.829323,
        2.105966,
        1.38356,
        2.72363,
        0.675222,
        0.618553,
        1.529693,
        2.706856,
        0.5716870000000001,
        2.40394,
        1.592414
    ],
    [
        1.7881479999999998,
        2.207275,
        0.0,
        2.623324,
        0.556496,
        0.931629,
        1.149392,
        1.038964,
        1.056325,
        1.8318889999999999,
        1.5021900000000001,
        1.153883,
        1.001927,
        2.4453,
        1.616611,
        0.6976749999999999,
        1.018801,
        1.6671369999999999,
        1.5222580000000001,
        3.150482
    ],
    [
        4.384423,
        4.53239,
        2.623324,
        0.0,
        2.106002,
        3.1979290000000002,
        3.2411179999999997,
        3.32504,
        3.696091,
        1.151709,
        4.054735,
        3.108734,
        3.284051,
        4.705411,
        4.214467,
        3.295321,
        1.757731,
        4.285143,
        4.043778,
        5.244934
    ],
    [
        2.317595,
        2.499911,
        0.556496,
        2.106002,
        0.0,
        1.175089,
        1.455971,
        1.3022,
        1.554368,
        1.318946,
        1.987906,
        1.3214949999999999,
        1.261212,
        2.72107,
        2.146204,
        1.227267,
        0.653781,
        2.19673,
        2.0206869999999997,
        3.398024
    ],
    [
        2.304724,
        2.6646889999999996,
        0.931629,
        3.1979290000000002,
        1.175089,
        0.0,
        1.998375,
        0.11383700000000001,
        1.633125,
        2.4811439999999996,
        0.892205,
        1.9885,
        0.086122,
        3.186093,
        2.118776,
        1.426321,
        1.763086,
        2.125137,
        0.925689,
        3.968393
    ],
    [
        1.555116,
        1.419455,
        1.149392,
        3.2411179999999997,
        1.455971,
        1.998375,
        0.0,
        2.005925,
        0.5772010000000001,
        2.525406,
        1.8039990000000001,
        0.194132,
        1.968889,
        1.6353209999999998,
        1.383933,
        0.653889,
        1.481363,
        1.301242,
        2.122533,
        2.312274
    ],
    [
        2.291495,
        2.7606669999999998,
        1.038964,
        3.32504,
        1.3022,
        0.11383700000000001,
        2.005925,
        0.0,
        1.6587239999999999,
        2.608254,
        0.878976,
        2.095834,
        0.037036,
        3.211692,
        2.112092,
        1.45192,
        1.890196,
        2.1507359999999998,
        0.909609,
        3.993993
    ],
    [
        1.00265,
        1.440771,
        1.056325,
        3.696091,
        1.554368,
        1.633125,
        0.5772010000000001,
        1.6587239999999999,
        0.0,
        2.849426,
        1.248852,
        0.725742,
        1.607661,
        1.672463,
        0.8375090000000001,
        0.392086,
        1.8946749999999999,
        0.743131,
        1.567386,
        2.514872
    ],
    [
        3.592989,
        3.829323,
        1.8318889999999999,
        1.151709,
        1.318946,
        2.4811439999999996,
        2.525406,
        2.608254,
        2.849426,
        0.0,
        3.237302,
        2.3657220000000003,
        2.466618,
        3.9623980000000003,
        3.397034,
        2.477888,
        1.0147190000000001,
        3.4473510000000003,
        3.226345,
        4.638865
    ],
    [
        1.636793,
        2.105966,
        1.5021900000000001,
        4.054735,
        1.987906,
        0.892205,
        1.8039990000000001,
        0.878976,
        1.248852,
        3.237302,
        0.0,
        1.942423,
        0.841939,
        2.731694,
        1.491539,
        1.424838,
        2.475218,
        1.609356,
        0.40354199999999996,
        3.648886
    ],
    [
        1.703657,
        1.38356,
        1.153883,
        3.108734,
        1.3214949999999999,
        1.9885,
        0.194132,
        2.095834,
        0.725742,
        2.3657220000000003,
        1.942423,
        0.0,
        2.047159,
        1.624384,
        1.598921,
        0.862844,
        1.351003,
        1.598076,
        2.271074,
        2.301337
    ],
    [
        2.254458,
        2.72363,
        1.001927,
        3.284051,
        1.261212,
        0.086122,
        1.968889,
        0.037036,
        1.607661,
        2.466618,
        0.841939,
        2.047159,
        0.0,
        3.174656,
        2.075056,
        1.414884,
        1.8492080000000002,
        2.1136999999999997,
        0.875423,
        3.956956
    ],
    [
        1.340001,
        0.675222,
        2.4453,
        4.705411,
        2.72107,
        3.186093,
        1.6353209999999998,
        3.211692,
        1.672463,
        3.9623980000000003,
        2.731694,
        1.624384,
        3.174656,
        0.0,
        1.363263,
        1.770516,
        2.947679,
        1.316398,
        3.021706,
        0.983349
    ],
    [
        0.19892500000000002,
        0.618553,
        1.616611,
        4.214467,
        2.146204,
        2.118776,
        1.383933,
        2.112092,
        0.8375090000000001,
        3.397034,
        1.491539,
        1.598921,
        2.075056,
        1.363263,
        0.0,
        1.0311489999999999,
        2.56227,
        0.144294,
        1.8208360000000001,
        2.183824
    ],
    [
        1.202809,
        1.529693,
        0.6976749999999999,
        3.295321,
        1.227267,
        1.426321,
        0.653889,
        1.45192,
        0.392086,
        2.477888,
        1.424838,
        0.862844,
        1.414884,
        1.770516,
        1.0311489999999999,
        0.0,
        1.60937,
        0.9811380000000001,
        1.753489,
        2.602181
    ],
    [
        2.73393,
        2.706856,
        1.018801,
        1.757731,
        0.653781,
        1.763086,
        1.481363,
        1.890196,
        1.8946749999999999,
        1.0147190000000001,
        2.475218,
        1.351003,
        1.8492080000000002,
        2.947679,
        2.56227,
        1.60937,
        0.0,
        2.5295039999999998,
        2.592782,
        3.683774
    ],
    [
        0.316742,
        0.5716870000000001,
        1.6671369999999999,
        4.285143,
        2.19673,
        2.125137,
        1.301242,
        2.1507359999999998,
        0.743131,
        3.4473510000000003,
        1.609356,
        1.598076,
        2.1136999999999997,
        1.316398,
        0.144294,
        0.9811380000000001,
        2.5295039999999998,
        0.0,
        1.917357,
        2.136959
    ],
    [
        1.934768,
        2.40394,
        1.5222580000000001,
        4.043778,
        2.0206869999999997,
        0.925689,
        2.122533,
        0.909609,
        1.567386,
        3.226345,
        0.40354199999999996,
        2.271074,
        0.875423,
        3.021706,
        1.8208360000000001,
        1.753489,
        2.592782,
        1.917357,
        0.0,
        3.9468609999999997
    ],
    [
        2.170718,
        1.592414,
        3.150482,
        5.244934,
        3.398024,
        3.968393,
        2.312274,
        3.993993,
        2.514872,
        4.638865,
        3.648886,
        2.301337,
        3.956956,
        0.983349,
        2.183824,
        2.602181,
        3.683774,
        2.136959,
        3.9468609999999997,
        0.0
    ]
]