[
    [
        0.0,
        0.8375670000000001,
        0.594684,
        0.6897989999999999,
        1.126894,
        0.451042,
        0.473397,
        1.6220219999999999,
        0.46242099999999997,
        0.7420760000000001,
        0.7351230000000001,
        2.14392,
        0.89587,
        0.5186219999999999,
        0.815394,
        0.892668,
        0.778027,
        1.816038,
        1.6075519999999999,
        0.7087859999999999,
        1.238897,
        1.531542,
        1.001258,
        0.513086,
        0.819517,
        0.475806,
        1.014214,
        1.2732260000000002,
        1.494262,
        0.6598339999999999,
        0.794929,
        0.846331,
        1.025231,
        0.443624,
        2.23679,
        1.315458,
        1.516009,
        0.449336,
        1.515527,
        1.0404200000000001,
        0.391902,
        1.494985,
        0.089034,
        0.44044900000000003,
        0.8459930000000001,
        1.176321,
        0.030823,
        1.605904,
        0.690172,
        0.411284,
        1.371718,
        3.690926,
        0.599365,
        1.368344,
        0.002063,
        0.558726,
        1.110839,
        1.5568060000000001,
        1.040733,
        0.9454779999999999
    ],
    [
        0.8375670000000001,
        0.0,
        0.9453619999999999,
        0.9753769999999999,
        0.387609,
        0.639528,
        0.589945,
        0.882738,
        0.9537100000000001,
        0.866918,
        0.5019750000000001,
        1.404635,
        0.5987659999999999,
        0.5277820000000001,
        0.245332,
        1.177772,
        0.480923,
        1.2459760000000002,
        1.7852919999999999,
        0.833628,
        0.499613,
        2.423306,
        0.261973,
        0.40914999999999996,
        0.660697,
        0.5705979999999999,
        0.297128,
        1.865709,
        0.920517,
        1.570391,
        0.727542,
        0.549227,
        0.308145,
        1.334876,
        3.0591500000000003,
        2.042592,
        1.693749,
        0.9061319999999999,
        0.776243,
        0.5159130000000001,
        0.848699,
        1.7092660000000002,
        0.748533,
        0.8799239999999999,
        0.548889,
        0.43703699999999995,
        0.8683909999999999,
        0.866619,
        0.815014,
        0.941271,
        0.6324339999999999,
        3.4071700000000003,
        0.724207,
        0.6326240000000001,
        0.835504,
        0.6443150000000001,
        0.467215,
        0.821087,
        0.191537,
        0.648374
    ],
    [
        0.594684,
        0.9453619999999999,
        0.0,
        1.1477460000000002,
        0.7777050000000001,
        0.24141200000000002,
        0.44459,
        1.272833,
        0.47968,
        0.06338300000000001,
        0.6371509999999999,
        1.794731,
        0.5466810000000001,
        0.357711,
        0.956781,
        1.307938,
        0.428838,
        1.7959949999999998,
        1.01481,
        0.164626,
        0.8897079999999999,
        2.102822,
        0.652069,
        0.614155,
        0.277052,
        0.40052699999999997,
        0.665025,
        1.086777,
        1.6319659999999998,
        1.231114,
        0.308809,
        0.497142,
        0.676042,
        0.860846,
        2.8080700000000003,
        1.9436179999999998,
        0.9232670000000001,
        0.432102,
        1.1663379999999999,
        0.45936200000000005,
        0.374668,
        0.902243,
        0.621336,
        0.40589400000000003,
        0.49680399999999997,
        0.827132,
        0.741193,
        1.256715,
        0.040209,
        0.46724,
        1.022529,
        3.984642,
        0.136072,
        1.019155,
        0.708307,
        0.816683,
        1.068068,
        1.207617,
        0.6915439999999999,
        0.596289
    ],
    [
        0.6897989999999999,
        0.9753769999999999,
        1.1477460000000002,
        0.0,
        1.351517,
        0.964662,
        0.790216,
        1.632528,
        1.0466769999999999,
        1.178059,
        0.886358,
        2.154426,
        1.176078,
        0.835441,
        0.837862,
        0.226655,
        1.0582349999999998,
        1.8385060000000002,
        2.157316,
        1.144769,
        1.376836,
        1.5855350000000001,
        1.16867,
        0.775923,
        1.179672,
        0.792625,
        1.194971,
        2.0198430000000003,
        0.829324,
        0.73262,
        1.246517,
        1.126539,
        1.205988,
        1.190242,
        2.108034,
        1.204821,
        2.065773,
        0.9990990000000001,
        1.526033,
        1.2082190000000002,
        0.941665,
        2.0447480000000002,
        0.6387970000000001,
        0.990213,
        1.126202,
        1.348838,
        0.720622,
        1.6164090000000002,
        1.126155,
        1.034237,
        1.382224,
        3.0255349999999996,
        1.035348,
        1.4342080000000001,
        0.687736,
        0.331062,
        1.170866,
        1.622671,
        1.098233,
        1.2256859999999998
    ],
    [
        1.126894,
        0.387609,
        0.7777050000000001,
        1.351517,
        0.0,
        0.582021,
        0.532438,
        0.49512900000000004,
        0.896203,
        0.809411,
        0.7662599999999999,
        1.017026,
        0.541259,
        0.470275,
        0.513656,
        1.553912,
        0.423416,
        1.01829,
        1.696667,
        0.776121,
        0.112004,
        2.519346,
        0.125636,
        0.608733,
        0.572072,
        0.513091,
        0.184271,
        1.777084,
        1.069783,
        1.647638,
        0.6389170000000001,
        0.49172000000000005,
        0.202769,
        1.277369,
        3.224594,
        2.3601419999999997,
        1.605124,
        0.848626,
        0.388633,
        0.427288,
        0.791192,
        1.564104,
        1.03786,
        0.822418,
        0.491382,
        0.049427,
        1.157717,
        0.47901,
        0.7575069999999999,
        0.883764,
        0.244824,
        3.609436,
        0.6667000000000001,
        0.273225,
        1.124831,
        1.0204550000000001,
        0.290363,
        0.461687,
        0.196073,
        0.5908669999999999
    ],
    [
        0.451042,
        0.639528,
        0.24141200000000002,
        0.964662,
        0.582021,
        0.0,
        0.24890600000000002,
        1.077149,
        0.359911,
        0.27311799999999997,
        0.675122,
        1.599047,
        0.350997,
        0.16202699999999998,
        0.761097,
        1.126246,
        0.233154,
        1.6003109999999998,
        1.195816,
        0.239828,
        0.694024,
        1.9830530000000002,
        0.456385,
        0.418471,
        0.35056,
        0.204843,
        0.469341,
        1.2677829999999999,
        1.4362819999999998,
        1.111345,
        0.325971,
        0.301458,
        0.480358,
        0.741077,
        2.688301,
        1.68429,
        1.1042729999999998,
        0.312333,
        0.970654,
        0.495547,
        0.254899,
        1.083248,
        0.362008,
        0.286125,
        0.30112,
        0.631448,
        0.481865,
        1.061031,
        0.221215,
        0.34747100000000003,
        0.826845,
        3.802951,
        0.13040700000000002,
        0.823471,
        0.44897899999999996,
        0.633599,
        0.872384,
        1.011933,
        0.49586,
        0.40060500000000004
    ],
    [
        0.473397,
        0.589945,
        0.44459,
        0.790216,
        0.532438,
        0.24890600000000002,
        0.0,
        1.027567,
        0.5630879999999999,
        0.476296,
        0.487873,
        1.549464,
        0.032146999999999995,
        0.08687900000000001,
        0.568144,
        0.950408,
        0.136124,
        1.550728,
        1.398993,
        0.44300599999999996,
        0.644442,
        2.0049390000000002,
        0.406802,
        0.191678,
        0.5537369999999999,
        0.044063000000000005,
        0.41975799999999996,
        1.470961,
        1.243329,
        1.133231,
        0.5291480000000001,
        0.040718000000000004,
        0.43077499999999996,
        0.944254,
        2.710188,
        1.706645,
        1.307451,
        0.5155109999999999,
        0.921072,
        0.445965,
        0.458077,
        1.2864259999999998,
        0.384363,
        0.489303,
        0.074328,
        0.581865,
        0.504221,
        1.011448,
        0.424392,
        0.550649,
        0.7772619999999999,
        3.627112,
        0.33358499999999996,
        0.773888,
        0.47133400000000003,
        0.459154,
        0.822801,
        0.962351,
        0.446277,
        0.081755
    ],
    [
        1.6220219999999999,
        0.882738,
        1.272833,
        1.632528,
        0.49512900000000004,
        1.077149,
        1.027567,
        0.0,
        1.38515,
        1.2074880000000001,
        1.1889049999999999,
        0.546705,
        1.030206,
        0.959222,
        0.794667,
        1.834923,
        0.912362,
        0.746464,
        1.9459110000000002,
        1.117175,
        0.383125,
        3.008293,
        0.618148,
        1.097679,
        0.994717,
        1.002038,
        0.6016269999999999,
        2.1997289999999996,
        1.0357319999999999,
        2.136585,
        1.061562,
        0.980666,
        0.625414,
        1.766316,
        3.713541,
        2.699743,
        1.854368,
        1.337572,
        0.136733,
        0.8499329999999999,
        1.280139,
        1.676851,
        1.526807,
        1.311364,
        0.980329,
        0.471294,
        1.646664,
        0.02501,
        1.246454,
        1.372711,
        0.252846,
        3.500266,
        1.1556469999999999,
        0.27382,
        1.613777,
        1.3014659999999998,
        0.49649099999999996,
        0.059033999999999996,
        0.688585,
        1.0798130000000001
    ],
    [
        0.46242099999999997,
        0.9537100000000001,
        0.47968,
        1.0466769999999999,
        0.896203,
        0.359911,
        0.5630879999999999,
        1.38515,
        0.0,
        0.511385,
        0.913389,
        1.913229,
        0.66518,
        0.47620999999999997,
        1.075279,
        1.2516559999999999,
        0.547336,
        1.914493,
        1.305967,
        0.47809500000000005,
        1.008207,
        1.686719,
        0.770567,
        0.732653,
        0.588827,
        0.519026,
        0.783524,
        0.93528,
        1.750464,
        0.8150109999999999,
        0.564238,
        0.61564,
        0.7945399999999999,
        0.37728300000000004,
        2.391967,
        1.6206559999999999,
        1.214424,
        0.047578,
        1.284837,
        0.8097300000000001,
        0.105011,
        1.1933989999999999,
        0.407879,
        0.09181199999999999,
        0.615303,
        0.945631,
        0.527737,
        1.375213,
        0.459482,
        0.056883,
        1.141028,
        3.996124,
        0.368674,
        1.137653,
        0.49485,
        0.915603,
        1.186566,
        1.326116,
        0.810042,
        0.7147870000000001
    ],
    [
        0.7420760000000001,
        0.866918,
        0.06338300000000001,
        1.178059,
        0.809411,
        0.27311799999999997,
        0.476296,
        1.2074880000000001,
        0.511385,
        0.0,
        0.537633,
        1.751087,
        0.578387,
        0.38941699999999996,
        0.988487,
        1.3396430000000001,
        0.460544,
        1.8277,
        1.0177859999999999,
        0.101243,
        0.921414,
        2.134528,
        0.683775,
        0.64586,
        0.177534,
        0.432233,
        0.60275,
        1.089754,
        1.6636710000000001,
        1.2628199999999998,
        0.234648,
        0.528848,
        0.608448,
        0.8925510000000001,
        2.8397759999999996,
        1.975324,
        0.9262440000000001,
        0.463807,
        1.198044,
        0.40281,
        0.406374,
        0.905219,
        0.653042,
        0.437599,
        0.52851,
        0.858838,
        0.772899,
        1.208254,
        0.023174,
        0.498946,
        1.0542349999999998,
        3.9852779999999997,
        0.16777799999999998,
        0.95688,
        0.740013,
        0.846996,
        1.099773,
        1.145343,
        0.72325,
        0.627995
    ],
    [
        0.7351230000000001,
        0.5019750000000001,
        0.6371509999999999,
        0.886358,
        0.7662599999999999,
        0.675122,
        0.487873,
        1.1889049999999999,
        0.913389,
        0.537633,
        0.0,
        1.76774,
        0.635532,
        0.533098,
        0.479802,
        1.059479,
        0.570791,
        1.480446,
        1.504106,
        0.482557,
        0.910389,
        2.334287,
        0.672749,
        0.306705,
        0.360099,
        0.490282,
        0.619403,
        1.579992,
        1.154987,
        1.4813720000000001,
        0.426944,
        0.585992,
        0.625101,
        1.178747,
        2.940857,
        1.953573,
        1.412563,
        0.865812,
        1.130415,
        0.41946300000000003,
        0.808378,
        1.381452,
        0.646089,
        0.839603,
        0.5856549999999999,
        0.847813,
        0.765946,
        1.224907,
        0.560807,
        0.90095,
        0.986606,
        3.507542,
        0.569782,
        0.973533,
        0.7330599999999999,
        0.555296,
        0.7752469999999999,
        1.161995,
        0.623696,
        0.685139
    ],
    [
        2.14392,
        1.404635,
        1.794731,
        2.154426,
        1.017026,
        1.599047,
        1.549464,
        0.546705,
        1.913229,
        1.751087,
        1.76774,
        0.0,
        1.5582850000000001,
        1.487302,
        1.316564,
        2.356821,
        1.440442,
        1.1322699999999999,
        1.994891,
        1.663885,
        0.905022,
        3.5363719999999996,
        1.142662,
        1.625758,
        1.5414269999999999,
        1.530117,
        1.148337,
        2.7464389999999996,
        1.557629,
        2.664664,
        1.608272,
        1.5087460000000001,
        1.172124,
        2.2943960000000003,
        4.24162,
        3.221641,
        1.903348,
        1.8656510000000002,
        0.65863,
        1.396643,
        1.808218,
        1.725832,
        2.0548859999999998,
        1.8394439999999999,
        1.508408,
        1.003112,
        2.174743,
        0.560322,
        1.774533,
        1.90079,
        0.78191,
        4.022163,
        1.683726,
        0.82053,
        2.141857,
        1.823363,
        1.018388,
        0.6057440000000001,
        1.213098,
        1.607892
    ],
    [
        0.89587,
        0.5987659999999999,
        0.5466810000000001,
        1.176078,
        0.541259,
        0.350997,
        0.032146999999999995,
        1.030206,
        0.66518,
        0.578387,
        0.635532,
        1.5582850000000001,
        0.0,
        0.11902599999999999,
        0.7203350000000001,
        1.33627,
        0.144945,
        1.559549,
        1.501085,
        0.5450969999999999,
        0.653263,
        2.288322,
        0.41562299999999996,
        0.20049899999999998,
        0.427736,
        0.07621,
        0.428579,
        1.573052,
        1.3955199999999999,
        1.416614,
        0.63124,
        0.049539,
        0.439596,
        1.046346,
        2.99357,
        2.129118,
        1.4095419999999999,
        0.617602,
        0.929892,
        0.45478500000000005,
        0.560168,
        1.388517,
        0.806836,
        0.591394,
        0.083149,
        0.590686,
        0.926693,
        1.020269,
        0.5264840000000001,
        0.65274,
        0.786083,
        3.882173,
        0.435676,
        0.782709,
        0.893807,
        0.845016,
        0.831622,
        0.971171,
        0.455098,
        0.049608
    ],
    [
        0.5186219999999999,
        0.5277820000000001,
        0.357711,
        0.835441,
        0.470275,
        0.16202699999999998,
        0.08687900000000001,
        0.959222,
        0.47620999999999997,
        0.38941699999999996,
        0.533098,
        1.487302,
        0.11902599999999999,
        0.0,
        0.6493519999999999,
        0.995633,
        0.142626,
        1.4885650000000001,
        1.312115,
        0.356127,
        0.582279,
        2.0993519999999997,
        0.34463900000000003,
        0.27484,
        0.466858,
        0.042816,
        0.357596,
        1.384082,
        1.3245360000000002,
        1.227644,
        0.44227,
        0.127597,
        0.368613,
        0.857376,
        2.8045999999999998,
        1.7518699999999998,
        1.220572,
        0.428632,
        0.858909,
        0.38380200000000003,
        0.371198,
        1.199547,
        0.429588,
        0.402424,
        0.15749000000000002,
        0.519703,
        0.5494450000000001,
        0.942935,
        0.33751400000000004,
        0.46376999999999996,
        0.7151000000000001,
        3.672337,
        0.24670599999999998,
        0.711725,
        0.516559,
        0.504378,
        0.760638,
        0.900188,
        0.38411399999999996,
        0.16863399999999998
    ],
    [
        0.815394,
        0.245332,
        0.956781,
        0.837862,
        0.513656,
        0.761097,
        0.568144,
        0.794667,
        1.075279,
        0.988487,
        0.479802,
        1.316564,
        0.7203350000000001,
        0.6493519999999999,
        0.0,
        1.040256,
        0.605888,
        1.000644,
        1.910576,
        0.958912,
        0.5389740000000001,
        2.285791,
        0.507883,
        0.38697699999999996,
        0.785981,
        0.570553,
        0.543037,
        1.990993,
        0.705557,
        1.432875,
        0.852826,
        0.6745099999999999,
        0.5540539999999999,
        1.259018,
        2.921635,
        1.905077,
        1.819033,
        1.0314169999999998,
        0.688172,
        0.641197,
        0.9739829999999999,
        1.787921,
        0.72636,
        1.0052079999999999,
        0.674173,
        0.510977,
        0.846217,
        0.778548,
        0.940298,
        1.0665550000000001,
        0.544363,
        3.192211,
        0.849491,
        0.596347,
        0.813331,
        0.506799,
        0.333004,
        0.7848099999999999,
        0.437446,
        0.773657
    ],
    [
        0.892668,
        1.177772,
        1.307938,
        0.226655,
        1.553912,
        1.126246,
        0.950408,
        1.834923,
        1.2516559999999999,
        1.3396430000000001,
        1.059479,
        2.356821,
        1.33627,
        0.995633,
        1.040256,
        0.0,
        1.2606300000000001,
        2.040901,
        2.360185,
        1.347164,
        1.57923,
        1.537728,
        1.371064,
        0.978318,
        1.382067,
        0.99502,
        1.3973659999999999,
        2.062461,
        1.1065260000000001,
        0.775237,
        1.448912,
        1.328934,
        1.408383,
        1.232859,
        1.881378,
        1.157014,
        2.268642,
        1.2019680000000001,
        1.728428,
        1.4106130000000001,
        1.1445340000000002,
        2.247617,
        0.841666,
        1.1930820000000002,
        1.328597,
        1.5512329999999999,
        0.923492,
        1.818804,
        1.32855,
        1.200518,
        1.584619,
        2.79888,
        1.237743,
        1.636603,
        0.890605,
        0.536959,
        1.373261,
        1.825066,
        1.300628,
        1.428081
    ],
    [
        0.778027,
        0.480923,
        0.428838,
        1.0582349999999998,
        0.423416,
        0.233154,
        0.136124,
        0.912362,
        0.547336,
        0.460544,
        0.570791,
        1.440442,
        0.144945,
        0.142626,
        0.605888,
        1.2606300000000001,
        0.0,
        1.441705,
        1.383241,
        0.427254,
        0.535419,
        2.170479,
        0.29778,
        0.212418,
        0.481726,
        0.122741,
        0.310736,
        1.455208,
        1.277676,
        1.298771,
        0.513396,
        0.095405,
        0.321753,
        0.9285019999999999,
        2.875727,
        2.011275,
        1.291698,
        0.499758,
        0.812049,
        0.336942,
        0.44232499999999997,
        1.270674,
        0.6889930000000001,
        0.473551,
        0.095068,
        0.472843,
        0.8088500000000001,
        0.9024249999999999,
        0.40864,
        0.5348970000000001,
        0.6682400000000001,
        3.764329,
        0.31783300000000003,
        0.664865,
        0.7759640000000001,
        0.727173,
        0.713778,
        0.853328,
        0.33725499999999997,
        0.194552
    ],
    [
        1.816038,
        1.2459760000000002,
        1.7959949999999998,
        1.8385060000000002,
        1.01829,
        1.6003109999999998,
        1.550728,
        0.746464,
        1.914493,
        1.8277,
        1.480446,
        1.1322699999999999,
        1.559549,
        1.4885650000000001,
        1.000644,
        2.040901,
        1.441705,
        0.0,
        2.714957,
        1.794411,
        0.9062859999999999,
        3.286435,
        1.143926,
        1.387621,
        1.590362,
        1.531381,
        1.2025599999999999,
        2.796221,
        0.969992,
        2.43352,
        1.657207,
        1.510009,
        1.221059,
        2.295659,
        3.821555,
        2.905721,
        2.6234140000000004,
        1.8669149999999999,
        0.642061,
        1.4464249999999998,
        1.809482,
        2.4671819999999998,
        1.727004,
        1.840707,
        1.5096720000000001,
        1.004376,
        1.846862,
        0.7409049999999999,
        1.775797,
        1.9020540000000001,
        0.795621,
        3.154857,
        1.68499,
        0.951794,
        1.813975,
        1.507444,
        1.019652,
        0.791346,
        1.2143620000000002,
        1.609156
    ],
    [
        1.6075519999999999,
        1.7852919999999999,
        1.01481,
        2.157316,
        1.696667,
        1.195816,
        1.398993,
        1.9459110000000002,
        1.305967,
        1.0177859999999999,
        1.504106,
        1.994891,
        1.501085,
        1.312115,
        1.910576,
        2.360185,
        1.383241,
        2.714957,
        0.0,
        1.121669,
        1.8312380000000001,
        3.057226,
        1.5935979999999998,
        1.568558,
        1.162723,
        1.354931,
        1.540252,
        1.924184,
        2.58576,
        2.185517,
        1.255074,
        1.451545,
        1.54595,
        1.73878,
        3.762474,
        2.8980210000000004,
        0.09154300000000001,
        1.258389,
        2.107867,
        1.310157,
        1.3290719999999998,
        1.029134,
        1.575739,
        1.2141549999999999,
        1.451208,
        1.768661,
        1.695597,
        1.948298,
        0.9946119999999999,
        1.421644,
        1.964058,
        4.970466,
        1.0904760000000002,
        1.7842449999999999,
        1.6627100000000001,
        1.7696939999999999,
        2.009597,
        1.999031,
        1.633073,
        1.550692
    ],
    [
        0.7087859999999999,
        0.833628,
        0.164626,
        1.144769,
        0.776121,
        0.239828,
        0.44300599999999996,
        1.117175,
        0.47809500000000005,
        0.101243,
        0.482557,
        1.663885,
        0.5450969999999999,
        0.356127,
        0.958912,
        1.347164,
        0.427254,
        1.794411,
        1.121669,
        0.0,
        0.838659,
        2.101238,
        0.601019,
        0.612571,
        0.13641,
        0.398943,
        0.547674,
        1.193636,
        1.630381,
        1.22953,
        0.133405,
        0.495558,
        0.553371,
        0.8592609999999999,
        2.806486,
        1.942034,
        1.040213,
        0.43051799999999996,
        1.115289,
        0.347733,
        0.373084,
        1.009102,
        0.619752,
        0.40431,
        0.49522000000000005,
        0.776083,
        0.7396090000000001,
        1.153177,
        0.124417,
        0.465656,
        0.97148,
        3.930201,
        0.134488,
        0.901803,
        0.706723,
        0.813707,
        1.017018,
        1.0902660000000002,
        0.640494,
        0.594705
    ],
    [
        1.238897,
        0.499613,
        0.8897079999999999,
        1.376836,
        0.112004,
        0.694024,
        0.644442,
        0.383125,
        1.008207,
        0.921414,
        0.910389,
        0.905022,
        0.653263,
        0.582279,
        0.5389740000000001,
        1.57923,
        0.535419,
        0.9062859999999999,
        1.8312380000000001,
        0.838659,
        0.0,
        2.63135,
        0.23764,
        0.720736,
        0.684076,
        0.6250950000000001,
        0.296274,
        1.8890879999999999,
        1.021522,
        1.759641,
        0.7509210000000001,
        0.603723,
        0.314773,
        1.389373,
        3.336598,
        2.444051,
        1.717128,
        0.9606290000000001,
        0.27663,
        0.539292,
        0.903196,
        1.6127660000000001,
        1.149863,
        0.9344210000000001,
        0.603386,
        0.09809,
        1.269721,
        0.367006,
        0.8695109999999999,
        0.995768,
        0.132821,
        3.561175,
        0.7787029999999999,
        0.184805,
        1.236834,
        1.0457729999999998,
        0.240798,
        0.373268,
        0.308076,
        0.70287
    ],
    [
        1.531542,
        2.423306,
        2.102822,
        1.5855350000000001,
        2.519346,
        1.9830530000000002,
        2.0049390000000002,
        3.008293,
        1.686719,
        2.134528,
        2.334287,
        3.5363719999999996,
        2.288322,
        2.0993519999999997,
        2.285791,
        1.537728,
        2.170479,
        3.286435,
        3.057226,
        2.101238,
        2.63135,
        0.0,
        2.3965419999999997,
        2.114964,
        2.214801,
        2.145,
        2.409498,
        2.496161,
        2.402775,
        0.87454,
        2.190212,
        2.241615,
        2.420515,
        1.594683,
        0.740267,
        0.489579,
        2.887332,
        1.726982,
        2.9108110000000003,
        2.4357040000000003,
        1.7309860000000001,
        2.866307,
        1.690912,
        1.7647190000000001,
        2.241277,
        2.571605,
        1.5035509999999999,
        3.001188,
        2.085456,
        1.638414,
        2.7670019999999997,
        3.420478,
        1.994649,
        2.763627,
        1.5364369999999998,
        1.786414,
        2.606711,
        2.95209,
        2.4360169999999997,
        2.3407620000000002
    ],
    [
        1.001258,
        0.261973,
        0.652069,
        1.16867,
        0.125636,
        0.456385,
        0.406802,
        0.618148,
        0.770567,
        0.683775,
        0.672749,
        1.142662,
        0.41562299999999996,
        0.34463900000000003,
        0.507883,
        1.371064,
        0.29778,
        1.143926,
        1.5935979999999998,
        0.601019,
        0.23764,
        2.3965419999999997,
        0.0,
        0.483096,
        0.446436,
        0.387455,
        0.066116,
        1.651448,
        1.1005239999999998,
        1.5220019999999999,
        0.513281,
        0.36608300000000005,
        0.077133,
        1.151733,
        3.098958,
        2.2345059999999997,
        1.4794880000000001,
        0.722989,
        0.51427,
        0.301652,
        0.665556,
        1.478254,
        0.912224,
        0.696781,
        0.36574599999999996,
        0.175064,
        1.0320809999999998,
        0.6046459999999999,
        0.631871,
        0.758128,
        0.37046100000000004,
        3.640177,
        0.541064,
        0.370651,
        0.999195,
        0.850953,
        0.415999,
        0.559114,
        0.07043600000000001,
        0.46523000000000003
    ],
    [
        0.513086,
        0.40914999999999996,
        0.614155,
        0.775923,
        0.608733,
        0.418471,
        0.191678,
        1.097679,
        0.732653,
        0.64586,
        0.306705,
        1.625758,
        0.20049899999999998,
        0.27484,
        0.38697699999999996,
        0.978318,
        0.212418,
        1.387621,
        1.568558,
        0.612571,
        0.720736,
        2.114964,
        0.483096,
        0.0,
        0.49521,
        0.235741,
        0.496053,
        1.6405260000000002,
        1.0621610000000001,
        1.17292,
        0.6987129999999999,
        0.15096,
        0.50707,
        0.9567100000000001,
        2.749876,
        1.746334,
        1.4770150000000002,
        0.6850750000000001,
        0.997366,
        0.522259,
        0.627642,
        1.455991,
        0.42405200000000004,
        0.658867,
        0.11735,
        0.65816,
        0.543909,
        1.087742,
        0.593957,
        0.720214,
        0.853557,
        3.447259,
        0.50315,
        0.850182,
        0.511023,
        0.452093,
        0.682422,
        1.038645,
        0.522571,
        0.250107
    ],
    [
        0.819517,
        0.660697,
        0.277052,
        1.179672,
        0.572072,
        0.35056,
        0.5537369999999999,
        0.994717,
        0.588827,
        0.177534,
        0.360099,
        1.5414269999999999,
        0.427736,
        0.466858,
        0.785981,
        1.382067,
        0.481726,
        1.590362,
        1.162723,
        0.13641,
        0.684076,
        2.214801,
        0.446436,
        0.49521,
        0.0,
        0.405532,
        0.425216,
        1.2198930000000001,
        1.493291,
        1.340261,
        0.182305,
        0.378197,
        0.43091399999999996,
        0.9699930000000001,
        2.9172179999999996,
        2.052765,
        1.0524639999999998,
        0.541249,
        0.992831,
        0.225276,
        0.48381599999999997,
        1.021353,
        0.730483,
        0.5150410000000001,
        0.37786000000000003,
        0.653625,
        0.85034,
        1.03072,
        0.200708,
        0.576387,
        0.849022,
        3.807744,
        0.24522,
        0.7793450000000001,
        0.8174539999999999,
        0.84861,
        0.8945599999999999,
        0.967808,
        0.5180370000000001,
        0.477344
    ],
    [
        0.475806,
        0.5705979999999999,
        0.40052699999999997,
        0.792625,
        0.513091,
        0.204843,
        0.044063000000000005,
        1.002038,
        0.519026,
        0.432233,
        0.490282,
        1.530117,
        0.07621,
        0.042816,
        0.570553,
        0.99502,
        0.122741,
        1.531381,
        1.354931,
        0.398943,
        0.6250950000000001,
        2.145,
        0.387455,
        0.235741,
        0.405532,
        0.0,
        0.400412,
        1.426898,
        1.3673520000000001,
        1.1356400000000002,
        0.485086,
        0.08478100000000001,
        0.411429,
        0.900192,
        2.712596,
        1.709054,
        1.263388,
        0.471448,
        0.901725,
        0.426618,
        0.414014,
        1.242363,
        0.386772,
        0.44524,
        0.11839100000000001,
        0.562519,
        0.506629,
        0.992101,
        0.38032900000000003,
        0.506586,
        0.757916,
        3.629521,
        0.289522,
        0.754541,
        0.47374299999999997,
        0.461563,
        0.803454,
        0.9430040000000001,
        0.42693000000000003,
        0.12581799999999999
    ],
    [
        1.014214,
        0.297128,
        0.665025,
        1.194971,
        0.184271,
        0.469341,
        0.41975799999999996,
        0.6016269999999999,
        0.783524,
        0.60275,
        0.619403,
        1.148337,
        0.428579,
        0.357596,
        0.543037,
        1.3973659999999999,
        0.310736,
        1.2025599999999999,
        1.540252,
        0.547674,
        0.296274,
        2.409498,
        0.066116,
        0.496053,
        0.425216,
        0.400412,
        0.0,
        1.5981020000000001,
        1.159158,
        1.534958,
        0.45993599999999996,
        0.37904000000000004,
        0.023787,
        1.16469,
        3.111914,
        2.247462,
        1.426142,
        0.735946,
        0.572904,
        0.248306,
        0.6785119999999999,
        1.4249079999999998,
        0.92518,
        0.7097380000000001,
        0.37870299999999996,
        0.23103,
        1.045037,
        0.605504,
        0.644828,
        0.771084,
        0.429095,
        3.698811,
        0.55402,
        0.354129,
        1.012151,
        0.863909,
        0.47463299999999997,
        0.542592,
        0.10559099999999999,
        0.47818700000000003
    ],
    [
        1.2732260000000002,
        1.865709,
        1.086777,
        2.0198430000000003,
        1.777084,
        1.2677829999999999,
        1.470961,
        2.1997289999999996,
        0.93528,
        1.089754,
        1.579992,
        2.7464389999999996,
        1.573052,
        1.384082,
        1.990993,
        2.062461,
        1.455208,
        2.796221,
        1.924184,
        1.193636,
        1.8890879999999999,
        2.496161,
        1.651448,
        1.6405260000000002,
        1.2198930000000001,
        1.426898,
        1.5981020000000001,
        0.0,
        2.658336,
        1.6216210000000002,
        1.3270419999999998,
        1.523513,
        1.626367,
        0.931407,
        3.1985770000000002,
        2.431359,
        1.8326410000000002,
        1.059129,
        2.188285,
        1.390574,
        1.1165630000000002,
        1.8192249999999999,
        1.468867,
        1.103363,
        1.523175,
        1.849079,
        1.242403,
        2.2261729999999997,
        1.0665799999999999,
        1.1222919999999998,
        2.044476,
        4.806827,
        1.162443,
        1.974799,
        1.275289,
        1.814924,
        2.090014,
        2.163262,
        1.71349,
        1.62266
    ],
    [
        1.494262,
        0.920517,
        1.6319659999999998,
        0.829324,
        1.069783,
        1.4362819999999998,
        1.243329,
        1.0357319999999999,
        1.750464,
        1.6636710000000001,
        1.154987,
        1.557629,
        1.3955199999999999,
        1.3245360000000002,
        0.705557,
        1.1065260000000001,
        1.277676,
        0.969992,
        2.58576,
        1.630381,
        1.021522,
        2.402775,
        1.1005239999999998,
        1.0621610000000001,
        1.493291,
        1.3673520000000001,
        1.159158,
        2.658336,
        0.0,
        1.561944,
        1.528011,
        1.3496949999999999,
        1.177657,
        2.019322,
        2.851562,
        2.034145,
        2.494217,
        1.706601,
        0.910785,
        1.3163820000000002,
        1.6491669999999998,
        2.4631060000000002,
        1.401545,
        1.680393,
        1.349358,
        1.051924,
        1.5499459999999998,
        1.019613,
        1.615164,
        1.74174,
        1.0092809999999999,
        2.567412,
        1.524675,
        1.0612650000000001,
        1.5170599999999999,
        0.9738060000000001,
        0.889131,
        1.080614,
        1.111076,
        1.4488420000000002
    ],
    [
        0.6598339999999999,
        1.570391,
        1.231114,
        0.73262,
        1.647638,
        1.111345,
        1.133231,
        2.136585,
        0.8150109999999999,
        1.2628199999999998,
        1.4813720000000001,
        2.664664,
        1.416614,
        1.227644,
        1.432875,
        0.775237,
        1.298771,
        2.43352,
        2.185517,
        1.22953,
        1.759641,
        0.87454,
        1.5220019999999999,
        1.17292,
        1.340261,
        1.1356400000000002,
        1.534958,
        1.6216210000000002,
        1.561944,
        0.0,
        1.315673,
        1.367075,
        1.5459749999999999,
        0.720143,
        1.5769559999999998,
        0.8758980000000001,
        2.012792,
        0.852442,
        2.036271,
        1.561164,
        0.856446,
        1.991767,
        0.7488680000000001,
        0.8901789999999999,
        1.366737,
        1.697065,
        0.629011,
        2.1266480000000003,
        1.2109159999999999,
        0.763874,
        1.892462,
        3.468737,
        1.120109,
        1.8890879999999999,
        0.6618970000000001,
        0.945583,
        1.7658800000000001,
        2.07755,
        1.561477,
        1.466222
    ],
    [
        0.794929,
        0.727542,
        0.308809,
        1.246517,
        0.6389170000000001,
        0.325971,
        0.5291480000000001,
        1.061562,
        0.564238,
        0.234648,
        0.426944,
        1.608272,
        0.63124,
        0.44227,
        0.852826,
        1.448912,
        0.513396,
        1.657207,
        1.255074,
        0.133405,
        0.7509210000000001,
        2.190212,
        0.513281,
        0.6987129999999999,
        0.182305,
        0.485086,
        0.45993599999999996,
        1.3270419999999998,
        1.528011,
        1.315673,
        0.0,
        0.445042,
        0.497759,
        0.945404,
        2.892629,
        2.0281759999999998,
        1.1736179999999998,
        0.51666,
        1.0596759999999998,
        0.29212099999999996,
        0.459227,
        1.1425070000000002,
        0.705894,
        0.490452,
        0.444704,
        0.72047,
        0.8257519999999999,
        1.0975650000000001,
        0.257822,
        0.5517989999999999,
        0.915867,
        3.874588,
        0.220631,
        0.8461900000000001,
        0.792865,
        0.915455,
        0.961405,
        1.034653,
        0.5848819999999999,
        0.5441889999999999
    ],
    [
        0.846331,
        0.549227,
        0.497142,
        1.126539,
        0.49172000000000005,
        0.301458,
        0.040718000000000004,
        0.980666,
        0.61564,
        0.528848,
        0.585992,
        1.5087460000000001,
        0.049539,
        0.127597,
        0.6745099999999999,
        1.328934,
        0.095405,
        1.510009,
        1.451545,
        0.495558,
        0.603723,
        2.241615,
        0.36608300000000005,
        0.15096,
        0.378197,
        0.08478100000000001,
        0.37904000000000004,
        1.523513,
        1.3496949999999999,
        1.367075,
        0.445042,
        0.0,
        0.39005700000000004,
        0.9968060000000001,
        2.944031,
        2.0795790000000003,
        1.360002,
        0.5680620000000001,
        0.8803529999999999,
        0.405246,
        0.510629,
        1.338978,
        0.757297,
        0.5418540000000001,
        0.03361,
        0.541147,
        0.877154,
        0.9707290000000001,
        0.47694400000000003,
        0.603201,
        0.736544,
        3.832633,
        0.386137,
        0.733169,
        0.844268,
        0.795477,
        0.7820819999999999,
        0.9216319999999999,
        0.405559,
        0.099147
    ],
    [
        1.025231,
        0.308145,
        0.676042,
        1.205988,
        0.202769,
        0.480358,
        0.43077499999999996,
        0.625414,
        0.7945399999999999,
        0.608448,
        0.625101,
        1.172124,
        0.439596,
        0.368613,
        0.5540539999999999,
        1.408383,
        0.321753,
        1.221059,
        1.54595,
        0.553371,
        0.314773,
        2.420515,
        0.077133,
        0.50707,
        0.43091399999999996,
        0.411429,
