[
    [
        0.0,
        1.6780650000000001,
        1.9864849999999998,
        2.004734,
        0.21104,
        2.282235,
        0.546481,
        2.16215,
        1.790566,
        2.993473,
        2.044514,
        2.192627,
        1.449374,
        1.798866,
        2.528812,
        1.6534280000000001,
        1.588737,
        3.762644,
        4.604596,
        1.8750719999999998,
        3.783512,
        1.650967,
        2.4203040000000002,
        2.278855,
        3.460087,
        1.359184,
        2.254271,
        1.802122,
        1.669942,
        1.995999,
        0.884479,
        3.7547759999999997,
        3.2119720000000003,
        2.724592,
        1.6939469999999999,
        1.835498,
        2.582599,
        5.20808,
        0.91314,
        1.248882,
        1.7919749999999999,
        2.4016129999999998,
        1.642765,
        3.618163,
        3.910249,
        1.396708,
        2.318075,
        2.275639,
        3.313318,
        0.895353,
        1.635395,
        2.135632,
        2.3618180000000004,
        2.344792,
        0.91314,
        2.056,
        3.360472,
        1.562913,
        2.037705,
        1.550419
    ],
    [
        1.6780650000000001,
        0.0,
        0.587066,
        1.10208,
        1.373109,
        0.882816,
        2.0615569999999996,
        0.76273,
        0.271252,
        1.477346,
        0.823732,
        0.5998049999999999,
        0.640608,
        0.41391300000000003,
        1.502646,
        0.814411,
        0.7385309999999999,
        2.51756,
        3.186727,
        0.8951079999999999,
        2.5384279999999997,
        0.8119489999999999,
        1.020885,
        1.860069,
        2.175021,
        0.520167,
        0.854852,
        1.3914549999999999,
        0.862214,
        0.823732,
        1.7233800000000001,
        2.930698,
        1.9539900000000001,
        1.698426,
        0.85493,
        1.4818959999999999,
        1.651178,
        3.79021,
        2.4572849999999997,
        0.463794,
        2.2997330000000002,
        1.002194,
        0.803747,
        2.360181,
        2.6522669999999997,
        1.07635,
        1.292665,
        2.196048,
        2.7960920000000002,
        2.450896,
        0.615317,
        1.6612159999999998,
        1.392231,
        0.945372,
        2.4572849999999997,
        1.636883,
        2.3908850000000004,
        0.723896,
        1.585627,
        1.63613
    ],
    [
        1.9864849999999998,
        0.587066,
        0.0,
        0.6346689999999999,
        1.7701120000000001,
        0.31555900000000003,
        2.458561,
        0.195473,
        0.31581400000000004,
        1.151128,
        0.26621,
        0.5545910000000001,
        1.1309369999999999,
        0.21676499999999999,
        1.862626,
        0.664654,
        0.47940699999999997,
        2.199508,
        2.867399,
        0.427697,
        2.2203760000000003,
        0.567036,
        0.453628,
        1.3602290000000001,
        1.6348479999999999,
        0.731346,
        0.28759500000000005,
        1.8642999999999998,
        0.394803,
        0.356321,
        2.2306329999999996,
        2.387495,
        1.386733,
        2.00179,
        0.610017,
        1.4051040000000001,
        2.13714,
        3.4708829999999997,
        2.854288,
        0.8087329999999999,
        2.7738090000000004,
        0.434937,
        0.542532,
        1.792924,
        2.08501,
        1.549196,
        1.2954590000000001,
        2.68201,
        3.281727,
        2.8969609999999997,
        0.418168,
        2.147177,
        1.878192,
        0.37811500000000003,
        2.854288,
        1.16824,
        2.724865,
        0.574139,
        1.202323,
        1.9224
    ],
    [
        2.004734,
        1.10208,
        0.6346689999999999,
        0.0,
        1.7699010000000002,
        0.9108809999999999,
        2.45835,
        0.790796,
        0.830828,
        1.775528,
        0.628072,
        1.153875,
        1.645951,
        0.6884969999999999,
        2.493309,
        0.48087599999999997,
        0.433031,
        2.83019,
        3.253237,
        0.45863,
        2.851058,
        0.363803,
        1.04895,
        0.771548,
        1.994421,
        0.6350520000000001,
        0.8829170000000001,
        2.379314,
        0.521116,
        0.579557,
        2.6029250000000004,
        2.01565,
        1.7463060000000001,
        2.6324720000000004,
        0.406783,
        0.8035950000000001,
        2.639038,
        4.091397,
        2.854077,
        0.762356,
        3.288823,
        1.030259,
        0.339298,
        2.152497,
        2.444583,
        2.064209,
        1.894744,
        3.183907,
        3.783951,
        2.749151,
        0.5588500000000001,
        2.649075,
        2.38009,
        0.9705,
        2.854077,
        0.6237849999999999,
        3.355547,
        0.475008,
        0.6632250000000001,
        1.357433
    ],
    [
        0.21104,
        1.373109,
        1.7701120000000001,
        1.7699010000000002,
        0.0,
        2.071196,
        0.688449,
        1.95111,
        1.579526,
        2.832767,
        1.8334739999999998,
        1.981587,
        1.2924259999999999,
        1.587827,
        2.3855340000000003,
        1.442388,
        1.377697,
        3.619366,
        4.436053,
        1.664032,
        3.640235,
        1.439927,
        2.209264,
        2.206756,
        3.249047,
        1.148145,
        2.043232,
        1.71162,
        1.4589020000000001,
        1.784959,
        1.095518,
        3.640341,
        3.0009319999999997,
        2.581314,
        1.482907,
        1.763398,
        2.4774879999999997,
        5.039537,
        1.084176,
        1.0378420000000002,
        2.003015,
        2.1905729999999997,
        1.431725,
        3.407123,
        3.6992089999999997,
        1.367405,
        2.1747979999999996,
        2.452239,
        3.318752,
        1.0817729999999999,
        1.424355,
        2.045131,
        2.218541,
        2.133752,
        1.084176,
        1.9839010000000001,
        3.2171950000000002,
        1.351874,
        1.965605,
        1.4783199999999999
    ],
    [
        2.282235,
        0.882816,
        0.31555900000000003,
        0.9108809999999999,
        2.071196,
        0.0,
        2.819456,
        0.208499,
        0.611564,
        0.864647,
        0.292814,
        0.6390410000000001,
        1.1984480000000002,
        0.5125149999999999,
        1.74849,
        0.9353319999999999,
        0.750085,
        1.985356,
        2.577032,
        0.696034,
        2.006224,
        0.8377140000000001,
        0.138069,
        1.564545,
        1.466243,
        1.002024,
        0.027964,
        1.936146,
        0.665481,
        0.624658,
        2.298143,
        2.3913919999999997,
        1.252116,
        1.887653,
        0.880694,
        1.675654,
        2.124899,
        3.180516,
        3.221049,
        1.07941,
        2.84132,
        0.119378,
        0.81321,
        1.658107,
        1.950393,
        1.6179359999999998,
        1.4351369999999999,
        2.684168,
        3.258559,
        3.1676390000000003,
        0.713918,
        2.196406,
        1.8443669999999999,
        0.220791,
        3.221049,
        1.371808,
        2.6107289999999996,
        0.844817,
        1.405891,
        2.193077
    ],
    [
        0.546481,
        2.0615569999999996,
        2.458561,
        2.45835,
        0.688449,
        2.819456,
        0.0,
        2.678245,
        2.267975,
        3.4770700000000003,
        2.515521,
        2.670036,
        1.932972,
        2.2698739999999997,
        2.997658,
        2.10684,
        2.0597440000000002,
        4.246241,
        5.088193,
        2.3460799999999997,
        4.2671090000000005,
        2.1043789999999998,
        2.9363989999999998,
        2.690473,
        3.931095,
        1.812597,
        2.7703670000000002,
        2.2943569999999998,
        2.140949,
        2.467006,
        1.0129489999999999,
        4.166326,
        3.682979,
        3.251485,
        2.147359,
        2.2472130000000003,
        3.089896,
        5.691676999999999,
        0.329586,
        1.726291,
        1.870084,
        2.917708,
        2.096177,
        4.08897,
        4.3812560000000005,
        1.888944,
        2.801672,
        2.748442,
        3.5452719999999998,
        0.8970520000000001,
        2.106402,
        2.658433,
        2.845415,
        2.8579369999999997,
        0.329586,
        2.467716,
        3.7006289999999997,
        2.016326,
        2.44942,
        1.928136
    ],
    [
        2.16215,
        0.76273,
        0.195473,
        0.790796,
        1.95111,
        0.208499,
        2.678245,
        0.0,
        0.491478,
        0.973198,
        0.17272800000000002,
        0.655157,
        1.245549,
        0.392429,
        1.839966,
        0.815246,
        0.63,
        2.076833,
        2.689469,
        0.5759489999999999,
        2.097701,
        0.717628,
        0.346567,
        1.4437119999999999,
        1.527788,
        0.8819389999999999,
        0.180534,
        1.983246,
        0.545395,
        0.5069130000000001,
        2.345244,
        2.294013,
        1.279673,
        1.97913,
        0.7606090000000001,
        1.555568,
        2.216375,
        3.2929540000000004,
        3.095098,
        0.9593250000000001,
        2.8884209999999997,
        0.327876,
        0.6931240000000001,
        1.685663,
        1.97795,
        1.7069839999999998,
        1.5266140000000001,
        2.7498679999999998,
        3.3500349999999997,
        3.047554,
        0.5938329999999999,
        2.215035,
        1.9358440000000001,
        0.271055,
        3.095098,
        1.251722,
        2.7022049999999997,
        0.724731,
        1.285805,
        2.072992
    ],
    [
        1.790566,
        0.271252,
        0.31581400000000004,
        0.830828,
        1.579526,
        0.611564,
        2.267975,
        0.491478,
        0.0,
        1.351606,
        0.55248,
        0.473457,
        0.815123,
        0.16227,
        1.679419,
        0.8608129999999999,
        0.675566,
        2.391819,
        3.060987,
        0.623857,
        2.412688,
        0.7631950000000001,
        0.749633,
        1.588817,
        1.9308530000000002,
        0.697046,
        0.5836,
        1.548486,
        0.590962,
        0.55248,
        1.914819,
        2.659447,
        1.682738,
        1.875199,
        0.806176,
        1.658775,
        1.80821,
        3.6644699999999997,
        2.7028820000000002,
        0.640672,
        2.457995,
        0.730942,
        0.738691,
        2.0889290000000003,
        2.3810149999999997,
        1.233382,
        1.282943,
        2.35308,
        2.953124,
        2.696494,
        0.363674,
        1.818248,
        1.549262,
        0.67412,
        2.7028820000000002,
        1.396827,
        2.547917,
        0.770298,
        1.430911,
        1.813009
    ],
    [
        2.993473,
        1.477346,
        1.151128,
        1.775528,
        2.832767,
        0.864647,
        3.4770700000000003,
        0.973198,
        1.351606,
        0.0,
        1.148611,
        1.20842,
        1.474413,
        1.3636199999999998,
        1.3764960000000002,
        1.791129,
        1.605882,
        1.529101,
        1.7193859999999999,
        1.551831,
        1.5499690000000002,
        1.693511,
        0.7267250000000001,
        2.419594,
        1.319809,
        1.855137,
        0.892852,
        1.709406,
        1.5212780000000001,
        1.482796,
        2.509474,
        2.755652,
        1.2564559999999998,
        1.496566,
        1.736491,
        2.692519,
        1.733811,
        2.32287,
        3.518363,
        1.932523,
        2.623561,
        0.7454160000000001,
        1.669006,
        1.499487,
        1.8353949999999999,
        1.5952760000000001,
        1.063144,
        2.3121750000000003,
        2.827487,
        3.811974,
        1.567708,
        1.824413,
        1.472374,
        0.80859,
        3.518363,
        2.264941,
        2.179658,
        1.700614,
        2.3099879999999997,
        3.0488739999999996
    ],
    [
        2.044514,
        0.823732,
        0.26621,
        0.628072,
        1.8334739999999998,
        0.292814,
        2.515521,
        0.17272800000000002,
        0.55248,
        1.148611,
        0.0,
        0.8237599999999999,
        1.3676030000000001,
        0.426334,
        2.012695,
        0.658057,
        0.472811,
        2.2495610000000004,
        2.869846,
        0.48038200000000003,
        2.270429,
        0.56044,
        0.43088299999999996,
        1.270983,
        1.5613800000000002,
        0.72475,
        0.26485000000000003,
        2.1009670000000003,
        0.5624750000000001,
        0.523993,
        2.467299,
        2.121285,
        1.3132650000000001,
        2.1518580000000003,
        0.60342,
        1.495608,
        2.3891039999999997,
        3.47333,
        2.943775,
        0.802136,
        3.010475,
        0.412192,
        0.5359349999999999,
        1.7192550000000002,
        2.011542,
        1.785862,
        1.6993420000000001,
        2.90556,
        3.522763,
        2.8903649999999996,
        0.59863,
        2.370728,
        2.101742,
        0.34751,
        2.943775,
        1.078994,
        2.874934,
        0.567542,
        1.113077,
        1.9158030000000001
    ],
    [
        2.192627,
        0.5998049999999999,
        0.5545910000000001,
        1.153875,
        1.981587,
        0.6390410000000001,
        2.670036,
        0.655157,
        0.473457,
        1.20842,
        0.8237599999999999,
        0.0,
        0.911276,
        0.618073,
        1.775572,
        1.183861,
        0.998614,
        2.248633,
        2.917801,
        0.946904,
        2.269502,
        1.0862429999999998,
        0.7705919999999999,
        1.911865,
        1.902653,
        1.0817750000000002,
        0.79434,
        1.648974,
        0.91401,
        0.875528,
        2.0109719999999998,
        2.945045,
        1.7526140000000001,
        1.975261,
        1.1292229999999999,
        1.9243109999999999,
        1.911802,
        3.521284,
        2.975632,
        1.025401,
        2.554148,
        0.7519009999999999,
        1.061739,
        2.1588049999999996,
        2.450891,
        1.372712,
        1.165532,
        2.456672,
        3.05639,
        3.0397939999999997,
        0.819477,
        1.92184,
        1.652855,
        0.8908630000000001,
        2.975632,
        1.719875,
        2.65151,
        1.093346,
        1.751056,
        2.1977379999999997
    ],
    [
        1.449374,
        0.640608,
        1.1309369999999999,
        1.645951,
        1.2924259999999999,
        1.1984480000000002,
        1.932972,
        1.245549,
        0.815123,
        1.474413,
        1.3676030000000001,
        0.911276,
        0.0,
        0.97674,
        1.200618,
        1.444329,
        1.368449,
        2.434449,
        3.146194,
        1.438327,
        2.455318,
        1.441868,
        1.2193910000000001,
        2.4032869999999997,
        2.36919,
        1.150086,
        1.243264,
        0.77288,
        1.405432,
        1.36695,
        1.230112,
        3.473916,
        2.169442,
        1.3963969999999999,
        1.484848,
        1.9680440000000001,
        1.292571,
        3.749678,
        2.183812,
        1.041572,
        1.666644,
        1.200825,
        1.4336659999999999,
        2.548868,
        2.867594,
        0.43438600000000005,
        1.022454,
        1.608944,
        2.4371590000000003,
        2.267824,
        1.178144,
        1.060604,
        1.033623,
        1.339787,
        2.183812,
        2.129355,
        2.032279,
        1.353814,
        2.0780990000000004,
        1.96071
    ],
    [
        1.798866,
        0.41391300000000003,
        0.21676499999999999,
        0.6884969999999999,
        1.587827,
        0.5125149999999999,
        2.2698739999999997,
        0.392429,
        0.16227,
        1.3636199999999998,
        0.426334,
        0.618073,
        0.97674,
        0.0,
        1.8263420000000001,
        0.41241,
        0.306324,
        2.442043,
        3.0879659999999998,
        0.481526,
        2.462911,
        0.409948,
        0.650583,
        1.446487,
        1.802816,
        0.479102,
        0.484551,
        1.729556,
        0.226518,
        0.16337000000000002,
        2.094658,
        2.517116,
        1.554701,
        2.022122,
        0.45292899999999997,
        1.3795009999999999,
        1.989279,
        3.6914499999999997,
        2.698127,
        0.556489,
        2.637834,
        0.631892,
        0.401746,
        1.960893,
        2.252978,
        1.4144510000000001,
        1.358941,
        2.5341489999999998,
        3.1338670000000004,
        2.644717,
        0.201404,
        1.999317,
        1.7303320000000002,
        0.575071,
        2.698127,
        1.254497,
        2.728987,
        0.321895,
        1.2885799999999998,
        1.670155
    ],
    [
        2.528812,
        1.502646,
        1.862626,
        2.493309,
        2.3855340000000003,
        1.74849,
        2.997658,
        1.839966,
        1.679419,
        1.3764960000000002,
        2.012695,
        1.775572,
        1.200618,
        1.8263420000000001,
        0.0,
        2.375801,
        2.299921,
        1.242452,
        2.5741,
        2.2163760000000003,
        1.26332,
        2.374815,
        1.730075,
        3.132303,
        2.5827970000000002,
        2.083033,
        1.7538230000000001,
        0.847703,
        2.183482,
        2.145,
        2.075281,
        4.109555,
        2.519445,
        0.19762000000000002,
        2.4163200000000002,
        2.90067,
        0.415445,
        2.871312,
        3.076156,
        1.9741980000000001,
        1.742586,
        1.711384,
        2.3651370000000003,
        2.762476,
        3.098384,
        1.170036,
        0.734752,
        1.0254269999999999,
        1.604944,
        3.3748009999999997,
        2.1062,
        0.711116,
        0.220035,
        1.850346,
        3.076156,
        3.06198,
        1.089145,
        2.286761,
        3.010725,
        2.900005
    ],
    [
        1.6534280000000001,
        0.814411,
        0.664654,
        0.48087599999999997,
        1.442388,
        0.9353319999999999,
        2.10684,
        0.815246,
        0.8608129999999999,
        1.791129,
        0.658057,
        1.183861,
        1.444329,
        0.41241,
        2.375801,
        0.0,
        0.20228,
        2.8601750000000004,
        3.332447,
        0.488615,
        2.8810439999999997,
        0.244076,
        1.078935,
        1.09154,
        2.07363,
        0.28719799999999995,
        0.912903,
        2.174715,
        0.283485,
        0.609542,
        2.2038249999999997,
        2.464924,
        1.825515,
        2.499352,
        0.287056,
        0.966589,
        2.4398020000000002,
        4.121382,
        2.5008209999999997,
        0.415193,
        3.0797350000000003,
        1.060244,
        0.235874,
        2.2317069999999997,
        2.523792,
        1.893676,
        2.0887040000000003,
        2.986176,
        3.584716,
        2.285634,
        0.248938,
        2.44984,
        2.1808539999999996,
        1.000473,
        2.5008209999999997,
        0.881096,
        3.17951,
        0.090515,
        0.868621,
        1.261156
    ],
    [
        1.588737,
        0.7385309999999999,
        0.47940699999999997,
        0.433031,
        1.377697,
        0.750085,
        2.0597440000000002,
        0.63,
        0.675566,
        1.605882,
        0.472811,
        0.998614,
        1.368449,
        0.306324,
        2.299921,
        0.20228,
        0.0,
        2.674929,
        3.1471999999999998,
        0.30336900000000006,
        2.695797,
        0.199819,
        0.893689,
        1.19102,
        1.888384,
        0.268972,
        0.727656,
        2.1058809999999997,
        0.081205,
        0.424296,
        2.186928,
        2.279678,
        1.640269,
        2.430517,
        0.24279900000000001,
        1.1693710000000002,
        2.370968,
        3.936136,
        2.487998,
        0.346359,
        3.010901,
        0.874998,
        0.19161699999999998,
        2.046259,
        2.338546,
        1.824842,
        1.739483,
        2.9158380000000004,
        3.515882,
        2.434587,
        0.142852,
        2.3810059999999997,
        2.11202,
        0.815239,
        2.487998,
        0.999031,
        3.110675,
        0.111765,
        1.033114,
        1.460026
    ],
    [
        3.762644,
        2.51756,
        2.199508,
        2.83019,
        3.619366,
        1.985356,
        4.246241,
        2.076833,
        2.391819,
        1.529101,
        2.2495610000000004,
        2.248633,
        2.434449,
        2.442043,
        1.242452,
        2.8601750000000004,
        2.674929,
        0.0,
        2.4102170000000003,
        2.660774,
        0.020867999999999998,
        2.794496,
        1.9889469999999998,
        3.519919,
        2.373971,
        2.9644229999999996,
        2.035269,
        2.098641,
        2.62788,
        2.589398,
        3.326218,
        3.791817,
        2.3097280000000002,
        1.162873,
        2.837477,
        3.638181,
        1.400119,
        1.771967,
        4.327094,
        2.942821,
        2.993523,
        1.970256,
        2.7756089999999998,
        2.55276,
        2.888667,
        2.420973,
        1.656658,
        1.752684,
        1.5381479999999998,
        4.62579,
        2.642503,
        1.85161,
        1.470972,
        2.109218,
        4.327094,
        3.32793,
        0.897246,
        2.8016,
        3.362013,
        4.115157
    ],
    [
        4.604596,
        3.186727,
        2.867399,
        3.253237,
        4.436053,
        2.577032,
        5.088193,
        2.689469,
        3.060987,
        1.7193859999999999,
        2.869846,
        2.917801,
        3.146194,
        3.0879659999999998,
        2.5741,
        3.332447,
        3.1471999999999998,
        2.4102170000000003,
        0.0,
        3.2433159999999996,
        2.368406,
        3.2229940000000004,
        2.422094,
        3.912792,
        1.263824,
        3.425983,
        2.588221,
        3.017909,
        3.210422,
        3.17194,
        4.152557,
        3.051393,
        1.537938,
        2.580206,
        3.265975,
        4.069768,
        2.817451,
        1.030098,
        5.161445,
        3.50337,
        3.912792,
        2.440785,
        3.1984899999999996,
        1.425965,
        1.394393,
        3.238359,
        2.353362,
        3.417301,
        3.780401,
        5.382747999999999,
        3.267082,
        3.039707,
        2.6843339999999998,
        2.503959,
        5.161445,
        3.6421889999999997,
        3.132571,
        3.268776,
        3.687237,
        4.6236049999999995
    ],
    [
        1.8750719999999998,
        0.8951079999999999,
        0.427697,
        0.45863,
        1.664032,
        0.696034,
        2.3460799999999997,
        0.5759489999999999,
        0.623857,
        1.551831,
        0.48038200000000003,
        0.946904,
        1.438327,
        0.481526,
        2.2163760000000003,
        0.488615,
        0.30336900000000006,
        2.660774,
        3.2433159999999996,
        0.0,
        2.623783,
        0.390998,
        0.8341029999999999,
        1.2166199999999998,
        1.8959549999999998,
        0.555308,
        0.66807,
        2.1723429999999997,
        0.062486,
        0.186886,
        2.4732629999999998,
        2.2872489999999996,
        1.64784,
        2.407538,
        0.43397800000000003,
        1.229066,
        2.432066,
        3.8765500000000004,
        2.774333,
        0.632694,
        3.081852,
        0.815412,
        0.366493,
        2.054031,
        2.346117,
        1.8572380000000002,
        1.6877719999999998,
        2.9769360000000002,
        3.57698,
        2.720923,
        0.06723,
        2.4421039999999996,
        2.1731190000000002,
        0.755641,
        2.774333,
        1.0246300000000002,
        3.130613,
        0.398101,
        1.058713,
        1.746361
    ],
    [
        3.783512,
        2.5384279999999997,
        2.2203760000000003,
        2.851058,
        3.640235,
        2.006224,
        4.2671090000000005,
        2.097701,
        2.412688,
        1.5499690000000002,
        2.270429,
        2.269502,
        2.455318,
        2.462911,
        1.26332,
        2.8810439999999997,
        2.695797,
        0.020867999999999998,
        2.368406,
        2.623783,
        0.0,
        2.820981,
        2.009815,
        3.540788,
        2.394839,
        2.985292,
        2.056137,
        2.11951,
        2.648748,
        2.60465,
        3.347087,
        3.8126860000000002,
        2.330597,
        1.183742,
        2.858345,
        3.653433,
        1.4237229999999998,
        1.751099,
        4.347961000000001,
        2.963689,
        3.014392,
        2.013698,
        2.790861,
        2.574518,
        2.9104259999999997,
        2.4418420000000003,
        1.67191,
        1.773552,
        1.561146,
        4.646658,
        2.663372,
        1.872479,
        1.491841,
        2.130087,
        4.347961000000001,
        3.371372,
        0.918114,
        2.828084,
        3.405455,
        4.136026
    ],
    [
        1.650967,
        0.8119489999999999,
        0.567036,
        0.363803,
        1.439927,
        0.8377140000000001,
        2.1043789999999998,
        0.717628,
        0.7631950000000001,
        1.693511,
        0.56044,
        1.0862429999999998,
        1.441868,
        0.409948,
        2.374815,
        0.244076,
        0.199819,
        2.794496,
        3.2229940000000004,
        0.390998,
        2.820981,
        0.0,
        0.981318,
        1.193988,
        1.9760119999999999,
        0.313607,
        0.8152849999999999,
        2.179299,
        0.281024,
        0.511925,
        2.2356350000000003,
        2.367307,
        1.727898,
        2.503936,
        0.042981,
        1.0751469999999999,
        2.444386,
        4.023765,
        2.532632,
        0.419777,
        3.084319,
        0.9626269999999999,
        0.024504,
        2.134089,
        2.426175,
        1.89826,
        1.8271110000000002,
        2.9892559999999997,
        3.5889740000000003,
        2.479222,
        0.246477,
        2.454424,
        2.1854389999999997,
        0.902868,
        2.532632,
        0.91657,
        3.184094,
        0.15356299999999998,
        0.950654,
        1.504661
    ],
    [
        2.4203040000000002,
        1.020885,
        0.453628,
        1.04895,
        2.209264,
        0.138069,
        2.9363989999999998,
        0.346567,
        0.749633,
        0.7267250000000001,
        0.43088299999999996,
        0.7705919999999999,
        1.2193910000000001,
        0.650583,
        1.730075,
        1.078935,
        0.893689,
        1.9889469999999998,
        2.422094,
        0.8341029999999999,
        2.009815,
        0.981318,
        0.0,
        1.7018659999999999,
        1.32808,
        1.140093,
        0.166033,
        1.940361,
        0.8012079999999999,
        0.765068,
        2.302359,
        2.415608,
        1.1139539999999999,
        1.935667,
        1.018763,
        2.0292660000000002,
        2.1729119999999997,
        3.042353,
        3.353252,
        1.217479,
        2.845535,
        0.018691,
        0.951279,
        1.5198969999999998,
        1.812231,
        1.622152,
        1.4831500000000002,
        2.732182,
        3.306572,
        3.305708,
        0.8519869999999999,
        2.24442,
        1.892381,
        0.116741,
        3.353252,
        1.601688,
        2.658742,
        0.9828859999999999,
        1.6467349999999998,
        2.3311460000000004
    ],
    [
        2.278855,
        1.860069,
        1.3602290000000001,
        0.771548,
        2.206756,
        1.564545,
        2.690473,
        1.4437119999999999,
        1.588817,
        2.419594,
        1.270983,
        1.911865,
        2.4032869999999997,
        1.446487,
        3.132303,
        1.09154,
        1.19102,
        3.519919,
        3.912792,
        1.2166199999999998,
        3.540788,
        1.193988,
        1.7018659999999999,
        0.0,
        2.650852,
        1.439807,
        1.523749,
        3.1341509999999997,
        1.275953,
        1.334394,
        2.995116,
        2.049532,
        2.402737,
        3.291005,
        1.19384,
        0.483423,
        3.393875,
        4.732229,
        3.0337579999999997,
        1.517193,
        4.04366,
        1.6710909999999999,
        1.126355,
        2.808928,
        3.101014,
        2.8190459999999997,
        2.838488,
        3.9402489999999997,
        4.538462000000001,
        2.4231019999999996,
        1.3136869999999998,
        3.4039119999999996,
        3.1349270000000002,
        1.618506,
        3.0337579999999997,
        0.36267099999999997,
        4.01408,
        1.2825989999999998,
        0.375399,
        0.944523
    ],
    [
        3.460087,
        2.175021,
        1.6348479999999999,
        1.994421,
        3.249047,
        1.466243,
        3.931095,
        1.527788,
        1.9308530000000002,
        1.319809,
        1.5613800000000002,
        1.902653,
        2.36919,
        1.802816,
        2.5827970000000002,
        2.07363,
        1.888384,
        2.373971,
        1.263824,
        1.8959549999999998,
        2.394839,
        1.9760119999999999,
        1.32808,
        2.650852,
        0.0,
        2.160601,
        1.4879069999999999,
        3.030708,
        1.9352639999999999,
        1.896782,
        3.4950810000000003,
        1.9297760000000002,
        0.27255599999999996,
        2.5890079999999998,
        2.000592,
        2.8043850000000003,
        2.8262530000000003,
        2.08364,
        4.379626,
        2.237987,
        3.925591,
        1.3404719999999999,
        1.933108,
        0.3783,
        0.71896,
        2.814681,
        2.332372,
        3.4288380000000003,
        3.812193,
        4.3262160000000005,
        2.000527,
        3.0525059999999997,
        2.697134,
        1.405368,
        4.379626,
        2.376807,
        3.164363,
        2.003393,
        2.4218539999999997,
        3.358222
    ],
    [
        1.359184,
        0.520167,
        0.731346,
        0.6350520000000001,
        1.148145,
        1.002024,
        1.812597,
        0.8819389999999999,
        0.697046,
        1.855137,
        0.72475,
        1.0817750000000002,
        1.150086,
        0.479102,
        2.083033,
        0.28719799999999995,
        0.268972,
        2.9644229999999996,
        3.425983,
        0.555308,
        2.985292,
        0.313607,
        1.140093,
        1.439807,
        2.160601,
        0.0,
        0.979595,
        1.8875170000000001,
        0.350178,
        0.676235,
        1.943853,
        2.5316170000000002,
        1.8922080000000001,
        2.212153,
        0.356588,
        1.058645,
        2.1526039999999997,
        4.1880749999999995,
        2.24085,
        0.127995,
        2.792537,
        1.1269369999999999,
        0.305405,
        2.298399,
        2.590485,
        1.606478,
        1.801507,
        2.698979,
        3.297518,
        2.18744,
        0.315631,
        2.162642,
        1.893657,
        1.0671780000000002,
        2.24085,
        1.2136310000000001,
        2.8926350000000003,
        0.225554,
        1.162376,
        1.212878
    ],
    [
        2.254271,
        0.854852,
        0.28759500000000005,
        0.8829170000000001,
        2.043232,
        0.027964,
        2.7703670000000002,
        0.180534,
        0.5836,
        0.892852,
        0.26485000000000003,
        0.79434,
        1.243264,
        0.484551,
        1.7538230000000001,
        0.912903,
        0.727656,
        2.035269,
        2.588221,
        0.66807,
        2.056137,
        0.8152849999999999,
        0.166033,
        1.523749,
        1.4879069999999999,
        0.979595,
        0.0,
        1.961005,
        0.637517,
        0.599035,
        2.326107,
        2.363428,
        1.2800799999999999,
        1.915617,
        0.85273,
        1.64769,
        2.152863,
        3.20848,
        3.18722,
        1.0514459999999999,
        2.869284,
        0.147342,
        0.785246,
        1.6860709999999999,
        1.978357,
        1.6459000000000001,
        1.4631010000000002,
        2.712132,
        3.2865219999999997,
        3.139675,
        0.685954,
        2.22437,
        1.872331,
        0.248756,
        3.18722,
        1.343844,
        2.6386930000000004,
        0.8168529999999999,
        1.377927,
        2.165114
    ],
    [
        1.802122,
        1.3914549999999999,
        1.8642999999999998,
        2.379314,
        1.71162,
        1.936146,
        2.2943569999999998,
        1.983246,
        1.548486,
        1.709406,
        2.1009670000000003,
        1.648974,
        0.77288,
        1.729556,
        0.847703,
        2.174715,
        2.1058809999999997,
        2.098641,
        3.017909,
        2.1723429999999997,
        2.11951,
        2.179299,
        1.940361,
        3.1341509999999997,
        3.030708,
        1.8875170000000001,
        1.961005,
        0.0,
        2.139448,
        2.1009670000000003,
        1.3164570000000002,
        4.207933,
        2.902858,
        1.0759459999999998,
        2.222546,
        2.7057420000000003,
        0.9262809999999999,
        3.622153,
        2.325346,
        1.77927,
        1.17243,
        1.9348409999999998,
        2.171364,
        3.157187,
        3.601135,
        0.459617,
        0.9734919999999999,
        0.974629,
        1.7456980000000002,
        2.65814,
        1.91216,
        0.472077,
        0.6832290000000001,
        2.073803,
        2.325346,
        2.867052,
        1.665988,
        2.0915120000000003,
        2.815797,
        2.589019
    ],
    [
        1.669942,
        0.862214,
        0.394803,
        0.521116,
        1.4589020000000001,
        0.665481,
        2.140949,
        0.545395,
        0.590962,
        1.5212780000000001,
        0.5624750000000001,
        0.91401,
        1.405432,
        0.226518,
        2.183482,
        0.283485,
        0.081205,
        2.62788,
        3.210422,
        0.062486,
        2.648748,
        0.281024,
        0.8012079999999999,
        1.275953,
        1.9352639999999999,
        0.350178,
        0.637517,
        2.139448,
        0.0,
        0.038482,
        2.2681329999999997,
        2.349735,
        1.688501,
        2.374643,
        0.324004,
        1.2915519999999998,
        2.399172,
        3.843655,
        2.569203,
        0.427564,
        3.0489569999999997,
        0.782517,
        0.272822,
        2.094692,
        2.3867779999999996,
        1.824344,
        1.6500830000000002,
        2.944042,
        3.5440859999999996,
        2.515793,
        0.025114,
        2.40921,
        2.1402240000000003,
        0.722746,
        2.569203,
        1.087116,
        3.097719,
        0.192971,
        1.121199,
        1.542469
    ],
    [
        1.995999,
        0.823732,
        0.356321,
        0.579557,
        1.784959,
        0.624658,
        2.467006,
        0.5069130000000001,
        0.55248,
        1.482796,
        0.523993,
        0.875528,
        1.36695,
        0.16337000000000002,
        2.145,
        0.609542,
        0.424296,
        2.589398,
        3.17194,
        0.186886,
        2.60465,
        0.511925,
        0.765068,
        1.334394,
        1.896782,
        0.676235,
        0.599035,
        2.1009670000000003,
        0.038482,
        0.0,
        2.467299,
        2.408176,
        1.650019,
        2.336161,
        0.554905,
        1.349993,
        2.36069,
        3.805173,
        2.8952600000000004,
        0.753621,
        3.010475,
        0.744035,
        0.48742,
        2.056009,
        2.348296,
        1.785862,
        1.616396,
        2.90556,
        3.505604,
        2.84185,
        0.063596,
        2.370728,
        2.101743,
        0.684276,
        2.8952600000000004,
        1.145557,
        3.059237,
        0.519028,
        1.17964,
        1.867288
    ],
    [
        0.884479,
        1.7233800000000001,
        2.2306329999999996,
        2.6029250000000004,
        1.095518,
        2.298143,
        1.0129489999999999,
        2.345244,
        1.914819,
        2.509474,
        2.467299,
        2.0109719999999998,
        1.230112,
        2.094658,
        2.075281,
        2.2038249999999997,
        2.186928,
        3.326218,
        4.152557,
        2.4732629999999998,
        3.347087,
        2.2356350000000003,
        2.302359,
        2.995116,
        3.4950810000000003,
        1.943853,
        2.326107,
        1.3164570000000002,
        2.2681329999999997,
        2.467299,
        0.0,
        4.427521,
        3.2236149999999997,
        2.2533939999999997,
        2.271367,
        2.719976,
        2.091805,
        4.7733360000000005,
        1.029924,
        1.825022,
        0.9213429999999999,
        2.254998,
        2.220185,
        3.603041,
        3.9218919999999997,
        0.9153640000000001,
        1.8832119999999999,
        1.765708,
        2.562538,
        1.664372,
        2.211534,
        1.675699,
        1.86544,
        2.39396,
        1.029924,
        2.8104679999999997,
        2.717896,
        2.1403339999999997,
        2.7592119999999998,
        2.434898
    ],
    [
        3.7547759999999997,
        2.930698,
        2.387495,
        2.01565,
        3.640341,
        2.3913919999999997,
        4.166326,
        2.294013,
        2.659447,
        2.755652,
        2.121285,
        2.945045,
        3.473916,
        2.517116,
        4.109555,
        2.464924,
        2.279678,
        3.791817,
        3.051393,
        2.2872489999999996,
        3.8126860000000002,
        2.367307,
        2.415608,
        2.049532,
        1.9297760000000002,
        2.5316170000000002,
        2.363428,
        4.207933,
        2.349735,
        2.408176,
        4.427521,
        0.0,
        1.608376,
        4.039122,
        2.316547,
        2.170508,
        4.276368000000001,
        3.871757,
        4.519457,
        2.5919090000000002,
        5.077678,
        2.38025,
        2.249062,
        1.798834,
        1.837864,
        3.853063,
        3.8471909999999996,
        4.878953,
        5.230369,
        4.06451,
        2.388402,
        4.437930000000001,
        4.137359,
        2.243826,
        4.519457,
        1.740509,
        4.582539,
        2.3573150000000003,
        1.8006929999999999,
        2.724345
    ],
    [
        3.2119720000000003,
        1.9539900000000001,
        1.386733,
        1.7463060000000001,
        3.0009319999999997,
        1.252116,
        3.682979,
        1.279673,
        1.682738,
        1.2564559999999998,
        1.3132650000000001,
        1.7526140000000001,
        2.169442,
        1.554701,
        2.519445,
        1.825515,
        1.640269,
        2.3097280000000002,
        1.537938,
        1.64784,
        2.330597,
        1.727898,
        1.1139539999999999,
        2.402737,
        0.27255599999999996,
        1.8922080000000001,
