[
    [
        0.0,
        0.19798400000000002,
        1.831138,
        0.040319,
        0.338192,
        0.483183,
        0.238166,
        0.665219,
        0.648497,
        0.433954,
        0.626601,
        0.123696,
        0.569384,
        0.19783,
        0.395409,
        0.07778600000000001,
        0.22225399999999998,
        0.310656,
        0.662578,
        0.116214
    ],
    [
        0.19798400000000002,
        0.0,
        1.6762940000000002,
        0.169423,
        0.181757,
        0.35598599999999997,
        0.082062,
        0.517783,
        0.501061,
        0.27911,
        0.479165,
        0.245005,
        0.690693,
        0.000154,
        0.256478,
        0.199094,
        0.124229,
        0.171222,
        0.512025,
        0.23752299999999998
    ],
    [
        1.831138,
        1.6762940000000002,
        0.0,
        1.79208,
        1.494537,
        1.490368,
        1.609008,
        1.4796559999999999,
        1.462934,
        1.397184,
        1.441038,
        1.921301,
        2.3669890000000002,
        1.6764469999999998,
        1.487657,
        1.8753900000000001,
        1.758632,
        1.698168,
        1.192675,
        1.913819
    ],
    [
        0.040319,
        0.169423,
        1.79208,
        0.0,
        0.297873,
        0.442864,
        0.19784800000000002,
        0.6249009999999999,
        0.608179,
        0.393635,
        0.586283,
        0.164015,
        0.609703,
        0.16927,
        0.35508999999999996,
        0.118104,
        0.193693,
        0.28209500000000004,
        0.622259,
        0.15653299999999998
    ],
    [
        0.338192,
        0.181757,
        1.494537,
        0.297873,
        0.0,
        0.17422900000000002,
        0.114471,
        0.338536,
        0.321815,
        0.097353,
        0.299918,
        0.42676400000000003,
        0.872452,
        0.18191,
        0.086595,
        0.380853,
        0.264095,
        0.203631,
        0.33026799999999995,
        0.419282
    ],
    [
        0.483183,
        0.35598599999999997,
        1.490368,
        0.442864,
        0.17422900000000002,
        0.0,
        0.2887,
        0.200162,
        0.18344,
        0.093184,
        0.16154400000000002,
        0.600993,
        1.046681,
        0.356139,
        0.123855,
        0.555083,
        0.43832499999999996,
        0.37786000000000003,
        0.32609899999999997,
        0.593511
    ],
    [
        0.238166,
        0.082062,
        1.609008,
        0.19784800000000002,
        0.114471,
        0.2887,
        0.0,
        0.45049700000000004,
        0.43377499999999997,
        0.211824,
        0.411879,
        0.327069,
        0.7727569999999999,
        0.08221500000000001,
        0.189192,
        0.281158,
        0.149624,
        0.08916,
        0.444739,
        0.319587
    ],
    [
        0.665219,
        0.517783,
        1.4796559999999999,
        0.6249009999999999,
        0.338536,
        0.200162,
        0.45049700000000004,
        0.0,
        0.016722,
        0.26358,
        0.038597,
        0.765301,
        1.210988,
        0.5204460000000001,
        0.319116,
        0.71939,
        0.602632,
        0.542168,
        0.37229,
        0.7578189999999999
    ],
    [
        0.648497,
        0.501061,
        1.462934,
        0.608179,
        0.321815,
        0.18344,
        0.43377499999999997,
        0.016722,
        0.0,
        0.246858,
        0.021875,
        0.748579,
        1.194266,
        0.503725,
        0.302394,
        0.702668,
        0.5859099999999999,
        0.5254460000000001,
        0.355568,
        0.741097
    ],
    [
        0.433954,
        0.27911,
        1.397184,
        0.393635,
        0.097353,
        0.093184,
        0.211824,
        0.26358,
        0.246858,
        0.0,
        0.224962,
        0.5241169999999999,
        0.9698049999999999,
        0.279263,
        0.090473,
        0.478206,
        0.361448,
        0.300984,
        0.23291499999999998,
        0.516635
    ],
    [
        0.626601,
        0.479165,
        1.441038,
        0.586283,
        0.299918,
        0.16154400000000002,
        0.411879,
        0.038597,
        0.021875,
        0.224962,
        0.0,
        0.726683,
        1.17237,
        0.481828,
        0.28049799999999997,
        0.680772,
        0.564014,
        0.50355,
        0.333671,
        0.719201
    ],
    [
        0.123696,
        0.245005,
        1.921301,
        0.164015,
        0.42676400000000003,
        0.600993,
        0.327069,
        0.765301,
        0.748579,
        0.5241169999999999,
        0.726683,
        0.0,
        0.445688,
        0.24485099999999999,
        0.494125,
        0.045911,
        0.269275,
        0.357677,
        0.757032,
        0.102757
    ],
    [
        0.569384,
        0.690693,
        2.3669890000000002,
        0.609703,
        0.872452,
        1.046681,
        0.7727569999999999,
        1.210988,
        1.194266,
        0.9698049999999999,
        1.17237,
        0.445688,
        0.0,
        0.690539,
        0.939812,
        0.491599,
        0.714962,
        0.803365,
        1.20272,
        0.493269
    ],
    [
        0.19783,
        0.000154,
        1.6764469999999998,
        0.16927,
        0.18191,
        0.356139,
        0.08221500000000001,
        0.5204460000000001,
        0.503725,
        0.279263,
        0.481828,
        0.24485099999999999,
        0.690539,
        0.0,
        0.256631,
        0.19894,
        0.124075,
        0.171375,
        0.512178,
        0.237369
    ],
    [
        0.395409,
        0.256478,
        1.487657,
        0.35508999999999996,
        0.086595,
        0.123855,
        0.189192,
        0.319116,
        0.302394,
        0.090473,
        0.28049799999999997,
        0.494125,
        0.939812,
        0.256631,
        0.0,
        0.448847,
        0.33881599999999995,
        0.278352,
        0.32338799999999995,
        0.486643
    ],
    [
        0.07778600000000001,
        0.199094,
        1.8753900000000001,
        0.118104,
        0.380853,
        0.555083,
        0.281158,
        0.71939,
        0.702668,
        0.478206,
        0.680772,
        0.045911,
        0.491599,
        0.19894,
        0.448847,
        0.0,
        0.223364,
        0.31176600000000004,
        0.711121,
        0.056845999999999994
    ],
    [
        0.22225399999999998,
        0.124229,
        1.758632,
        0.193693,
        0.264095,
        0.43832499999999996,
        0.149624,
        0.602632,
        0.5859099999999999,
        0.361448,
        0.564014,
        0.269275,
        0.714962,
        0.124075,
        0.33881599999999995,
        0.223364,
        0.0,
        0.088402,
        0.5943630000000001,
        0.261793
    ],
    [
        0.310656,
        0.171222,
        1.698168,
        0.28209500000000004,
        0.203631,
        0.37786000000000003,
        0.08916,
        0.542168,
        0.5254460000000001,
        0.300984,
        0.50355,
        0.357677,
        0.803365,
        0.171375,
        0.278352,
        0.31176600000000004,
        0.088402,
        0.0,
        0.533899,
        0.350195
    ],
    [
        0.662578,
        0.512025,
        1.192675,
        0.622259,
        0.33026799999999995,
        0.32609899999999997,
        0.444739,
        0.37229,
        0.355568,
        0.23291499999999998,
        0.333671,
        0.757032,
        1.20272,
        0.512178,
        0.32338799999999995,
        0.711121,
        0.5943630000000001,
        0.533899,
        0.0,
        0.7495499999999999
    ],
    [
        0.116214,
        0.23752299999999998,
        1.913819,
        0.15653299999999998,
        0.419282,
        0.593511,
        0.319587,
        0.7578189999999999,
        0.741097,
        0.516635,
        0.719201,
        0.102757,
        0.493269,
        0.237369,
        0.486643,
        0.056845999999999994,
        0.261793,
        0.350195,
        0.7495499999999999,
        0.0
    ]
]