[
    [
        0.0,
        3.528321,
        0.556577,
        0.556975,
        2.5251729999999997,
        0.485358,
        0.335306,
        0.896691,
        0.95087,
        0.79544,
        2.5251729999999997,
        2.77,
        0.203071,
        2.804227,
        2.315554,
        0.693309,
        1.116266,
        0.301346,
        0.224606,
        0.6807380000000001
    ],
    [
        3.528321,
        0.0,
        3.2217420000000003,
        3.2221390000000003,
        2.2341379999999997,
        3.08024,
        3.868577,
        2.788772,
        2.865652,
        3.919221,
        2.2341379999999997,
        1.3339429999999999,
        3.378688,
        0.935539,
        2.330111,
        2.9657869999999997,
        3.4504520000000003,
        3.490087,
        3.362121,
        2.99577
    ],
    [
        0.556577,
        3.2217420000000003,
        0.0,
        0.000397,
        2.148947,
        0.7002419999999999,
        0.8008,
        0.647015,
        1.014102,
        0.771938,
        2.148947,
        2.440141,
        0.547779,
        2.474368,
        1.896813,
        0.803365,
        1.635549,
        0.756006,
        0.541482,
        0.222477
    ],
    [
        0.556975,
        3.2221390000000003,
        0.000397,
        0.0,
        2.148549,
        0.700639,
        0.800403,
        0.647412,
        1.014499,
        0.771541,
        2.148549,
        2.440538,
        0.548176,
        2.4747649999999997,
        1.8964159999999999,
        0.803762,
        1.635946,
        0.756403,
        0.54188,
        0.222874
    ],
    [
        2.5251729999999997,
        2.2341379999999997,
        2.148947,
        2.148549,
        0.0,
        2.111671,
        2.8788739999999997,
        1.8534739999999998,
        2.019121,
        2.654528,
        0.0,
        0.9226989999999999,
        2.304535,
        1.398006,
        0.42955,
        2.03049,
        2.665579,
        2.5566050000000002,
        2.287968,
        1.9360909999999998
    ],
    [
        0.485358,
        3.08024,
        0.7002419999999999,
        0.700639,
        2.111671,
        0.0,
        0.8226019999999999,
        0.40404199999999996,
        0.453764,
        1.1090470000000001,
        2.1815059999999997,
        2.301274,
        0.333551,
        2.3355,
        1.882498,
        0.212409,
        0.891346,
        0.5150119999999999,
        0.335008,
        0.648025
    ],
    [
        0.335306,
        3.868577,
        0.8008,
        0.800403,
        2.8788739999999997,
        0.8226019999999999,
        0.0,
        1.22615,
        1.271696,
        0.49188,
        2.9009989999999997,
        3.105273,
        0.5238970000000001,
        3.1395,
        2.648866,
        1.014135,
        1.437092,
        0.622171,
        0.545431,
        0.948016
    ],
    [
        0.896691,
        2.788772,
        0.647015,
        0.647412,
        1.8534739999999998,
        0.40404199999999996,
        1.22615,
        0.0,
        0.37614600000000004,
        1.275367,
        1.8498789999999998,
        1.969647,
        0.659456,
        2.003873,
        1.55087,
        0.179277,
        1.011461,
        0.792269,
        0.660912,
        0.517067
    ],
    [
        0.95087,
        2.865652,
        1.014102,
        1.014499,
        2.019121,
        0.453764,
        1.271696,
        0.37614600000000004,
        0.0,
        1.4910150000000002,
        2.0975129999999997,
        2.190677,
        0.74288,
        2.224904,
        1.798505,
        0.31219600000000003,
        0.7186480000000001,
        0.831466,
        0.7432369999999999,
        0.851881
    ],
    [
        0.79544,
        3.919221,
        0.771938,
        0.771541,
        2.654528,
        1.1090470000000001,
        0.49188,
        1.275367,
        1.4910150000000002,
        0.0,
        2.689178,
        3.1812620000000003,
        0.8252,
        3.2154879999999997,
        2.437045,
        1.300579,
        1.877826,
        1.062953,
        0.818903,
        0.963598
    ],
    [
        2.5251729999999997,
        2.2341379999999997,
        2.148947,
        2.148549,
        0.0,
        2.1815059999999997,
        2.9009989999999997,
        1.8498789999999998,
        2.0975129999999997,
        2.689178,
        0.0,
        0.9226989999999999,
        2.304535,
        1.398006,
        0.42955,
        2.03049,
        2.665579,
        2.5566050000000002,
        2.287968,
        1.9360909999999998
    ],
    [
        2.77,
        1.3339429999999999,
        2.440141,
        2.440538,
        0.9226989999999999,
        2.301274,
        3.105273,
        1.969647,
        2.190677,
        3.1812620000000003,
        0.9226989999999999,
        0.0,
        2.6005819999999997,
        0.475308,
        1.056502,
        2.187681,
        2.8227710000000004,
        2.8006729999999997,
        2.584016,
        2.217664
    ],
    [
        0.203071,
        3.378688,
        0.547779,
        0.548176,
        2.304535,
        0.333551,
        0.5238970000000001,
        0.659456,
        0.74288,
        0.8252,
        2.304535,
        2.6005819999999997,
        0.0,
        2.6217539999999997,
        2.11802,
        0.542471,
        1.082245,
        0.262851,
        0.006938,
        0.6513869999999999
    ],
    [
        2.804227,
        0.935539,
        2.474368,
        2.4747649999999997,
        1.398006,
        2.3355,
        3.1395,
        2.003873,
        2.224904,
        3.2154879999999997,
        1.398006,
        0.475308,
        2.6217539999999997,
        0.0,
        1.399754,
        2.2219070000000003,
        2.9632739999999997,
        2.834899,
        2.6182420000000004,
        2.251891
    ],
    [
        2.315554,
        2.330111,
        1.896813,
        1.8964159999999999,
        0.42955,
        1.882498,
        2.648866,
        1.55087,
        1.798505,
        2.437045,
        0.42955,
        1.056502,
        2.11802,
        1.399754,
        0.0,
        1.819383,
        2.454473,
        2.287711,
        2.0190740000000003,
        1.6601579999999998
    ],
    [
        0.693309,
        2.9657869999999997,
        0.803365,
        0.803762,
        2.03049,
        0.212409,
        1.014135,
        0.179277,
        0.31219600000000003,
        1.300579,
        2.03049,
        2.187681,
        0.542471,
        2.2219070000000003,
        1.819383,
        0.0,
        0.829098,
        0.655265,
        0.542959,
        0.692831
    ],
    [
        1.116266,
        3.4504520000000003,
        1.635549,
        1.635946,
        2.665579,
        0.891346,
        1.437092,
        1.011461,
        0.7186480000000001,
        1.877826,
        2.665579,
        2.8227710000000004,
        1.082245,
        2.9632739999999997,
        2.454473,
        0.829098,
        0.0,
        0.896728,
        1.10546,
        1.513122
    ],
    [
        0.301346,
        3.490087,
        0.756006,
        0.756403,
        2.5566050000000002,
        0.5150119999999999,
        0.622171,
        0.792269,
        0.831466,
        1.062953,
        2.5566050000000002,
        2.8006729999999997,
        0.262851,
        2.834899,
        2.287711,
        0.655265,
        0.896728,
        0.0,
        0.280625,
        0.909036
    ],
    [
        0.224606,
        3.362121,
        0.541482,
        0.54188,
        2.287968,
        0.335008,
        0.545431,
        0.660912,
        0.7432369999999999,
        0.818903,
        2.287968,
        2.584016,
        0.006938,
        2.6182420000000004,
        2.0190740000000003,
        0.542959,
        1.10546,
        0.280625,
        0.0,
        0.63482
    ],
    [
        0.6807380000000001,
        2.99577,
        0.222477,
        0.222874,
        1.9360909999999998,
        0.648025,
        0.948016,
        0.517067,
        0.851881,
        0.963598,
        1.9360909999999998,
        2.217664,
        0.6513869999999999,
        2.251891,
        1.6601579999999998,
        0.692831,
        1.513122,
        0.909036,
        0.63482,
        0.0
    ]
]