[
    [
        0.0,
        0.227462,
        2.918891,
        0.383812,
        1.648363,
        4.968686,
        1.137596,
        1.061403,
        1.2295250000000002,
        1.000526,
        1.071339,
        3.029853,
        1.7711389999999998,
        1.0350979999999999,
        1.448024,
        1.258116,
        1.254382
    ],
    [
        0.227462,
        0.0,
        3.059101,
        0.5801040000000001,
        1.80159,
        5.108896,
        1.123521,
        1.056613,
        1.21793,
        0.986451,
        1.066549,
        3.18308,
        1.617252,
        1.1284159999999999,
        1.445111,
        1.255203,
        1.251468
    ],
    [
        2.918891,
        3.059101,
        0.0,
        2.868831,
        2.220484,
        2.274243,
        2.5120189999999996,
        2.555842,
        2.3927310000000004,
        2.649078,
        2.545907,
        1.892698,
        4.586644000000001,
        2.216286,
        2.182815,
        2.338133,
        2.3689609999999997
    ],
    [
        0.383812,
        0.5801040000000001,
        2.868831,
        0.0,
        1.546458,
        4.917806,
        1.242528,
        1.1663350000000001,
        1.2557049999999998,
        1.105458,
        1.17627,
        2.978974,
        1.9211479999999999,
        0.994696,
        1.441994,
        1.2658889999999998,
        1.262154
    ],
    [
        1.648363,
        1.80159,
        2.220484,
        1.546458,
        0.0,
        4.276749,
        1.6688779999999999,
        1.571721,
        1.621788,
        1.531808,
        1.5816569999999999,
        1.755227,
        3.330459,
        0.998262,
        1.639402,
        1.485986,
        1.482251
    ],
    [
        4.968686,
        5.108896,
        2.274243,
        4.917806,
        4.276749,
        0.0,
        4.469393,
        4.5133469999999996,
        4.350104999999999,
        4.606582,
        4.503281,
        3.9438069999999996,
        6.636438,
        4.2051549999999995,
        4.140189,
        4.295637,
        4.326465
    ],
    [
        1.137596,
        1.123521,
        2.5120189999999996,
        1.242528,
        1.6688779999999999,
        4.469393,
        0.0,
        0.170626,
        0.111625,
        0.137059,
        0.160691,
        3.045804,
        2.445083,
        0.774226,
        0.34729899999999997,
        0.252029,
        0.282857
    ],
    [
        1.061403,
        1.056613,
        2.555842,
        1.1663350000000001,
        1.571721,
        4.5133469999999996,
        0.170626,
        0.0,
        0.16131700000000002,
        0.173321,
        0.009935000000000001,
        2.948647,
        2.3953029999999997,
        0.660333,
        0.408486,
        0.282115,
        0.27838
    ],
    [
        1.2295250000000002,
        1.21793,
        2.3927310000000004,
        1.2557049999999998,
        1.621788,
        4.350104999999999,
        0.111625,
        0.16131700000000002,
        0.0,
        0.248684,
        0.15138200000000002,
        3.000605,
        2.4896239999999996,
        0.712823,
        0.24569300000000002,
        0.140405,
        0.171233
    ],
    [
        1.000526,
        0.986451,
        2.649078,
        1.105458,
        1.531808,
        4.606582,
        0.137059,
        0.173321,
        0.248684,
        0.0,
        0.163386,
        2.908734,
        2.304756,
        0.637156,
        0.484358,
        0.373002,
        0.369267
    ],
    [
        1.071339,
        1.066549,
        2.545907,
        1.17627,
        1.5816569999999999,
        4.503281,
        0.160691,
        0.009935000000000001,
        0.15138200000000002,
        0.163386,
        0.0,
        2.958582,
        2.4052379999999998,
        0.670268,
        0.39855,
        0.27218000000000003,
        0.268445
    ],
    [
        3.029853,
        3.18308,
        1.892698,
        2.978974,
        1.755227,
        3.9438069999999996,
        3.045804,
        2.948647,
        3.000605,
        2.908734,
        2.958582,
        0.0,
        4.725678,
        2.377876,
        3.01529,
        2.8610100000000003,
        2.857275
    ],
    [
        1.7711389999999998,
        1.617252,
        4.586644000000001,
        1.9211479999999999,
        3.330459,
        6.636438,
        2.445083,
        2.3953029999999997,
        2.4896239999999996,
        2.304756,
        2.4052379999999998,
        4.725678,
        0.0,
        2.647984,
        2.723958,
        2.611523,
        2.607788
    ],
    [
        1.0350979999999999,
        1.1284159999999999,
        2.216286,
        0.994696,
        0.998262,
        4.2051549999999995,
        0.774226,
        0.660333,
        0.712823,
        0.637156,
        0.670268,
        2.377876,
        2.647984,
        0.0,
        0.7304489999999999,
        0.5738920000000001,
        0.570157
    ],
    [
        1.448024,
        1.445111,
        2.182815,
        1.441994,
        1.639402,
        4.140189,
        0.34729899999999997,
        0.408486,
        0.24569300000000002,
        0.484358,
        0.39855,
        3.01529,
        2.723958,
        0.7304489999999999,
        0.0,
        0.189908,
        0.220736
    ],
    [
        1.258116,
        1.255203,
        2.338133,
        1.2658889999999998,
        1.485986,
        4.295637,
        0.252029,
        0.282115,
        0.140405,
        0.373002,
        0.27218000000000003,
        2.8610100000000003,
        2.611523,
        0.5738920000000001,
        0.189908,
        0.0,
        0.030827999999999998
    ],
    [
        1.254382,
        1.251468,
        2.3689609999999997,
        1.262154,
        1.482251,
        4.326465,
        0.282857,
        0.27838,
        0.171233,
        0.369267,
        0.268445,
        2.857275,
        2.607788,
        0.570157,
        0.220736,
        0.030827999999999998,
        0.0
    ]
]