[
    [
        0.0,
        1.63013,
        2.237707,
        2.079223,
        2.54076,
        2.6365770000000004,
        1.7572780000000001,
        2.332004
    ],
    [
        1.63013,
        0.0,
        0.96469,
        0.5578630000000001,
        2.36623,
        1.475272,
        0.132398,
        1.17992
    ],
    [
        2.237707,
        0.96469,
        0.0,
        0.601767,
        3.0390680000000003,
        0.7521749999999999,
        0.882225,
        0.590171
    ],
    [
        2.079223,
        0.5578630000000001,
        0.601767,
        0.0,
        2.5504789999999997,
        1.322054,
        0.42582299999999995,
        1.179738
    ],
    [
        2.54076,
        2.36623,
        3.0390680000000003,
        2.5504789999999997,
        0.0,
        3.7413960000000004,
        2.358113,
        3.4460439999999997
    ],
    [
        2.6365770000000004,
        1.475272,
        0.7521749999999999,
        1.322054,
        3.7413960000000004,
        0.0,
        1.5169000000000001,
        0.304573
    ],
    [
        1.7572780000000001,
        0.132398,
        0.882225,
        0.42582299999999995,
        2.358113,
        1.5169000000000001,
        0.0,
        1.22226
    ],
    [
        2.332004,
        1.17992,
        0.590171,
        1.179738,
        3.4460439999999997,
        0.304573,
        1.22226,
        0.0
    ]
]