[
    [
        0.0,
        0.09327500000000001,
        1.696557,
        1.1454600000000001,
        0.906303,
        1.464885,
        1.329123,
        0.806745,
        0.665089,
        0.280156,
        0.886113,
        2.56389,
        0.672356,
        0.429013,
        0.284952,
        0.0022,
        0.665089,
        1.020701,
        0.536704,
        0.9869370000000001
    ],
    [
        0.09327500000000001,
        0.0,
        1.6032829999999998,
        1.052185,
        0.813028,
        1.37161,
        1.410665,
        0.8048869999999999,
        0.5718139999999999,
        0.186882,
        0.7928379999999999,
        2.645432,
        0.579082,
        0.510555,
        0.366493,
        0.09547499999999999,
        0.5718139999999999,
        0.927427,
        0.618246,
        0.893663
    ],
    [
        1.696557,
        1.6032829999999998,
        0.0,
        0.629687,
        0.797615,
        0.347352,
        3.013948,
        1.4552070000000001,
        1.04597,
        1.416401,
        1.000828,
        3.925724,
        1.1203420000000002,
        1.93527,
        1.7912080000000001,
        1.698758,
        1.04597,
        0.987801,
        1.836843,
        0.954037
    ],
    [
        1.1454600000000001,
        1.052185,
        0.629687,
        0.0,
        0.463343,
        0.434101,
        2.46285,
        0.853171,
        0.49487200000000003,
        0.865303,
        0.398793,
        3.323689,
        0.8686130000000001,
        1.333235,
        1.189173,
        1.1476600000000001,
        0.49487200000000003,
        0.385766,
        1.234808,
        0.35200200000000004
    ],
    [
        0.906303,
        0.813028,
        0.797615,
        0.463343,
        0.0,
        0.5659420000000001,
        2.2236930000000004,
        0.956933,
        0.255716,
        0.626147,
        0.47686700000000004,
        3.3050659999999996,
        0.424632,
        1.2812080000000001,
        1.137146,
        0.908504,
        0.255716,
        0.5396219999999999,
        1.2161849999999998,
        0.505858
    ],
    [
        1.464885,
        1.37161,
        0.347352,
        0.434101,
        0.5659420000000001,
        0.0,
        2.7822750000000003,
        1.27948,
        0.814297,
        1.184728,
        0.825102,
        3.749998,
        0.871958,
        1.759544,
        1.6154819999999999,
        1.467085,
        0.814297,
        0.796187,
        1.661117,
        0.762423
    ],
    [
        1.329123,
        1.410665,
        3.013948,
        2.46285,
        2.2236930000000004,
        2.7822750000000003,
        0.0,
        1.774582,
        1.958459,
        1.573526,
        2.112009,
        1.396235,
        1.954029,
        1.187789,
        1.319474,
        1.307303,
        1.958459,
        2.2465970000000004,
        1.3384610000000001,
        2.2128330000000003
    ],
    [
        0.806745,
        0.8048869999999999,
        1.4552070000000001,
        0.853171,
        0.956933,
        1.27948,
        1.774582,
        0.0,
        0.7380359999999999,
        0.737845,
        0.5614669999999999,
        2.6072480000000002,
        0.8990499999999999,
        0.6964450000000001,
        0.671798,
        0.808945,
        0.7380359999999999,
        0.608746,
        0.5183669999999999,
        0.574982
    ],
    [
        0.665089,
        0.5718139999999999,
        1.04597,
        0.49487200000000003,
        0.255716,
        0.814297,
        1.958459,
        0.7380359999999999,
        0.0,
        0.384932,
        0.45502,
        3.086169,
        0.38824200000000003,
        1.0399939999999999,
        0.8959320000000001,
        0.667289,
        0.0,
        0.517775,
        0.9972880000000001,
        0.484011
    ],
    [
        0.280156,
        0.186882,
        1.416401,
        0.865303,
        0.626147,
        1.184728,
        1.573526,
        0.737845,
        0.384932,
        0.0,
        0.652828,
        2.817724,
        0.501974,
        0.655061,
        0.511,
        0.282357,
        0.384932,
        0.787417,
        0.762752,
        0.753653
    ],
    [
        0.886113,
        0.7928379999999999,
        1.000828,
        0.398793,
        0.47686700000000004,
        0.825102,
        2.112009,
        0.5614669999999999,
        0.45502,
        0.652828,
        0.0,
        2.944675,
        0.7061459999999999,
        0.954221,
        0.810159,
        0.888313,
        0.45502,
        0.15436699999999998,
        0.8557939999999999,
        0.12060299999999999
    ],
    [
        2.56389,
        2.645432,
        3.925724,
        3.323689,
        3.3050659999999996,
        3.749998,
        1.396235,
        2.6072480000000002,
        3.086169,
        2.817724,
        2.944675,
        0.0,
        3.2471840000000003,
        2.436004,
        2.555163,
        2.555517,
        3.086169,
        3.0792640000000002,
        2.2883809999999998,
        3.0455
    ],
    [
        0.672356,
        0.579082,
        1.1203420000000002,
        0.8686130000000001,
        0.424632,
        0.871958,
        1.954029,
        0.8990499999999999,
        0.38824200000000003,
        0.501974,
        0.7061459999999999,
        3.2471840000000003,
        0.0,
        1.089637,
        0.945575,
        0.674557,
        0.38824200000000003,
        0.840735,
        1.158302,
        0.806971
    ],
    [
        0.429013,
        0.510555,
        1.93527,
        1.333235,
        1.2812080000000001,
        1.759544,
        1.187789,
        0.6964450000000001,
        1.0399939999999999,
        0.655061,
        0.954221,
        2.436004,
        1.089637,
        0.0,
        0.159092,
        0.431214,
        1.0399939999999999,
        1.088809,
        0.17807900000000002,
        1.055045
    ],
    [
        0.284952,
        0.366493,
        1.7912080000000001,
        1.189173,
        1.137146,
        1.6154819999999999,
        1.319474,
        0.671798,
        0.8959320000000001,
        0.511,
        0.810159,
        2.555163,
        0.945575,
        0.159092,
        0.0,
        0.28715199999999996,
        0.8959320000000001,
        0.944748,
        0.26678199999999996,
        0.910984
    ],
    [
        0.0022,
        0.09547499999999999,
        1.698758,
        1.1476600000000001,
        0.908504,
        1.467085,
        1.307303,
        0.808945,
        0.667289,
        0.282357,
        0.888313,
        2.555517,
        0.674557,
        0.431214,
        0.28715199999999996,
        0.0,
        0.667289,
        1.022902,
        0.538904,
        0.9891380000000001
    ],
    [
        0.665089,
        0.5718139999999999,
        1.04597,
        0.49487200000000003,
        0.255716,
        0.814297,
        1.958459,
        0.7380359999999999,
        0.0,
        0.384932,
        0.45502,
        3.086169,
        0.38824200000000003,
        1.0399939999999999,
        0.8959320000000001,
        0.667289,
        0.0,
        0.517775,
        0.9972880000000001,
        0.484011
    ],
    [
        1.020701,
        0.927427,
        0.987801,
        0.385766,
        0.5396219999999999,
        0.796187,
        2.2465970000000004,
        0.608746,
        0.517775,
        0.787417,
        0.15436699999999998,
        3.0792640000000002,
        0.840735,
        1.088809,
        0.944748,
        1.022902,
        0.517775,
        0.0,
        0.990382,
        0.033764
    ],
    [
        0.536704,
        0.618246,
        1.836843,
        1.234808,
        1.2161849999999998,
        1.661117,
        1.3384610000000001,
        0.5183669999999999,
        0.9972880000000001,
        0.762752,
        0.8557939999999999,
        2.2883809999999998,
        1.158302,
        0.17807900000000002,
        0.26678199999999996,
        0.538904,
        0.9972880000000001,
        0.990382,
        0.0,
        0.956619
    ],
    [
        0.9869370000000001,
        0.893663,
        0.954037,
        0.35200200000000004,
        0.505858,
        0.762423,
        2.2128330000000003,
        0.574982,
        0.484011,
        0.753653,
        0.12060299999999999,
        3.0455,
        0.806971,
        1.055045,
        0.910984,
        0.9891380000000001,
        0.484011,
        0.033764,
        0.956619,
        0.0
    ]
]