[
    [
        0.0,
        0.585715,
        0.508817,
        0.494573,
        0.332488,
        0.053805,
        1.01143,
        0.633692,
        0.510838,
        0.37109699999999995,
        0.91607,
        2.727002,
        0.28864999999999996,
        0.421204,
        0.621263,
        0.492444,
        0.822527,
        0.857379,
        0.926529,
        0.51998,
        0.07426300000000001,
        0.553462,
        0.8469909999999999,
        0.5551520000000001,
        0.958005,
        0.150658,
        0.592696,
        0.239675,
        1.702018,
        0.49422000000000005,
        0.08324899999999999,
        0.511012,
        0.364223,
        0.335451,
        0.465961,
        2.7219279999999997,
        0.081396,
        0.658443
    ],
    [
        0.585715,
        0.0,
        0.8080700000000001,
        0.243393,
        0.746749,
        0.748875,
        1.0647280000000001,
        0.915618,
        0.25965699999999997,
        0.815231,
        0.320658,
        2.125944,
        0.909599,
        0.42936,
        1.237763,
        0.784072,
        0.301856,
        0.368906,
        0.187381,
        0.175089,
        0.769332,
        0.18456999999999998,
        0.357539,
        0.8544039999999999,
        0.458632,
        0.734373,
        0.874622,
        0.455378,
        2.0654299999999997,
        0.716769,
        0.647307,
        0.384909,
        0.60234,
        0.743786,
        0.731307,
        2.120871,
        0.67989,
        0.29167899999999997
    ],
    [
        0.508817,
        0.8080700000000001,
        0.0,
        0.665438,
        0.213677,
        0.5626230000000001,
        1.451229,
        0.131643,
        0.681702,
        0.094716,
        0.642297,
        2.817876,
        0.232982,
        0.537234,
        0.468716,
        0.06808199999999999,
        1.003377,
        1.070427,
        0.726227,
        0.912948,
        0.58308,
        0.669492,
        1.059059,
        0.046335,
        1.160152,
        0.35816000000000003,
        0.148149,
        0.6326430000000001,
        1.272897,
        0.203203,
        0.44073,
        0.627042,
        0.480252,
        0.210714,
        0.079513,
        2.812881,
        0.493637,
        1.051411
    ],
    [
        0.494573,
        0.243393,
        0.665438,
        0.0,
        0.6713490000000001,
        0.744555,
        1.0604079999999998,
        0.840219,
        0.016263000000000003,
        0.739832,
        0.176215,
        2.224012,
        0.8342,
        0.284916,
        1.162363,
        0.7086720000000001,
        0.400003,
        0.467053,
        0.080481,
        0.170769,
        0.7650119999999999,
        0.06588899999999999,
        0.455686,
        0.779005,
        0.556779,
        0.730053,
        0.799222,
        0.451058,
        1.9900309999999999,
        0.64137,
        0.642987,
        0.240465,
        0.59802,
        0.6683859999999999,
        0.655907,
        2.219017,
        0.67557,
        0.287359
    ],
    [
        0.332488,
        0.746749,
        0.213677,
        0.6713490000000001,
        0.0,
        0.38629399999999997,
        1.2749000000000001,
        0.338552,
        0.505373,
        0.196293,
        0.583582,
        2.759161,
        0.20685599999999998,
        0.360905,
        0.5128060000000001,
        0.197304,
        0.944661,
        1.009535,
        0.667512,
        0.736619,
        0.406751,
        0.493162,
        0.998168,
        0.260012,
        1.101437,
        0.181831,
        0.297555,
        0.456314,
        1.4786620000000001,
        0.161732,
        0.264401,
        0.45071300000000003,
        0.303923,
        0.002963,
        0.170821,
        2.754166,
        0.317308,
        0.875082
    ],
    [
        0.053805,
        0.748875,
        0.5626230000000001,
        0.744555,
        0.38629399999999997,
        0.0,
        0.994636,
        0.631869,
        0.564643,
        0.41227800000000003,
        0.969876,
        2.780729,
        0.32983100000000004,
        0.47501,
        0.6624439999999999,
        0.496924,
        0.876332,
        0.911184,
        0.9803350000000001,
        0.5737859999999999,
        0.02045,
        0.607267,
        0.9007970000000001,
        0.553329,
        1.011811,
        0.204463,
        0.5908730000000001,
        0.29348,
        1.7431990000000002,
        0.5480259999999999,
        0.137054,
        0.5648179999999999,
        0.418028,
        0.389257,
        0.519766,
        2.775734,
        0.135201,
        0.712248
    ],
    [
        1.01143,
        1.0647280000000001,
        1.451229,
        1.0604079999999998,
        1.2749000000000001,
        0.994636,
        0.0,
        1.576103,
        0.985946,
        1.407596,
        1.368916,
        2.2114000000000003,
        1.2919559999999999,
        1.211774,
        1.531746,
        1.434856,
        0.8593569999999999,
        0.785595,
        1.242131,
        0.899969,
        0.974186,
        1.035573,
        0.802153,
        1.4975640000000001,
        0.825374,
        1.096865,
        1.535107,
        1.157656,
        2.716214,
        1.4366320000000001,
        1.011598,
        1.3015830000000002,
        1.202987,
        1.277863,
        1.4083720000000002,
        2.216418,
        1.026527,
        0.7729429999999999
    ],
    [
        0.633692,
        0.915618,
        0.131643,
        0.840219,
        0.338552,
        0.631869,
        1.576103,
        0.0,
        0.806577,
        0.219591,
        0.753915,
        2.929494,
        0.357856,
        0.6621090000000001,
        0.375613,
        0.172881,
        1.1149939999999998,
        1.179868,
        0.8378450000000001,
        1.0378230000000002,
        0.707955,
        0.794366,
        1.170677,
        0.085309,
        1.269593,
        0.483034,
        0.093472,
        0.7575170000000001,
        1.1526210000000001,
        0.308002,
        0.565605,
        0.7519170000000001,
        0.605127,
        0.335589,
        0.184312,
        2.924499,
        0.618512,
        1.169908
    ],
    [
        0.510838,
        0.25965699999999997,
        0.681702,
        0.016263000000000003,
        0.505373,
        0.564643,
        0.985946,
        0.806577,
        0.0,
        0.7235689999999999,
        0.159952,
        2.2077489999999997,
        0.817937,
        0.26865300000000003,
        1.1461,
        0.6924089999999999,
        0.38374,
        0.45079,
        0.064218,
        0.154506,
        0.74875,
        0.049625999999999997,
        0.439423,
        0.7627419999999999,
        0.540516,
        0.7137899999999999,
        0.782959,
        0.43479500000000004,
        1.973768,
        0.625107,
        0.626725,
        0.22420199999999998,
        0.581757,
        0.652124,
        0.639644,
        2.202833,
        0.659307,
        0.271096
    ],
    [
        0.37109699999999995,
        0.815231,
        0.094716,
        0.739832,
        0.196293,
        0.41227800000000003,
        1.407596,
        0.219591,
        0.7235689999999999,
        0.0,
        0.6520090000000001,
        2.827588,
        0.138265,
        0.501846,
        0.429339,
        0.09227500000000001,
        1.010912,
        1.080139,
        0.735939,
        0.873779,
        0.445359,
        0.634103,
        1.068771,
        0.14105099999999998,
        1.169864,
        0.32225,
        0.178595,
        0.5934740000000001,
        1.3625820000000002,
        0.20752,
        0.423346,
        0.591654,
        0.444864,
        0.19333,
        0.08383,
        2.822593,
        0.40101,
        1.0122419999999999
    ],
    [
        0.91607,
        0.320658,
        0.642297,
        0.176215,
        0.583582,
        0.969876,
        1.368916,
        0.753915,
        0.159952,
        0.6520090000000001,
        0.0,
        2.357573,
        0.743827,
        0.16922399999999999,
        1.07199,
        0.6183,
        0.5408970000000001,
        0.607947,
        0.25054,
        0.544543,
        0.9877279999999999,
        0.1067,
        0.59658,
        0.6886319999999999,
        0.6976720000000001,
        0.762807,
        0.70885,
        0.813622,
        1.8996579999999998,
        0.550997,
        0.8453780000000001,
        0.06425,
        0.8849,
        0.578014,
        0.565534,
        2.352578,
        0.898285,
        0.5979869999999999
    ],
    [
        2.727002,
        2.125944,
        2.817876,
        2.224012,
        2.759161,
        2.780729,
        2.2114000000000003,
        2.929494,
        2.2077489999999997,
        2.827588,
        2.357573,
        0.0,
        2.872389,
        2.419336,
        3.2019279999999997,
        2.746862,
        1.882491,
        1.835253,
        2.183771,
        2.188206,
        2.765761,
        2.315546,
        1.855165,
        2.817273,
        1.818682,
        2.730802,
        2.8374119999999996,
        2.451806,
        4.029596,
        2.6795590000000002,
        2.643736,
        2.374806,
        2.598768,
        2.706654,
        2.694096,
        0.004995,
        2.676318,
        2.059345
    ],
    [
        0.28864999999999996,
        0.909599,
        0.232982,
        0.8342,
        0.20685599999999998,
        0.32983100000000004,
        1.2919559999999999,
        0.357856,
        0.817937,
        0.138265,
        0.743827,
        2.872389,
        0.0,
        0.459084,
        0.332613,
        0.222911,
        1.107511,
        1.159502,
        0.8303619999999999,
        0.8221029999999999,
        0.362913,
        0.591342,
        1.149114,
        0.27931599999999995,
        1.260128,
        0.262819,
        0.31686000000000003,
        0.541798,
        1.466544,
        0.324582,
        0.372877,
        0.548892,
        0.402103,
        0.20981899999999998,
        0.21715199999999998,
        2.917017,
        0.318563,
        0.960566
    ],
    [
        0.421204,
        0.42936,
        0.537234,
        0.284916,
        0.360905,
        0.47501,
        1.211774,
        0.6621090000000001,
        0.26865300000000003,
        0.501846,
        0.16922399999999999,
        2.419336,
        0.459084,
        0.0,
        1.129279,
        0.6755890000000001,
        0.44656,
        0.506178,
        0.14684899999999998,
        0.144013,
        0.613068,
        0.13225800000000001,
        0.471024,
        0.7459210000000001,
        0.582038,
        0.578109,
        0.766139,
        0.299113,
        1.956947,
        0.608286,
        0.491043,
        0.08980800000000001,
        0.446075,
        0.635303,
        0.622823,
        2.285386,
        0.523625,
        0.282476
    ],
    [
        0.621263,
        1.237763,
        0.468716,
        1.162363,
        0.5128060000000001,
        0.6624439999999999,
        1.531746,
        0.375613,
        1.1461,
        0.429339,
        1.07199,
        3.2019279999999997,
        0.332613,
        1.129279,
        0.0,
        0.514806,
        1.430893,
        1.497943,
        1.15592,
        1.1425640000000001,
        0.663199,
        0.902888,
        1.4695740000000002,
        0.42238099999999995,
        1.580589,
        0.5884149999999999,
        0.468939,
        0.8622580000000001,
        1.1415440000000001,
        0.635513,
        0.684423,
        0.860438,
        0.713649,
        0.515769,
        0.511823,
        3.220698,
        0.6511760000000001,
        1.281026
    ],
    [
        0.492444,
        0.784072,
        0.06808199999999999,
        0.7086720000000001,
        0.197304,
        0.496924,
        1.434856,
        0.172881,
        0.6924089999999999,
        0.09227500000000001,
        0.6183,
        2.746862,
        0.222911,
        0.6755890000000001,
        0.514806,
        0.0,
        0.9754210000000001,
        1.042471,
        0.698271,
        0.896575,
        0.566707,
        0.6531180000000001,
        1.031104,
        0.114417,
        1.13002,
        0.34178699999999995,
        0.13188399999999997,
        0.61627,
        1.327501,
        0.168428,
        0.42435700000000004,
        0.610669,
        0.46387900000000004,
        0.194341,
        0.044738999999999994,
        2.784926,
        0.477264,
        1.030334
    ],
    [
        0.822527,
        0.301856,
        1.003377,
        0.400003,
        0.944661,
        0.876332,
        0.8593569999999999,
        1.1149939999999998,
        0.38374,
        1.010912,
        0.5408970000000001,
        1.882491,
        1.107511,
        0.44656,
        1.430893,
        0.9754210000000001,
        0.0,
        0.08170699999999999,
        0.41411200000000004,
        0.302546,
        0.896789,
        0.43674,
        0.087021,
        1.047535,
        0.171433,
        0.8618300000000001,
        1.067753,
        0.582835,
        2.2585610000000003,
        0.9098999999999999,
        0.774764,
        0.6051470000000001,
        0.729797,
        0.936917,
        0.9244370000000001,
        1.9240789999999999,
        0.8073469999999999,
        0.189387
    ],
    [
        0.857379,
        0.368906,
        1.070427,
        0.467053,
        1.009535,
        0.911184,
        0.785595,
        1.179868,
        0.45079,
        1.080139,
        0.607947,
        1.835253,
        1.159502,
        0.506178,
        1.497943,
        1.042471,
        0.08170699999999999,
        0.0,
        0.481162,
        0.35275799999999996,
        0.932548,
        0.486952,
        0.07123399999999999,
        1.114585,
        0.089725,
        0.8975890000000001,
        1.134803,
        0.6185940000000001,
        2.325611,
        0.9769500000000001,
        0.810523,
        0.672198,
        0.765556,
        1.003967,
        0.991488,
        1.883797,
        0.843106,
        0.234929
    ],
    [
        0.926529,
        0.187381,
        0.726227,
        0.080481,
        0.667512,
        0.9803350000000001,
        1.242131,
        0.8378450000000001,
        0.064218,
        0.735939,
        0.25054,
        2.183771,
        0.8303619999999999,
        0.14684899999999998,
        1.15592,
        0.698271,
        0.41411200000000004,
        0.481162,
        0.0,
        0.417759,
        1.0007920000000001,
        0.35724,
        0.469795,
        0.772562,
        0.5708880000000001,
        0.846737,
        0.7927799999999999,
        0.686837,
        1.983588,
        0.634927,
        0.8787670000000001,
        0.314791,
        0.833799,
        0.661944,
        0.649464,
        2.225793,
        0.9113490000000001,
        0.471202
    ],
    [
        0.51998,
        0.175089,
        0.912948,
        0.170769,
        0.736619,
        0.5737859999999999,
        0.899969,
        1.0378230000000002,
        0.154506,
        0.873779,
        0.544543,
        2.188206,
        0.8221029999999999,
        0.144013,
        1.1425640000000001,
        0.896575,
        0.302546,
        0.35275799999999996,
        0.417759,
        0.0,
        0.5942430000000001,
        0.13419399999999998,
        0.32700999999999997,
        0.959283,
        0.438024,
        0.559284,
        0.996827,
        0.28028800000000004,
        2.177933,
        0.898351,
        0.472218,
        0.42421499999999995,
        0.42725,
        0.739582,
        0.870092,
        2.2300340000000003,
        0.5048,
        0.138462
    ],
    [
        0.07426300000000001,
        0.769332,
        0.58308,
        0.7650119999999999,
        0.406751,
        0.02045,
        0.974186,
        0.707955,
        0.74875,
        0.445359,
        0.9877279999999999,
        2.765761,
        0.362913,
        0.613068,
        0.663199,
        0.566707,
        0.896789,
        0.932548,
        1.0007920000000001,
        0.5942430000000001,
        0.0,
        0.6277240000000001,
        0.921254,
        0.5737859999999999,
        1.032268,
        0.22491999999999998,
        0.61133,
        0.313937,
        1.763656,
        0.568483,
        0.15751099999999998,
        0.585275,
        0.438485,
        0.409714,
        0.540223,
        2.796191,
        0.155658,
        0.732706
    ],
    [
        0.553462,
        0.18456999999999998,
        0.669492,
        0.06588899999999999,
        0.493162,
        0.607267,
        1.035573,
        0.794366,
        0.049625999999999997,
        0.634103,
        0.1067,
        2.315546,
        0.591342,
        0.13225800000000001,
        0.902888,
        0.6531180000000001,
        0.43674,
        0.486952,
        0.35724,
        0.13419399999999998,
        0.6277240000000001,
        0.0,
        0.513553,
        0.713116,
        0.6146459999999999,
        0.7872910000000001,
        0.733333,
        0.7284189999999999,
        1.924141,
        0.575481,
        0.8698619999999999,
        0.17457599999999998,
        0.875381,
        0.602497,
        0.590018,
        2.267375,
        0.922769,
        0.512784
    ],
    [
        0.8469909999999999,
        0.357539,
        1.059059,
        0.455686,
        0.998168,
        0.9007970000000001,
        0.802153,
        1.170677,
        0.439423,
        1.068771,
        0.59658,
        1.855165,
        1.149114,
        0.471024,
        1.4695740000000002,
        1.031104,
        0.087021,
        0.07123399999999999,
        0.469795,
        0.32700999999999997,
        0.921254,
        0.513553,
        0.0,
        1.103218,
        0.111014,
        0.871842,
        1.1234359999999999,
        0.592847,
        2.314244,
        0.965583,
        0.7847759999999999,
        0.66083,
        0.7398089999999999,
        0.9926,
        0.98012,
        1.9050850000000001,
        0.8173590000000001,
        0.199774
    ],
    [
        0.5551520000000001,
        0.8544039999999999,
        0.046335,
        0.779005,
        0.260012,
        0.553329,
        1.4975640000000001,
        0.085309,
        0.7627419999999999,
        0.14105099999999998,
        0.6886319999999999,
        2.817273,
        0.27931599999999995,
        0.7459210000000001,
        0.42238099999999995,
        0.114417,
        1.047535,
        1.114585,
        0.772562,
        0.959283,
        0.5737859999999999,
        0.713116,
        1.103218,
        0.0,
        1.206487,
        0.404495,
        0.19448400000000002,
        0.678978,
        1.226563,
        0.249538,
        0.48706499999999997,
        0.673377,
        0.526587,
        0.25704899999999997,
        0.125848,
        2.859216,
        0.539972,
        1.097746
    ],
    [
        0.958005,
        0.458632,
        1.160152,
        0.556779,
        1.101437,
        1.011811,
        0.825374,
        1.269593,
        0.540516,
        1.169864,
        0.6976720000000001,
        1.818682,
        1.260128,
        0.582038,
        1.580589,
        1.13002,
        0.171433,
        0.089725,
        0.5708880000000001,
        0.438024,
        1.032268,
        0.6146459999999999,
        0.111014,
        1.206487,
        0.0,
        0.987315,
        1.224528,
        0.7083189999999999,
        2.415337,
        1.066676,
        0.9002490000000001,
        0.761923,
        0.855281,
        1.093692,
        1.081213,
        1.867226,
        0.932831,
        0.310788
    ],
    [
        0.150658,
        0.734373,
        0.35816000000000003,
        0.730053,
        0.181831,
        0.204463,
        1.096865,
        0.483034,
        0.7137899999999999,
        0.32225,
        0.762807,
        2.730802,
        0.262819,
        0.578109,
        0.5884149999999999,
        0.34178699999999995,
        0.8618300000000001,
        0.8975890000000001,
        0.846737,
        0.559284,
        0.22491999999999998,
        0.7872910000000001,
        0.871842,
        0.404495,
        0.987315,
        0.0,
        0.442038,
        0.278978,
        1.623145,
        0.343563,
        0.12255200000000001,
        0.550316,
        0.403526,
        0.184794,
        0.315303,
        2.761232,
        0.13547800000000002,
        0.697747
    ],
    [
        0.592696,
        0.874622,
        0.148149,
        0.799222,
        0.297555,
        0.5908730000000001,
        1.535107,
        0.093472,
        0.782959,
        0.178595,
        0.70885,
        2.8374119999999996,
        0.31686000000000003,
        0.766139,
        0.468939,
        0.13188399999999997,
        1.067753,
        1.134803,
        0.7927799999999999,
        0.996827,
        0.61133,
        0.733333,
        1.1234359999999999,
        0.19448400000000002,
        1.224528,
        0.442038,
        0.0,
        0.716521,
        1.24704,
        0.267005,
        0.524609,
        0.71092,
        0.5641309999999999,
        0.29459199999999996,
        0.143315,
        2.883502,
        0.5775159999999999,
        1.128911
    ],
    [
        0.239675,
        0.455378,
        0.6326430000000001,
        0.451058,
        0.456314,
        0.29348,
        1.157656,
        0.7575170000000001,
        0.43479500000000004,
        0.5934740000000001,
        0.813622,
        2.451806,
        0.541798,
        0.299113,
        0.8622580000000001,
        0.61627,
        0.582835,
        0.6185940000000001,
        0.686837,
        0.28028800000000004,
        0.313937,
        0.7284189999999999,
        0.592847,
        0.678978,
        0.7083189999999999,
        0.278978,
        0.716521,
        0.0,
        1.8976279999999999,
        0.6180460000000001,
        0.191912,
        0.269612,
        0.146945,
        0.459277,
        0.5897859999999999,
        2.482236,
        0.224495,
        0.418751
    ],
    [
        1.702018,
        2.0654299999999997,
        1.272897,
        1.9900309999999999,
        1.4786620000000001,
        1.7431990000000002,
        2.716214,
        1.1526210000000001,
        1.973768,
        1.3625820000000002,
        1.8996579999999998,
        4.029596,
        1.466544,
        1.956947,
        1.1415440000000001,
        1.327501,
        2.2585610000000003,
        2.325611,
        1.983588,
        2.177933,
        1.763656,
        1.924141,
        2.314244,
        1.226563,
        2.415337,
        1.623145,
        1.24704,
        1.8976279999999999,
        0.0,
        1.4631800000000001,
        1.7057159999999998,
        1.8920270000000001,
        1.745238,
        1.475699,
        1.339491,
        4.070242,
        1.758623,
        2.316396
    ],
    [
        0.49422000000000005,
        0.716769,
        0.203203,
        0.64137,
        0.161732,
        0.5480259999999999,
        1.4366320000000001,
        0.308002,
        0.625107,
        0.20752,
        0.550997,
        2.6795590000000002,
        0.324582,
        0.608286,
        0.635513,
        0.168428,
        0.9098999999999999,
        0.9769500000000001,
        0.634927,
        0.898351,
        0.568483,
        0.575481,
        0.965583,
        0.249538,
        1.066676,
        0.343563,
        0.267005,
        0.6180460000000001,
        1.4631800000000001,
        0.0,
        0.426133,
        0.619316,
        0.465655,
        0.158769,
        0.12369,
        2.72565,
        0.47904,
        0.971059
    ],
    [
        0.08324899999999999,
        0.647307,
        0.44073,
        0.642987,
        0.264401,
        0.137054,
        1.011598,
        0.565605,
        0.626725,
        0.423346,
        0.8453780000000001,
        2.643736,
        0.372877,
        0.491043,
        0.684423,
        0.42435700000000004,
        0.774764,
        0.810523,
        0.8787670000000001,
        0.472218,
        0.15751099999999998,
        0.8698619999999999,
        0.7847759999999999,
        0.48706499999999997,
        0.9002490000000001,
        0.12255200000000001,
        0.524609,
        0.191912,
        1.7057159999999998,
        0.426133,
        0.0,
        0.46325,
        0.31645999999999996,
        0.267364,
        0.397874,
        2.674166,
        0.068069,
        0.610681
    ],
    [
        0.511012,
        0.384909,
        0.627042,
        0.240465,
        0.45071300000000003,
        0.5648179999999999,
        1.3015830000000002,
        0.7519170000000001,
        0.22420199999999998,
        0.591654,
        0.06425,
        2.374806,
        0.548892,
        0.08980800000000001,
        0.860438,
        0.610669,
        0.6051470000000001,
        0.672198,
        0.314791,
        0.42421499999999995,
        0.585275,
        0.17457599999999998,
        0.66083,
        0.673377,
        0.761923,
        0.550316,
        0.71092,
        0.269612,
        1.8920270000000001,
        0.619316,
        0.46325,
        0.0,
        0.6770470000000001,
        0.644947,
        0.632467,
        2.195578,
        0.754597,
        0.36638600000000004
    ],
    [
        0.364223,
        0.60234,
        0.480252,
        0.59802,
        0.303923,
        0.418028,
        1.202987,
        0.605127,
        0.581757,
        0.444864,
        0.8849,
        2.598768,
        0.402103,
        0.446075,
        0.713649,
        0.46387900000000004,
        0.729797,
        0.765556,
        0.833799,
        0.42725,
        0.438485,
        0.875381,
        0.7398089999999999,
        0.526587,
        0.855281,
        0.403526,
        0.5641309999999999,
        0.146945,
        1.745238,
        0.465655,
        0.31645999999999996,
        0.6770470000000001,
        0.0,
        0.591287,
        0.578808,
        2.3423670000000003,
        0.389443,
        0.339457
    ],
    [
        0.335451,
        0.743786,
        0.210714,
        0.6683859999999999,
        0.002963,
        0.389257,
        1.277863,
        0.335589,
        0.652124,
        0.19333,
        0.578014,
        2.706654,
        0.20981899999999998,
        0.635303,
        0.515769,
        0.194341,
        0.936917,
        1.003967,
        0.661944,
        0.739582,
        0.409714,
        0.602497,
        0.9926,
        0.25704899999999997,
        1.093692,
        0.184794,
        0.29459199999999996,
        0.459277,
        1.475699,
        0.158769,
        0.267364,
        0.644947,
        0.591287,
        0.0,
        0.167857,
        2.751203,
        0.32027100000000003,
        0.878045
    ],
    [
        0.465961,
        0.731307,
        0.079513,
        0.655907,
        0.170821,
        0.519766,
        1.4083720000000002,
        0.184312,
        0.639644,
        0.08383,
        0.565534,
        2.694096,
        0.21715199999999998,
        0.622823,
        0.511823,
        0.044738999999999994,
        0.9244370000000001,
        0.991488,
        0.649464,
        0.870092,
        0.540223,
        0.590018,
        0.98012,
        0.125848,
        1.081213,
        0.315303,
        0.143315,
        0.5897859999999999,
        1.339491,
        0.12369,
        0.397874,
        0.632467,
        0.578808,
        0.167857,
        0.0,
        2.7401869999999997,
        0.450781,
        0.985596
    ],
    [
        2.7219279999999997,
        2.120871,
        2.812881,
        2.219017,
        2.754166,
        2.775734,
        2.216418,
        2.924499,
        2.202833,
        2.822593,
        2.352578,
        0.004995,
        2.917017,
        2.285386,
        3.220698,
        2.784926,
        1.9240789999999999,
        1.883797,
        2.225793,
        2.2300340000000003,
        2.796191,
        2.267375,
        1.9050850000000001,
        2.859216,
        1.867226,
        2.761232,
        2.883502,
        2.482236,
        4.070242,
        2.72565,
        2.674166,
        2.195578,
        2.3423670000000003,
        2.751203,
        2.7401869999999997,
        0.0,
        2.681337,
        2.064364
    ],
    [
        0.081396,
        0.67989,
        0.493637,
        0.67557,
        0.317308,
        0.135201,
        1.026527,
        0.618512,
        0.659307,
        0.40101,
        0.898285,
        2.676318,
        0.318563,
        0.523625,
        0.6511760000000001,
        0.477264,
        0.8073469999999999,
        0.843106,
        0.9113490000000001,
        0.5048,
        0.155658,
        0.922769,
        0.8173590000000001,
        0.539972,
        0.932831,
        0.13547800000000002,
        0.5775159999999999,
        0.224495,
        1.758623,
        0.47904,
        0.068069,
        0.754597,
        0.389443,
        0.32027100000000003,
        0.450781,
        2.681337,
        0.0,
        0.643263
    ],
    [
        0.658443,
        0.29167899999999997,
        1.051411,
        0.287359,
        0.875082,
        0.712248,
        0.7729429999999999,
        1.169908,
        0.271096,
        1.0122419999999999,
        0.5979869999999999,
        2.059345,
        0.960566,
        0.282476,
        1.281026,
        1.030334,
        0.189387,
        0.234929,
        0.471202,
        0.138462,
        0.732706,
        0.512784,
        0.199774,
        1.097746,
        0.310788,
        0.697747,
        1.128911,
        0.418751,
        2.316396,
        0.971059,
        0.610681,
        0.36638600000000004,
        0.339457,
        0.878045,
        0.985596,
        2.064364,
        0.643263,
        0.0
    ]
]