[
    [
        0.0,
        0.62673,
        0.278837,
        1.045424,
        1.50363,
        1.136174,
        1.7323250000000001,
        2.070043,
        2.1984690000000002,
        0.40736900000000004,
        0.7243010000000001,
        0.19001300000000002,
        0.618776,
        1.8826479999999999,
        1.762384,
        0.553573,
        2.5747489999999997,
        1.313653,
        0.777344,
        1.59017
    ],
    [
        0.62673,
        0.0,
        0.526978,
        1.3864949999999998,
        2.04023,
        0.842204,
        1.173623,
        2.606642,
        1.962802,
        0.299785,
        0.41144600000000003,
        0.5034379999999999,
        0.02721,
        1.4347429999999999,
        1.38052,
        0.95652,
        2.074862,
        0.7539969999999999,
        1.118414,
        1.265422
    ],
    [
        0.278837,
        0.526978,
        0.0,
        1.2587249999999999,
        1.660458,
        1.21858,
        1.627366,
        2.226871,
        2.3337800000000004,
        0.533635,
        0.850567,
        0.33677999999999997,
        0.499768,
        1.888485,
        1.487001,
        0.808413,
        2.299365,
        1.20774,
        0.990644,
        1.716435
    ],
    [
        1.045424,
        1.3864949999999998,
        1.2587249999999999,
        0.0,
        1.755862,
        1.026075,
        2.028944,
        2.2917739999999998,
        1.973837,
        1.232053,
        1.0721800000000001,
        0.9387430000000001,
        1.39534,
        1.999171,
        2.664373,
        0.504509,
        3.2477080000000003,
        1.66078,
        0.26808,
        1.6615090000000001
    ],
    [
        1.50363,
        2.04023,
        1.660458,
        1.755862,
        0.0,
        2.434879,
        3.1471810000000002,
        0.9333579999999999,
        3.4903980000000003,
        1.827766,
        2.0960039999999998,
        1.5945740000000002,
        2.049269,
        3.257714,
        3.2320680000000004,
        1.537197,
        3.9563699999999997,
        2.728509,
        1.760968,
        2.96434
    ],
    [
        1.136174,
        0.842204,
        1.21858,
        1.026075,
        2.434879,
        0.0,
        1.018834,
        3.030493,
        1.1654010000000001,
        0.84956,
        0.430758,
        0.961456,
        0.8398880000000001,
        1.051824,
        2.010108,
        0.9184589999999999,
        2.2375990000000003,
        0.706237,
        0.9272670000000001,
        0.7141620000000001
    ],
    [
        1.7323250000000001,
        1.173623,
        1.627366,
        2.028944,
        3.1471810000000002,
        1.018834,
        0.0,
        3.6207710000000004,
        1.7375809999999998,
        1.380417,
        1.3220889999999998,
        1.517566,
        1.253499,
        0.48702300000000004,
        1.932719,
        1.9726510000000002,
        1.218765,
        0.512128,
        1.981459,
        0.47490499999999997
    ],
    [
        2.070043,
        2.606642,
        2.226871,
        2.2917739999999998,
        0.9333579999999999,
        3.030493,
        3.6207710000000004,
        0.0,
        3.914088,
        2.372754,
        2.6412530000000003,
        2.1395619999999997,
        2.578621,
        3.801548,
        3.820176,
        2.082185,
        4.501358,
        3.273498,
        2.305956,
        3.509329
    ],
    [
        2.1984690000000002,
        1.962802,
        2.3337800000000004,
        1.973837,
        3.4903980000000003,
        1.1654010000000001,
        1.7375809999999998,
        3.914088,
        0.0,
        1.9852729999999998,
        1.566471,
        2.019278,
        1.9756010000000002,
        1.270445,
        3.158749,
        1.97628,
        2.776708,
        1.774859,
        2.003063,
        1.278446
    ],
    [
        0.40736900000000004,
        0.299785,
        0.533635,
        1.232053,
        1.827766,
        0.84956,
        1.380417,
        2.372754,
        1.9852729999999998,
        0.0,
        0.509054,
        0.29746100000000003,
        0.281551,
        1.6068959999999999,
        1.6459290000000002,
        0.7672329999999999,
        2.288598,
        1.0489549999999999,
        0.9291269999999999,
        1.36303
    ],
    [
        0.7243010000000001,
        0.41144600000000003,
        0.850567,
        1.0721800000000001,
        2.0960039999999998,
        0.430758,
        1.3220889999999998,
        2.6412530000000003,
        1.566471,
        0.509054,
        0.0,
        0.570353,
        0.40913,
        1.1898989999999998,
        1.7454690000000002,
        0.779049,
        2.298269,
        0.820834,
        0.7878569999999999,
        0.89742
    ],
    [
        0.19001300000000002,
        0.5034379999999999,
        0.33677999999999997,
        0.9387430000000001,
        1.5945740000000002,
        0.961456,
        1.517566,
        2.1395619999999997,
        2.019278,
        0.29746100000000003,
        0.570353,
        0.0,
        0.526914,
        1.725913,
        1.747828,
        0.49197,
        2.5339609999999997,
        1.2217909999999998,
        0.653864,
        1.4334339999999999
    ],
    [
        0.618776,
        0.02721,
        0.499768,
        1.39534,
        2.049269,
        0.8398880000000001,
        1.253499,
        2.578621,
        1.9756010000000002,
        0.281551,
        0.40913,
        0.526914,
        0.0,
        1.4303379999999999,
        1.40773,
        0.948567,
        2.102072,
        0.781207,
        1.110461,
        1.263106
    ],
    [
        1.8826479999999999,
        1.4347429999999999,
        1.888485,
        1.999171,
        3.257714,
        1.051824,
        0.48702300000000004,
        3.801548,
        1.270445,
        1.6068959999999999,
        1.1898989999999998,
        1.725913,
        1.4303379999999999,
        0.0,
        2.0860749999999997,
        1.885644,
        1.583498,
        0.726903,
        1.894452,
        0.34065100000000004
    ],
    [
        1.762384,
        1.38052,
        1.487001,
        2.664373,
        3.2320680000000004,
        2.010108,
        1.932719,
        3.820176,
        3.158749,
        1.6459290000000002,
        1.7454690000000002,
        1.747828,
        1.40773,
        2.0860749999999997,
        0.0,
        2.277263,
        1.21848,
        1.415147,
        2.4391570000000002,
        2.04637
    ],
    [
        0.553573,
        0.95652,
        0.808413,
        0.504509,
        1.537197,
        0.9184589999999999,
        1.9726510000000002,
        2.082185,
        1.97628,
        0.7672329999999999,
        0.779049,
        0.49197,
        0.948567,
        1.885644,
        2.277263,
        0.0,
        2.906016,
        1.471441,
        0.236428,
        1.548027
    ],
    [
        2.5747489999999997,
        2.074862,
        2.299365,
        3.2477080000000003,
        3.9563699999999997,
        2.2375990000000003,
        1.218765,
        4.501358,
        2.776708,
        2.288598,
        2.298269,
        2.5339609999999997,
        2.102072,
        1.583498,
        1.21848,
        2.906016,
        0.0,
        1.529327,
        2.951574,
        1.578643
    ],
    [
        1.313653,
        0.7539969999999999,
        1.20774,
        1.66078,
        2.728509,
        0.706237,
        0.512128,
        3.273498,
        1.774859,
        1.0489549999999999,
        0.820834,
        1.2217909999999998,
        0.781207,
        0.726903,
        1.415147,
        1.471441,
        1.529327,
        0.0,
        1.5454,
        0.742119
    ],
    [
        0.777344,
        1.118414,
        0.990644,
        0.26808,
        1.760968,
        0.9272670000000001,
        1.981459,
        2.305956,
        2.003063,
        0.9291269999999999,
        0.7878569999999999,
        0.653864,
        1.110461,
        1.894452,
        2.4391570000000002,
        0.236428,
        2.951574,
        1.5454,
        0.0,
        1.573034
    ],
    [
        1.59017,
        1.265422,
        1.716435,
        1.6615090000000001,
        2.96434,
        0.7141620000000001,
        0.47490499999999997,
        3.509329,
        1.278446,
        1.36303,
        0.89742,
        1.4334339999999999,
        1.263106,
        0.34065100000000004,
        2.04637,
        1.548027,
        1.578643,
        0.742119,
        1.573034,
        0.0
    ]
]