[
  [
    0.0, 1.2233559999999999, 2.305884, 0.384841, 0.38462, 0.14025,
    0.47692700000000005, 1.224065, 0.204713, 0.426305, 2.495015
  ],
  [
    1.2233559999999999, 0.0, 1.537055, 1.608208, 1.5093800000000002, 1.363616,
    0.7817000000000001, 0.459809, 1.290638, 0.910234, 1.271659
  ],
  [
    2.305884, 1.537055, 0.0, 2.679764, 2.597133, 2.443937, 1.833526, 1.106828,
    2.4151599999999998, 2.0779340000000004, 2.09598
  ],
  [
    0.384841, 1.608208, 2.679764, 0.0, 0.689879, 0.267139, 0.861779, 1.636872,
    0.531332, 0.8391130000000001, 2.907822
  ],
  [
    0.38462, 1.5093800000000002, 2.597133, 0.689879, 0.0, 0.437886, 0.754623,
    1.517521, 0.23880600000000002, 0.622739, 2.769357
  ],
  [
    0.14025, 1.363616, 2.443937, 0.267139, 0.437886, 0.0, 0.61813, 1.395671,
    0.28674099999999997, 0.597912, 2.666621
  ],
  [
    0.47692700000000005, 0.7817000000000001, 1.833526, 0.861779, 0.754623,
    0.61813, 0.0, 0.782409, 0.5652200000000001, 0.254052, 2.053359
  ],
  [
    1.224065, 0.459809, 1.106828, 1.636872, 1.517521, 1.395671, 0.782409, 0.0,
    1.3333409999999999, 0.996114, 1.488214
  ],
  [
    0.204713, 1.290638, 2.4151599999999998, 0.531332, 0.23880600000000002,
    0.28674099999999997, 0.5652200000000001, 1.3333409999999999, 0.0,
    0.38393299999999997, 2.5604319999999996
  ],
  [
    0.426305, 0.910234, 2.0779340000000004, 0.8391130000000001, 0.622739,
    0.597912, 0.254052, 0.996114, 0.38393299999999997, 0.0, 2.181893
  ],
  [
    2.495015, 1.271659, 2.09598, 2.907822, 2.769357, 2.666621, 2.053359,
    1.488214, 2.5604319999999996, 2.181893, 0.0
  ]
]
