[
    [
        0.0,
        3.611523,
        5.751368,
        3.123211,
        5.748932,
        4.1654279999999995,
        3.670027,
        2.913668,
        5.085036,
        2.839918,
        5.736879,
        3.647741,
        2.840969,
        3.0693539999999997,
        4.163378,
        3.6863609999999998,
        3.622064,
        5.560595,
        3.718077,
        3.972947
    ],
    [
        3.611523,
        0.0,
        2.199396,
        0.5619489999999999,
        2.7328560000000004,
        0.6078920000000001,
        1.143151,
        0.9685320000000001,
        2.2001500000000003,
        0.801639,
        2.2610230000000002,
        1.048871,
        0.8066180000000001,
        0.649803,
        1.065043,
        0.6871929999999999,
        0.010541,
        2.078565,
        0.718909,
        0.874612
    ],
    [
        5.751368,
        2.199396,
        0.0,
        2.659439,
        1.526149,
        1.630261,
        2.792299,
        3.128438,
        3.350371,
        3.028032,
        1.879518,
        2.58343,
        3.036332,
        2.787759,
        2.909214,
        2.423964,
        2.222668,
        0.7368150000000001,
        2.4556799999999996,
        2.7187829999999997
    ],
    [
        3.123211,
        0.5619489999999999,
        2.659439,
        0.0,
        3.307058,
        1.0422159999999998,
        1.176352,
        0.8055599999999999,
        2.4068620000000003,
        0.283292,
        2.613667,
        1.082072,
        0.326462,
        0.5756789999999999,
        1.040166,
        0.563149,
        0.551408,
        2.509381,
        0.594865,
        0.849735
    ],
    [
        5.748932,
        2.7328560000000004,
        1.526149,
        3.307058,
        0.0,
        2.88177,
        2.930784,
        3.262963,
        4.74781,
        3.165878,
        3.366674,
        2.721915,
        3.170857,
        2.925605,
        3.7607440000000003,
        3.382894,
        2.65004,
        0.886389,
        3.41461,
        3.570313
    ],
    [
        4.1654279999999995,
        0.6078920000000001,
        1.630261,
        1.0422159999999998,
        2.88177,
        0.0,
        1.500392,
        1.5610229999999998,
        1.830801,
        1.324767,
        1.640938,
        1.406111,
        1.367937,
        1.224699,
        1.1563510000000001,
        0.801779,
        0.629125,
        1.981949,
        0.833495,
        0.965921
    ],
    [
        3.670027,
        1.143151,
        2.792299,
        1.176352,
        2.930784,
        1.500392,
        0.0,
        0.388484,
        3.0110479999999997,
        0.413928,
        3.0572820000000003,
        0.686331,
        0.418907,
        0.179938,
        1.737388,
        1.2603710000000001,
        0.916591,
        2.750029,
        1.292087,
        1.5469570000000001
    ],
    [
        2.913668,
        0.9685320000000001,
        3.128438,
        0.8055599999999999,
        3.262963,
        1.5610229999999998,
        0.388484,
        0.0,
        3.142023,
        0.492281,
        3.217089,
        0.8461380000000001,
        0.49726,
        0.339745,
        1.815741,
        1.338724,
        1.047566,
        2.909836,
        1.37044,
        1.62531
    ],
    [
        5.085036,
        2.2001500000000003,
        3.350371,
        2.4068620000000003,
        4.74781,
        1.830801,
        3.0110479999999997,
        3.142023,
        0.0,
        2.60893,
        1.594426,
        3.121098,
        2.6521,
        2.782383,
        1.4201759999999999,
        1.904678,
        2.138885,
        3.7677069999999997,
        1.936394,
        1.671988
    ],
    [
        2.839918,
        0.801639,
        3.028032,
        0.283292,
        3.165878,
        1.324767,
        0.413928,
        0.492281,
        2.60893,
        0.0,
        2.8969609999999997,
        0.798779,
        0.04317,
        0.292387,
        1.32346,
        0.846443,
        0.840416,
        2.792675,
        0.878159,
        1.133029
    ],
    [
        5.736879,
        2.2610230000000002,
        1.879518,
        2.613667,
        3.366674,
        1.640938,
        3.0572820000000003,
        3.217089,
        1.594426,
        2.8969609999999997,
        0.0,
        3.035942,
        2.941845,
        2.87714,
        2.244547,
        2.375687,
        2.2815659999999998,
        2.462567,
        2.407225,
        2.054116
    ],
    [
        3.647741,
        1.048871,
        2.58343,
        1.082072,
        2.721915,
        1.406111,
        0.686331,
        0.8461380000000001,
        3.121098,
        0.798779,
        3.035942,
        0.0,
        0.950197,
        0.711229,
        2.268678,
        1.791661,
        1.4478810000000002,
        2.526552,
        1.823377,
        2.0782469999999997
    ],
    [
        2.840969,
        0.8066180000000001,
        3.036332,
        0.326462,
        3.170857,
        1.367937,
        0.418907,
        0.49726,
        2.6521,
        0.04317,
        2.941845,
        0.950197,
        0.0,
        0.29736599999999996,
        1.36663,
        0.8896130000000001,
        0.845395,
        2.815449,
        0.921329,
        1.176199
    ],
    [
        3.0693539999999997,
        0.649803,
        2.787759,
        0.5756789999999999,
        2.925605,
        1.224699,
        0.179938,
        0.339745,
        2.782383,
        0.292387,
        2.87714,
        0.711229,
        0.29736599999999996,
        0.0,
        1.615847,
        1.13883,
        0.764751,
        2.5700909999999997,
        1.170546,
        1.425416
    ],
    [
        4.163378,
        1.065043,
        2.909214,
        1.040166,
        3.7607440000000003,
        1.1563510000000001,
        1.737388,
        1.815741,
        1.4201759999999999,
        1.32346,
        2.244547,
        2.268678,
        1.36663,
        1.615847,
        0.0,
        0.510302,
        1.081352,
        3.039325,
        0.542018,
        0.210111
    ],
    [
        3.6863609999999998,
        0.6871929999999999,
        2.423964,
        0.563149,
        3.382894,
        0.801779,
        1.2603710000000001,
        1.338724,
        1.904678,
        0.846443,
        2.375687,
        1.791661,
        0.8896130000000001,
        1.13883,
        0.510302,
        0.0,
        0.693489,
        2.651462,
        0.031716,
        0.319872
    ],
    [
        3.622064,
        0.010541,
        2.222668,
        0.551408,
        2.65004,
        0.629125,
        0.916591,
        1.047566,
        2.138885,
        0.840416,
        2.2815659999999998,
        1.4478810000000002,
        0.845395,
        0.764751,
        1.081352,
        0.693489,
        0.0,
        2.068024,
        0.708368,
        0.864072
    ],
    [
        5.560595,
        2.078565,
        0.7368150000000001,
        2.509381,
        0.886389,
        1.981949,
        2.750029,
        2.909836,
        3.7677069999999997,
        2.792675,
        2.462567,
        2.526552,
        2.815449,
        2.5700909999999997,
        3.039325,
        2.651462,
        2.068024,
        0.0,
        2.661129,
        2.816832
    ],
    [
        3.718077,
        0.718909,
        2.4556799999999996,
        0.594865,
        3.41461,
        0.833495,
        1.292087,
        1.37044,
        1.936394,
        0.878159,
        2.407225,
        1.823377,
        0.921329,
        1.170546,
        0.542018,
        0.031716,
        0.708368,
        2.661129,
        0.0,
        0.351588
    ],
    [
        3.972947,
        0.874612,
        2.7187829999999997,
        0.849735,
        3.570313,
        0.965921,
        1.5469570000000001,
        1.62531,
        1.671988,
        1.133029,
        2.054116,
        2.0782469999999997,
        1.176199,
        1.425416,
        0.210111,
        0.319872,
        0.864072,
        2.816832,
        0.351588,
        0.0
    ]
]