[
    [
        0.0,
        0.562813,
        0.36031799999999997,
        1.386247,
        0.409623,
        0.818603,
        0.44132,
        0.33793599999999996,
        0.75978,
        2.154895,
        0.396523,
        0.8116570000000001,
        0.48991500000000004,
        0.771852,
        0.92584,
        0.30006,
        0.48271,
        1.038871
    ],
    [
        0.562813,
        0.0,
        0.902486,
        0.879447,
        0.31201,
        0.311802,
        0.121492,
        0.224876,
        0.196967,
        1.648094,
        0.269546,
        0.304856,
        0.072897,
        0.265051,
        0.419039,
        0.26275299999999996,
        0.080103,
        0.53207
    ],
    [
        0.36031799999999997,
        0.902486,
        0.0,
        1.725921,
        0.749297,
        1.158276,
        0.7809940000000001,
        0.67761,
        1.099453,
        2.494569,
        0.736197,
        1.15133,
        0.829589,
        1.111525,
        1.2655139999999998,
        0.639733,
        0.8223830000000001,
        1.378544
    ],
    [
        1.386247,
        0.879447,
        1.725921,
        0.0,
        1.135445,
        0.567645,
        0.9449270000000001,
        1.048311,
        0.905808,
        0.803622,
        1.09298,
        0.574591,
        0.896332,
        0.6143959999999999,
        0.46040699999999996,
        1.0861880000000002,
        0.9035380000000001,
        0.347377
    ],
    [
        0.409623,
        0.31201,
        0.749297,
        1.135445,
        0.0,
        0.5678,
        0.190518,
        0.101052,
        0.473763,
        1.904093,
        0.07838500000000001,
        0.560855,
        0.239113,
        0.521049,
        0.675038,
        0.138929,
        0.231907,
        0.788068
    ],
    [
        0.818603,
        0.311802,
        1.158276,
        0.567645,
        0.5678,
        0.0,
        0.377282,
        0.480666,
        0.46977300000000005,
        1.336293,
        0.525336,
        0.006946,
        0.328687,
        0.046751,
        0.107238,
        0.518543,
        0.335893,
        0.220268
    ],
    [
        0.44132,
        0.121492,
        0.7809940000000001,
        0.9449270000000001,
        0.190518,
        0.377282,
        0.0,
        0.103384,
        0.318459,
        1.713575,
        0.148053,
        0.370336,
        0.048595,
        0.330531,
        0.48452,
        0.141261,
        0.041389,
        0.5975499999999999
    ],
    [
        0.33793599999999996,
        0.224876,
        0.67761,
        1.048311,
        0.101052,
        0.480666,
        0.103384,
        0.0,
        0.421843,
        1.816959,
        0.058587,
        0.47372000000000003,
        0.151979,
        0.433915,
        0.587904,
        0.037877,
        0.14477299999999999,
        0.700934
    ],
    [
        0.75978,
        0.196967,
        1.099453,
        0.905808,
        0.473763,
        0.46977300000000005,
        0.318459,
        0.421843,
        0.0,
        1.674456,
        0.395378,
        0.46282799999999996,
        0.269865,
        0.42302300000000004,
        0.5770109999999999,
        0.45972,
        0.27707,
        0.690042
    ],
    [
        2.154895,
        1.648094,
        2.494569,
        0.803622,
        1.904093,
        1.336293,
        1.713575,
        1.816959,
        1.674456,
        0.0,
        1.8616279999999998,
        1.343239,
        1.6649800000000001,
        1.3830440000000002,
        1.229055,
        1.854836,
        1.672186,
        1.116025
    ],
    [
        0.396523,
        0.269546,
        0.736197,
        1.09298,
        0.07838500000000001,
        0.525336,
        0.148053,
        0.058587,
        0.395378,
        1.8616279999999998,
        0.0,
        0.51839,
        0.196648,
        0.478585,
        0.6325729999999999,
        0.096464,
        0.189442,
        0.745604
    ],
    [
        0.8116570000000001,
        0.304856,
        1.15133,
        0.574591,
        0.560855,
        0.006946,
        0.370336,
        0.47372000000000003,
        0.46282799999999996,
        1.343239,
        0.51839,
        0.0,
        0.32174200000000003,
        0.039805,
        0.114183,
        0.511597,
        0.328947,
        0.227214
    ],
    [
        0.48991500000000004,
        0.072897,
        0.829589,
        0.896332,
        0.239113,
        0.328687,
        0.048595,
        0.151979,
        0.269865,
        1.6649800000000001,
        0.196648,
        0.32174200000000003,
        0.0,
        0.281937,
        0.435925,
        0.189856,
        0.007206000000000001,
        0.548956
    ],
    [
        0.771852,
        0.265051,
        1.111525,
        0.6143959999999999,
        0.521049,
        0.046751,
        0.330531,
        0.433915,
        0.42302300000000004,
        1.3830440000000002,
        0.478585,
        0.039805,
        0.281937,
        0.0,
        0.15398799999999999,
        0.471792,
        0.289142,
        0.267019
    ],
    [
        0.92584,
        0.419039,
        1.2655139999999998,
        0.46040699999999996,
        0.675038,
        0.107238,
        0.48452,
        0.587904,
        0.5770109999999999,
        1.229055,
        0.6325729999999999,
        0.114183,
        0.435925,
        0.15398799999999999,
        0.0,
        0.6257809999999999,
        0.443131,
        0.113031
    ],
    [
        0.30006,
        0.26275299999999996,
        0.639733,
        1.0861880000000002,
        0.138929,
        0.518543,
        0.141261,
        0.037877,
        0.45972,
        1.854836,
        0.096464,
        0.511597,
        0.189856,
        0.471792,
        0.6257809999999999,
        0.0,
        0.18265,
        0.738811
    ],
    [
        0.48271,
        0.080103,
        0.8223830000000001,
        0.9035380000000001,
        0.231907,
        0.335893,
        0.041389,
        0.14477299999999999,
        0.27707,
        1.672186,
        0.189442,
        0.328947,
        0.007206000000000001,
        0.289142,
        0.443131,
        0.18265,
        0.0,
        0.5561609999999999
    ],
    [
        1.038871,
        0.53207,
        1.378544,
        0.347377,
        0.788068,
        0.220268,
        0.5975499999999999,
        0.700934,
        0.690042,
        1.116025,
        0.745604,
        0.227214,
        0.548956,
        0.267019,
        0.113031,
        0.738811,
        0.5561609999999999,
        0.0
    ]
]