[
    [
        0.0,
        1.896061,
        3.486625,
        0.324198,
        2.291899,
        1.827213,
        1.798769,
        1.790447,
        1.032376,
        0.198917,
        0.07445600000000001,
        1.632632,
        1.994736,
        1.440661,
        0.299421,
        0.366993,
        1.6276769999999998,
        1.826556,
        0.574391,
        0.53732,
        0.889053,
        0.784334,
        1.836951,
        2.37702,
        1.085157,
        0.34296499999999996,
        1.598983,
        1.911077,
        0.21349700000000002,
        1.4296849999999999,
        0.875969,
        0.763955,
        0.662413,
        2.014318,
        2.2077489999999997,
        1.4601359999999999,
        0.31944900000000004,
        0.738384,
        0.850247,
        0.767102,
        1.6224949999999998,
        0.5021720000000001,
        0.6267910000000001,
        1.903688,
        1.849795,
        0.7260599999999999,
        2.210065,
        2.210904,
        2.090282,
        1.969501,
        1.70238,
        1.5572929999999998,
        1.607826,
        1.846568,
        2.428335,
        2.314667,
        0.251089,
        0.140921,
        1.505426,
        1.1274600000000001
    ],
    [
        1.896061,
        0.0,
        1.657656,
        2.186967,
        3.668623,
        3.085978,
        3.237918,
        1.365846,
        2.3201509999999996,
        2.0616849999999998,
        1.937225,
        1.191163,
        1.231721,
        2.595114,
        1.9141579999999998,
        2.009229,
        1.323633,
        3.265705,
        2.091967,
        1.5656459999999999,
        2.185816,
        1.949649,
        1.182662,
        3.816169,
        0.810903,
        2.102561,
        2.8712820000000003,
        1.497246,
        2.076266,
        1.314643,
        1.338182,
        2.0471690000000002,
        1.4405530000000002,
        3.16877,
        0.5235339999999999,
        1.175192,
        2.0549250000000003,
        1.495625,
        1.151968,
        1.3739890000000001,
        1.7319749999999998,
        1.600795,
        1.476176,
        0.79146,
        0.809298,
        2.000478,
        0.52585,
        3.650052,
        3.529431,
        3.408649,
        2.856832,
        2.885594,
        1.166356,
        0.836279,
        0.5360320000000001,
        0.630452,
        1.836605,
        1.9656179999999999,
        1.231299,
        2.990229
    ],
    [
        3.486625,
        1.657656,
        0.0,
        3.631516,
        5.164179,
        4.5815339999999996,
        4.733475,
        2.563951,
        3.9747689999999998,
        3.651198,
        3.5267370000000002,
        2.389268,
        2.413346,
        4.09067,
        3.371158,
        3.466229,
        2.521738,
        4.761261999999999,
        3.687716,
        3.060151,
        3.840434,
        3.4441550000000003,
        2.8403180000000003,
        5.311725,
        2.506339,
        3.559561,
        4.366839,
        2.678871,
        3.665778,
        2.972299,
        2.7807429999999997,
        3.701787,
        2.935058,
        4.664327,
        1.70516,
        2.466324,
        3.511925,
        2.99013,
        2.608968,
        2.868493,
        2.93008,
        3.0953000000000004,
        2.9706799999999998,
        1.989565,
        2.007403,
        3.655096,
        1.7074760000000002,
        5.145609,
        5.0249880000000005,
        4.904206,
        4.3523879999999995,
        4.38115,
        2.364461,
        2.034384,
        1.605404,
        1.812078,
        3.293605,
        3.55513,
        2.429405,
        4.3775900000000005
    ],
    [
        0.324198,
        2.186967,
        3.631516,
        0.0,
        2.021902,
        1.557216,
        1.528772,
        1.877269,
        1.269482,
        0.125282,
        0.249742,
        1.719455,
        2.081558,
        1.315833,
        0.29381,
        0.165286,
        1.714499,
        1.556559,
        0.849858,
        0.6241420000000001,
        1.1181569999999998,
        0.8070320000000001,
        2.1124169999999998,
        2.1070219999999997,
        1.3760640000000002,
        0.14125800000000002,
        1.3289849999999999,
        1.9978989999999999,
        0.135482,
        1.705152,
        0.9627910000000001,
        1.003297,
        0.749235,
        1.8583589999999999,
        2.395428,
        1.546958,
        0.12887200000000001,
        0.825206,
        1.022548,
        0.853924,
        1.709317,
        0.588994,
        0.713613,
        2.047208,
        2.0179300000000002,
        0.970579,
        2.397745,
        1.940907,
        1.8202850000000002,
        1.699503,
        1.577551,
        1.287296,
        1.694648,
        2.00239,
        2.616015,
        2.502346,
        0.329355,
        0.344957,
        1.592248,
        0.857463
    ],
    [
        2.291899,
        3.668623,
        5.164179,
        2.021902,
        0.0,
        0.582645,
        0.49313,
        2.8477609999999998,
        2.812267,
        2.149725,
        2.2174430000000003,
        3.051971,
        3.145751,
        1.1087989999999999,
        2.203271,
        2.074747,
        2.8406149999999997,
        0.490599,
        2.6485309999999997,
        2.209073,
        2.685488,
        1.717829,
        3.966275,
        0.582861,
        3.015971,
        2.005676,
        0.816965,
        2.9611970000000003,
        2.100716,
        3.5590100000000002,
        2.479399,
        2.780454,
        2.334166,
        0.711878,
        3.80492,
        3.0343359999999997,
        2.153315,
        2.258534,
        2.622759,
        2.3705320000000003,
        2.5828189999999998,
        2.173925,
        2.2985439999999997,
        3.5181880000000003,
        3.5042910000000003,
        2.747348,
        3.802602,
        0.41674500000000003,
        0.384324,
        0.322399,
        0.9423830000000001,
        0.852565,
        3.076777,
        3.473369,
        4.16711,
        3.944285,
        2.302969,
        2.312658,
        2.962865,
        1.1611259999999999
    ],
    [
        1.827213,
        3.085978,
        4.5815339999999996,
        1.557216,
        0.582645,
        0.0,
        0.34777199999999997,
        2.265116,
        2.512993,
        1.685039,
        1.7527570000000001,
        2.469326,
        2.563107,
        0.5261549999999999,
        1.738585,
        1.610061,
        2.25797,
        0.37843400000000005,
        2.170052,
        1.6264290000000001,
        2.386213,
        1.1351849999999999,
        3.428368,
        0.926023,
        2.433326,
        1.54099,
        0.23432,
        2.378552,
        1.636031,
        3.080531,
        1.8967539999999998,
        2.301588,
        1.7515209999999999,
        0.328907,
        3.2222750000000002,
        2.451691,
        1.688629,
        1.675889,
        2.040114,
        1.787887,
        2.000174,
        1.59128,
        1.7158989999999998,
        2.935543,
        2.921646,
        2.2688699999999997,
        3.219958,
        0.759907,
        0.639285,
        0.518504,
        0.359738,
        0.26992,
        2.4941329999999997,
        2.8907249999999998,
        3.5844650000000002,
        3.361641,
        1.6684290000000002,
        1.847972,
        2.380221,
        0.861851
    ],
    [
        1.798769,
        3.237918,
        4.733475,
        1.528772,
        0.49313,
        0.34777199999999997,
        0.0,
        2.417056,
        2.319137,
        1.656595,
        1.7243130000000002,
        2.621266,
        2.715047,
        0.678095,
        1.7101410000000001,
        1.581617,
        2.40991,
        0.027787,
        2.155401,
        1.7783689999999999,
        2.192358,
        1.287125,
        3.473145,
        0.578251,
        2.5852660000000003,
        1.512546,
        0.39401400000000003,
        2.530492,
        1.607587,
        3.06588,
        2.0486950000000004,
        2.2873249999999996,
        1.903462,
        0.626775,
        3.374215,
        2.603631,
        1.660185,
        1.8278299999999998,
        2.192054,
        1.939827,
        2.152114,
        1.74322,
        1.867839,
        3.087483,
        3.0735859999999997,
        2.254219,
        3.3718980000000003,
        0.412135,
        0.29151299999999997,
        0.170731,
        0.707511,
        0.38573399999999997,
        2.646072,
        3.042665,
        3.7364050000000004,
        3.5135810000000003,
        1.809839,
        1.819528,
        2.532161,
        0.667996
    ],
    [
        1.790447,
        1.365846,
        2.563951,
        1.877269,
        2.8477609999999998,
        2.265116,
        2.417056,
        0.0,
        2.6665479999999997,
        1.833409,
        1.7447409999999999,
        0.20421,
        0.408628,
        1.774252,
        1.616911,
        1.711982,
        0.17674,
        2.4448429999999997,
        2.2085630000000003,
        1.2531269999999999,
        2.523871,
        1.6371300000000002,
        2.482759,
        2.995307,
        1.2587629999999999,
        1.805314,
        2.0504209999999996,
        0.22407400000000002,
        1.8538510000000001,
        2.3546799999999997,
        0.9144779999999999,
        2.395846,
        1.1280340000000002,
        2.347909,
        0.957159,
        0.356491,
        1.757678,
        1.183106,
        1.172951,
        1.023345,
        0.557962,
        1.288276,
        1.163656,
        0.653695,
        0.639799,
        2.360232,
        0.954841,
        2.829191,
        2.708569,
        2.587788,
        2.01696,
        2.064732,
        0.229016,
        0.674968,
        1.3193489999999999,
        1.0965250000000002,
        1.539358,
        1.8112059999999999,
        0.285021,
        2.270938
    ],
    [
        1.032376,
        2.3201509999999996,
        3.9747689999999998,
        1.269482,
        2.812267,
        2.512993,
        2.319137,
        2.6665479999999997,
        0.0,
        1.190191,
        1.06573,
        2.492655,
        2.871163,
        2.469436,
        1.290695,
        1.356279,
        2.487699,
        2.35292,
        0.460265,
        1.462721,
        0.278248,
        1.74461,
        1.568845,
        2.903384,
        1.721172,
        1.262949,
        2.349235,
        2.771099,
        1.204771,
        1.1615799999999998,
        1.735991,
        0.272982,
        1.5532929999999998,
        2.797991,
        2.840647,
        2.3201579999999997,
        1.3107229999999999,
        1.6292639999999998,
        1.640816,
        1.627124,
        2.510694,
        1.4275730000000002,
        1.517671,
        2.555913,
        2.50202,
        0.319656,
        2.842963,
        2.7372669999999997,
        2.6166460000000002,
        2.495864,
        2.662655,
        2.307545,
        2.467848,
        2.5329409999999997,
        2.853145,
        2.947565,
        1.242364,
        0.994757,
        2.3654479999999998,
        1.6571369999999999
    ],
    [
        0.198917,
        2.0616849999999998,
        3.651198,
        0.125282,
        2.149725,
        1.685039,
        1.656595,
        1.833409,
        1.190191,
        0.0,
        0.124461,
        1.675594,
        2.0376980000000002,
        1.318624,
        0.263318,
        0.168077,
        1.670639,
        1.684382,
        0.724576,
        0.5802820000000001,
        1.029173,
        0.809823,
        1.987135,
        2.234845,
        1.2507819999999998,
        0.144049,
        1.456808,
        1.954039,
        0.031322,
        1.5798699999999999,
        0.918931,
        0.9135449999999999,
        0.705375,
        1.8922809999999999,
        2.373373,
        1.503098,
        0.120532,
        0.781346,
        0.978688,
        0.810064,
        1.6654570000000002,
        0.5451330000000001,
        0.669753,
        2.003348,
        1.97407,
        0.8756499999999999,
        2.375689,
        2.068729,
        1.948108,
        1.827326,
        1.5803420000000001,
        1.415119,
        1.650788,
        1.958529,
        2.593959,
        2.4802910000000002,
        0.294051,
        0.21967599999999998,
        1.5483879999999999,
        0.985285
    ],
    [
        0.07445600000000001,
        1.937225,
        3.5267370000000002,
        0.249742,
        2.2174430000000003,
        1.7527570000000001,
        1.7243130000000002,
        1.7447409999999999,
        1.06573,
        0.124461,
        0.0,
        1.5869259999999998,
        1.949029,
        1.394955,
        0.253715,
        0.292537,
        1.581971,
        1.7521,
        0.600115,
        0.491614,
        0.904713,
        0.7386280000000001,
        1.8626749999999999,
        2.302564,
        1.126321,
        0.268509,
        1.524527,
        1.8653710000000001,
        0.139041,
        1.45541,
        0.8302630000000001,
        0.789679,
        0.616707,
        1.968612,
        2.248912,
        1.41443,
        0.244993,
        0.692678,
        0.89002,
        0.7213959999999999,
        1.576789,
        0.45646499999999995,
        0.5810850000000001,
        1.9146800000000002,
        1.8909580000000001,
        0.75119,
        2.251229,
        2.1364479999999997,
        2.015826,
        1.895045,
        1.656673,
        1.482837,
        1.56212,
        1.8698620000000001,
        2.469499,
        2.3558310000000002,
        0.205383,
        0.09521500000000001,
        1.4597200000000001,
        1.0530039999999998
    ],
    [
        1.632632,
        1.191163,
        2.389268,
        1.719455,
        3.051971,
        2.469326,
        2.621266,
        0.20421,
        2.492655,
        1.675594,
        1.5869259999999998,
        0.0,
        0.362103,
        1.978462,
        1.459096,
        1.5541669999999999,
        0.25409,
        2.649053,
        2.050748,
        1.0953119999999998,
        2.36541,
        1.4793150000000002,
        2.3080760000000002,
        3.1995169999999997,
        1.08408,
        1.647499,
        2.25463,
        0.32027999999999995,
        1.696036,
        2.1799969999999997,
        0.756663,
        2.238031,
        0.9702200000000001,
        2.552118,
        0.8710739999999999,
        0.198676,
        1.599863,
        1.025291,
        0.998268,
        0.86553,
        0.6624329999999999,
        1.130461,
        1.005842,
        0.545103,
        0.5312060000000001,
        2.202417,
        0.868757,
        3.033401,
        2.912779,
        2.791997,
        2.22117,
        2.268942,
        0.024806,
        0.500285,
        1.233264,
        1.01044,
        1.381543,
        1.653391,
        0.161757,
        2.4751480000000003
    ],
    [
        1.994736,
        1.231721,
        2.413346,
        2.081558,
        3.145751,
        2.563107,
        2.715047,
        0.408628,
        2.871163,
        2.0376980000000002,
        1.949029,
        0.362103,
        0.0,
        2.072242,
        1.8212000000000002,
        1.91627,
        0.5668500000000001,
        2.742833,
        2.4128510000000003,
        1.457416,
        2.727513,
        1.8414190000000001,
        2.4227939999999997,
        3.293297,
        1.3213730000000001,
        2.0096030000000003,
        2.348411,
        0.266327,
        2.05814,
        2.417291,
        1.118767,
        2.600134,
        1.3323230000000001,
        2.645899,
        0.716598,
        0.56078,
        1.9619659999999999,
        1.387394,
        1.2355619999999998,
        1.227633,
        0.948072,
        1.492564,
        1.367945,
        0.505703,
        0.49180599999999997,
        2.56452,
        0.7142809999999999,
        3.127181,
        3.00656,
        2.8857779999999997,
        2.3149499999999996,
        2.362722,
        0.38691000000000003,
        0.482731,
        1.078788,
        0.8559640000000001,
        1.743646,
        2.015495,
        0.52386,
        2.5689290000000002
    ],
    [
        1.440661,
        2.595114,
        4.09067,
        1.315833,
        1.1087989999999999,
        0.5261549999999999,
        0.678095,
        1.774252,
        2.469436,
        1.318624,
        1.394955,
        1.978462,
        2.072242,
        0.0,
        1.1909949999999998,
        1.1615540000000002,
        1.767106,
        0.7058819999999999,
        2.00608,
        1.135564,
        2.356381,
        0.64432,
        2.937504,
        1.256345,
        1.942462,
        1.243878,
        0.311459,
        1.887688,
        1.3499469999999998,
        2.711964,
        1.40589,
        2.1956439999999997,
        1.260657,
        0.608947,
        2.731411,
        1.960827,
        1.322215,
        1.185025,
        1.54925,
        1.2970229999999998,
        1.50931,
        1.1004159999999998,
        1.225035,
        2.4446790000000003,
        2.430782,
        2.157749,
        2.7290929999999998,
        1.0902290000000001,
        0.9696079999999999,
        0.848826,
        0.469275,
        0.32577,
        2.003268,
        2.3998600000000003,
        3.093601,
        2.8707759999999998,
        1.177565,
        1.449413,
        1.889356,
        0.832019
    ],
    [
        0.299421,
        1.9141579999999998,
        3.371158,
        0.29381,
        2.203271,
        1.738585,
        1.7101410000000001,
        1.616911,
        1.290695,
        0.263318,
        0.253715,
        1.459096,
        1.8212000000000002,
        1.1909949999999998,
        0.0,
        0.128522,
        1.4541410000000001,
        1.7379280000000001,
        0.82508,
        0.363784,
        1.1294710000000001,
        0.546674,
        1.9775250000000002,
        2.288392,
        1.140478,
        0.221855,
        1.510354,
        1.737541,
        0.28376,
        1.680375,
        0.702433,
        1.014644,
        0.488877,
        1.7766579999999998,
        2.1350700000000002,
        1.2866,
        0.17250100000000002,
        0.5648479999999999,
        0.76219,
        0.593566,
        1.448959,
        0.32863600000000004,
        0.453255,
        1.7868499999999998,
        1.757572,
        0.976749,
        2.137386,
        2.122276,
        2.001654,
        1.880872,
        1.464719,
        1.4686649999999999,
        1.43429,
        1.742032,
        2.3556570000000003,
        2.2419879999999996,
        0.099698,
        0.32018,
        1.33189,
        1.0388320000000002
    ],
    [
        0.366993,
        2.009229,
        3.466229,
        0.165286,
        2.074747,
        1.610061,
        1.581617,
        1.711982,
        1.356279,
        0.168077,
        0.292537,
        1.5541669999999999,
        1.91627,
        1.1615540000000002,
        0.128522,
        0.0,
        1.5492110000000001,
        1.609404,
        0.892653,
        0.458855,
        1.19725,
        0.641745,
        2.072596,
        2.159868,
        1.235548,
        0.093331,
        1.38183,
        1.8326110000000002,
        0.199399,
        1.747947,
        0.797504,
        1.0822159999999998,
        0.583947,
        1.735211,
        2.23014,
        1.381671,
        0.17166700000000001,
        0.659918,
        0.85726,
        0.6886369999999999,
        1.544029,
        0.423706,
        0.5483250000000001,
        1.881921,
        1.8526420000000001,
        1.044322,
        2.2324569999999997,
        1.993752,
        1.8731300000000002,
        1.752348,
        1.4232719999999999,
        1.340141,
        1.5293599999999998,
        1.837102,
        2.4507269999999997,
        2.337059,
        0.22822,
        0.387752,
        1.426961,
        0.910308
    ],
    [
        1.6276769999999998,
        1.323633,
        2.521738,
        1.714499,
        2.8406149999999997,
        2.25797,
        2.40991,
        0.17674,
        2.487699,
        1.670639,
        1.581971,
        0.25409,
        0.5668500000000001,
        1.767106,
        1.4541410000000001,
        1.5492110000000001,
        0.0,
        2.437697,
        2.0457929999999998,
        1.090357,
        2.3604540000000003,
        1.47436,
        2.321187,
        2.988161,
        1.0927909999999998,
        1.642544,
        2.043274,
        0.38229599999999997,
        1.6910809999999998,
        2.188708,
        0.7517079999999999,
        2.233076,
        0.965264,
        2.3407620000000002,
        1.080153,
        0.193721,
        1.5949069999999999,
        1.020336,
        1.0077340000000001,
        0.8605750000000001,
        0.408343,
        1.1255050000000002,
        1.000886,
        0.677573,
        0.663676,
        2.197462,
        1.077835,
        2.822045,
        2.7014229999999997,
        2.5806419999999997,
        2.009814,
        2.0575859999999997,
        0.229284,
        0.632755,
        1.4559559999999998,
        1.219519,
        1.376588,
        1.648436,
        0.122251,
        2.263792
    ],
    [
        1.826556,
        3.265705,
        4.761261999999999,
        1.556559,
        0.490599,
        0.37843400000000005,
        0.027787,
        2.4448429999999997,
        2.35292,
        1.684382,
        1.7521,
        2.649053,
        2.742833,
        0.7058819999999999,
        1.7379280000000001,
        1.609404,
        2.437697,
        0.0,
        2.183188,
        1.8061559999999999,
        2.220145,
        1.314912,
        3.5009319999999997,
        0.5757190000000001,
        2.613053,
        1.5403330000000002,
        0.421801,
        2.558279,
        1.635374,
        3.093667,
        2.076482,
        2.315112,
        1.931249,
        0.654562,
        3.402002,
        2.631418,
        1.687972,
        1.855617,
        2.2198409999999997,
        1.967614,
        2.1799009999999996,
        1.771007,
        1.895626,
        3.1152699999999998,
        3.101374,
        2.282006,
        3.399685,
        0.409603,
        0.288982,
        0.1682,
        0.738173,
        0.413521,
        2.6738589999999998,
        3.0704520000000004,
        3.764192,
        3.541367,
        1.837626,
        1.847315,
        2.559948,
        0.695783
    ],
    [
        0.574391,
        2.091967,
        3.687716,
        0.849858,
        2.6485309999999997,
        2.170052,
        2.155401,
        2.2085630000000003,
        0.460265,
        0.724576,
        0.600115,
        2.050748,
        2.4128510000000003,
        2.00608,
        0.82508,
        0.892653,
        2.0457929999999998,
        2.183188,
        0.0,
        1.002457,
        0.314662,
        1.284345,
        1.340662,
        2.719859,
        1.260907,
        0.8555349999999999,
        1.941821,
        2.310835,
        0.754596,
        0.933397,
        1.275727,
        0.18956399999999998,
        1.093029,
        2.4711950000000003,
        2.383498,
        1.859893,
        0.8605470000000001,
        1.169646,
        1.180551,
        1.16686,
        2.05043,
        0.967308,
        1.0574059999999998,
        2.095648,
        2.041755,
        0.151669,
        2.385814,
        2.553743,
        2.4331210000000003,
        2.3123400000000003,
        2.20239,
        1.9001320000000002,
        2.007583,
        2.072677,
        2.624961,
        2.490416,
        0.792188,
        0.529142,
        1.905184,
        1.470299
    ],
    [
        0.53732,
        1.5656459999999999,
        3.060151,
        0.6241420000000001,
        2.209073,
        1.6264290000000001,
        1.7783689999999999,
        1.2531269999999999,
        1.462721,
        0.5802820000000001,
        0.491614,
        1.0953119999999998,
        1.457416,
        1.135564,
        0.363784,
        0.458855,
        1.090357,
        1.8061559999999999,
        1.002457,
        0.0,
        1.317118,
        0.492636,
        1.794697,
        2.3700189999999997,
        0.875221,
        0.552187,
        1.425132,
        1.3737570000000001,
        0.600724,
        1.569157,
        0.338649,
        1.18974,
        0.125093,
        1.7226199999999998,
        1.782327,
        0.9228160000000001,
        0.504551,
        0.201064,
        0.482009,
        0.22978200000000001,
        1.085175,
        0.035149,
        0.08947100000000001,
        1.434107,
        1.404828,
        1.154126,
        1.784643,
        2.203903,
        2.083281,
        1.962499,
        1.410682,
        1.439443,
        1.0705060000000002,
        1.389288,
        2.002913,
        1.8892449999999998,
        0.286231,
        0.558079,
        0.968106,
        1.369164
    ],
    [
        0.889053,
        2.185816,
        3.840434,
        1.1181569999999998,
        2.685488,
        2.386213,
        2.192358,
        2.523871,
        0.278248,
        1.029173,
        0.904713,
        2.36541,
        2.727513,
        2.356381,
        1.1294710000000001,
        1.19725,
        2.3604540000000003,
        2.220145,
        0.314662,
        1.317118,
        0.0,
        1.6145909999999999,
        1.4357570000000002,
        2.770609,
        1.5726300000000002,
        1.101931,
        2.188218,
        2.6225569999999996,
        1.0437539999999998,
        1.028492,
        1.587449,
        0.194959,
        1.404751,
        2.665216,
        2.7075590000000003,
        2.1716159999999998,
        1.149705,
        1.4807219999999999,
        1.4922739999999999,
        1.478582,
        2.362152,
        1.279031,
        1.3691289999999998,
        2.40737,
        2.353477,
        0.186568,
        2.709875,
        2.6044929999999997,
        2.483871,
        2.363089,
        2.532636,
        2.146528,
        2.319306,
        2.3843989999999997,
        2.7200569999999997,
        2.8144769999999997,
        1.081346,
        0.83374,
        2.216906,
        1.524362
    ],
    [
        0.784334,
        1.949649,
        3.4441550000000003,
        0.8070320000000001,
        1.717829,
        1.1351849999999999,
        1.287125,
        1.6371300000000002,
        1.74461,
        0.809823,
        0.7386280000000001,
        1.4793150000000002,
        1.8414190000000001,
        0.64432,
        0.546674,
        0.641745,
        1.47436,
        1.314912,
        1.284345,
        0.492636,
        1.6145909999999999,
        0.0,
        2.293183,
        1.877382,
        1.298141,
        0.735077,
        0.932496,
        1.762173,
        0.841145,
        2.067643,
        0.7615700000000001,
        1.551323,
        0.616337,
        1.229984,
        2.205247,
        1.311232,
        0.719175,
        0.540705,
        0.904929,
        0.6527029999999999,
        1.214642,
        0.45609500000000003,
        0.5807140000000001,
        1.857027,
        1.827749,
        1.5134280000000002,
        2.2075639999999996,
        1.7112660000000002,
        1.590645,
        1.4698630000000001,
        0.918046,
        0.9468070000000001,
        1.458922,
        1.812209,
        2.425834,
        2.3121660000000004,
        0.533245,
        0.805093,
        1.356522,
        0.981752
    ],
    [
        1.836951,
        1.182662,
        2.8403180000000003,
        2.1124169999999998,
        3.966275,
        3.428368,
        3.473145,
        2.482759,
        1.568845,
        1.987135,
        1.8626749999999999,
        2.3080760000000002,
        2.4227939999999997,
        2.937504,
        1.9775250000000002,
        2.072596,
        2.321187,
        3.5009319999999997,
        1.340662,
        1.794697,
        1.4357570000000002,
        2.293183,
        0.0,
        4.01137,
        1.313903,
        2.175557,
        3.225679,
        2.6799079999999997,
        2.046088,
        0.444204,
        1.842883,
        1.2958640000000001,
        1.715453,
        3.523167,
        1.7061959999999998,
        2.127466,
        2.15204,
        1.7705250000000001,
        1.530761,
        1.7132550000000002,
        2.5905839999999998,
        1.8987319999999999,
        1.751076,
        1.9741220000000002,
        1.99196,
        1.249173,
        1.708512,
        3.8452539999999997,
        3.724632,
        3.60385,
        3.211229,
        3.191643,
        2.349018,
        2.018941,
        1.718694,
        1.8131140000000001,
        1.909981,
        1.791702,
        2.198937,
        2.76181
    ],
    [
        2.37702,
        3.816169,
        5.311725,
        2.1070219999999997,
        0.582861,
        0.926023,
        0.578251,
        2.995307,
        2.903384,
        2.234845,
        2.302564,
        3.1995169999999997,
        3.293297,
        1.256345,
        2.288392,
        2.159868,
        2.988161,
        0.5757190000000001,
        2.719859,
        2.3700189999999997,
        2.770609,
        1.877382,
        4.01137,
        0.0,
        3.1635169999999997,
        2.0907970000000002,
        0.9722649999999999,
        3.108743,
        2.185837,
        3.644131,
        2.626945,
        2.8655749999999998,
        2.481712,
        1.2050260000000002,
        3.952466,
        3.181882,
        2.238436,
        2.4060799999999998,
        2.770305,
        2.518078,
        2.730365,
        2.321471,
        2.4460900000000003,
        3.665734,
        3.651837,
        2.832469,
        3.950148,
        0.166116,
        0.319837,
        0.407519,
        1.285761,
        0.9639840000000001,
        3.224323,
        3.6209160000000002,
        4.314656,
        4.091832,
        2.38809,
        2.397779,
        3.110411,
        1.246247
    ],
    [
        1.085157,
        0.810903,
        2.506339,
        1.3760640000000002,
        3.015971,
        2.433326,
        2.5852660000000003,
        1.2587629999999999,
        1.721172,
        1.2507819999999998,
        1.126321,
        1.08408,
        1.3213730000000001,
        1.942462,
        1.140478,
        1.235548,
        1.0927909999999998,
        2.613053,
        1.260907,
        0.875221,
        1.5726300000000002,
        1.298141,
        1.313903,
        3.1635169999999997,
        0.0,
        1.3440239999999999,
        2.180857,
        1.373112,
        1.265362,
        1.0959169999999998,
        0.647756,
        1.4857,
        0.750128,
        2.478345,
        1.18979,
        0.89907,
        1.306397,
        0.8052,
        0.447007,
        0.683563,
        1.324925,
        0.910369,
        0.78575,
        0.951843,
        0.89795,
        1.4478060000000001,
        1.1921059999999999,
        2.959627,
        2.8390050000000002,
        2.718224,
        2.166406,
        2.1951680000000002,
        1.0529929999999998,
        0.928871,
        1.326726,
        1.2967080000000002,
        1.088077,
        1.154715,
        0.97054,
        2.179325
    ],
    [
        0.34296499999999996,
        2.102561,
        3.559561,
        0.14125800000000002,
        2.005676,
        1.54099,
        1.512546,
        1.805314,
        1.262949,
        0.144049,
        0.268509,
        1.647499,
        2.0096030000000003,
        1.243878,
        0.221855,
        0.093331,
        1.642544,
        1.5403330000000002,
        0.8555349999999999,
        0.552187,
        1.101931,
        0.735077,
        2.175557,
        2.0907970000000002,
        1.3440239999999999,
        0.0,
        1.312759,
        1.9259439999999999,
        0.175371,
        1.7239190000000002,
        0.890836,
        0.987071,
        0.67728,
        1.8175350000000001,
        2.323473,
        1.4750029999999998,
        0.14763900000000002,
        0.753251,
        0.9505929999999999,
        0.781969,
        1.637361,
        0.517038,
        0.641657,
        1.975253,
        1.9459739999999999,
        0.954353,
        2.3257890000000003,
        1.924681,
        1.804059,
        1.6832770000000001,
        1.505596,
        1.27107,
        1.622693,
        1.930434,
        2.5440590000000003,
        2.430391,
        0.321553,
        0.363724,
        1.520293,
        0.841237
    ],
    [
        1.598983,
        2.8712820000000003,
        4.366839,
        1.3289849999999999,
        0.816965,
        0.23432,
        0.39401400000000003,
        2.0504209999999996,
        2.349235,
        1.456808,
        1.524527,
        2.25463,
        2.348411,
        0.311459,
        1.510354,
        1.38183,
        2.043274,
        0.421801,
        1.941821,
        1.425132,
        2.188218,
        0.932496,
        3.225679,
        0.9722649999999999,
        2.180857,
        1.312759,
        0.0,
        2.163857,
        1.4078,
        2.8523009999999998,
        1.682059,
        2.0733580000000003,
        1.536826,
        0.5354629999999999,
        3.00758,
        2.236995,
        1.4603989999999998,
        1.4611939999999999,
        1.8254190000000001,
        1.573192,
        1.785479,
        1.376585,
        1.501204,
        2.720848,
        2.706951,
        2.040639,
        3.005262,
        0.806149,
        0.685527,
        0.564745,
        0.447857,
        0.04169,
        2.2794369999999997,
        2.676029,
        3.36977,
        3.146945,
        1.4537339999999999,
        1.6197409999999999,
        2.165525,
        0.685646
    ],
    [
        1.911077,
        1.497246,
        2.678871,
        1.9978989999999999,
        2.9611970000000003,
        2.378552,
        2.530492,
        0.22407400000000002,
        2.771099,
        1.954039,
        1.8653710000000001,
        0.32027999999999995,
        0.266327,
        1.887688,
        1.737541,
        1.8326110000000002,
        0.38229599999999997,
        2.558279,
        2.310835,
        1.3737570000000001,
        2.6225569999999996,
        1.762173,
        2.6799079999999997,
        3.108743,
        1.373112,
        1.9259439999999999,
        2.163857,
        0.0,
        1.974481,
        2.47531,
        1.035108,
        2.516476,
        1.248664,
        2.4613449999999997,
        0.9675170000000001,
        0.47712099999999996,
        1.878307,
        1.303736,
        1.2935809999999999,
        1.143975,
        0.763518,
        1.408905,
        1.284286,
        0.723993,
        0.710096,
        2.480861,
        0.9651989999999999,
        2.942627,
        2.8220050000000003,
        2.7012240000000003,
        2.130396,
        2.1781680000000003,
        0.345086,
        0.701022,
        1.3297070000000002,
        1.106883,
        1.659988,
        1.931836,
        0.405651,
        2.3843739999999998
    ],
    [
        0.21349700000000002,
        2.076266,
        3.665778,
        0.135482,
        2.100716,
        1.636031,
        1.607587,
        1.8538510000000001,
        1.204771,
        0.031322,
        0.139041,
        1.696036,
        2.05814,
        1.3499469999999998,
        0.28376,
        0.199399,
        1.6910809999999998,
        1.635374,
        0.754596,
        0.600724,
        1.0437539999999998,
        0.841145,
        2.046088,
        2.185837,
        1.265362,
        0.175371,
        1.4078,
        1.974481,
        0.0,
        1.5944500000000001,
        0.939373,
        0.92872,
        0.725817,
        1.9236030000000002,
        2.387953,
        1.52354,
        0.15185400000000002,
        0.8017880000000001,
        0.99913,
        0.830506,
        1.6858989999999998,
        0.565576,
        0.690195,
        2.02379,
        2.03,
        0.8908250000000001,
        2.39027,
        2.019721,
        1.8991,
        1.778318,
        1.611665,
        1.36611,
        1.67123,
        1.978971,
        2.60854,
        2.4948710000000003,
        0.314493,
        0.234256,
        1.56883,
        0.936277
    ],
    [
        1.4296849999999999,
        1.314643,
        2.972299,
        1.705152,
        3.5590100000000002,
        3.080531,
        3.06588,
        2.3546799999999997,
        1.1615799999999998,
        1.5798699999999999,
        1.45541,
        2.1799969999999997,
        2.417291,
        2.711964,
        1.680375,
        1.747947,
        2.188708,
        3.093667,
        0.933397,
        1.569157,
        1.028492,
        2.067643,
        0.444204,
        3.644131,
        1.0959169999999998,
        1.7239190000000002,
        2.8523009999999998,
        2.47531,
        1.5944500000000001,
        0.0,
        1.565807,
        0.888599,
        1.4908050000000002,
        3.2985189999999998,
        1.838177,
        2.0038489999999998,
        1.715842,
        1.545876,
        1.31409,
        1.488606,
        2.312333,
        1.674083,
        1.526427,
        2.056622,
        2.002729,
        0.841908,
        1.840493,
        3.437989,
        3.3173670000000004,
        3.1965850000000002,
        2.98658,
        2.7843780000000002,
        2.157772,
        2.033651,
        1.8506749999999998,
        1.945095,
        1.685332,
        1.384437,
        2.07532,
        2.354545
    ],
    [
        0.875969,
        1.338182,
        2.7807429999999997,
        0.9627910000000001,
        2.479399,
        1.8967539999999998,
        2.0486950000000004,
        0.9144779999999999,
        1.735991,
        0.918931,
        0.8302630000000001,
        0.756663,
        1.118767,
        1.40589,
        0.702433,
        0.797504,
        0.7517079999999999,
        2.076482,
        1.275727,
        0.338649,
        1.587449,
        0.7615700000000001,
        1.842883,
        2.626945,
        0.647756,
        0.890836,
        1.682059,
        1.035108,
        0.939373,
        1.565807,
        0.0,
        1.481368,
        0.21355600000000002,
        1.941773,
        1.5029190000000001,
        0.584167,
        0.8432000000000001,
        0.268628,
        0.312122,
        0.108867,
        0.746525,
        0.373798,
        0.249178,
        1.180146,
        1.12542,
        1.445754,
        1.5052349999999999,
        2.4230549999999997,
        2.3024340000000003,
        2.181652,
        1.629834,
        1.658596,
        0.731857,
        1.135328,
        1.723505,
        1.609837,
        0.62488,
        0.896728,
        0.629457,
        1.707813
    ],
    [
        0.763955,
        2.0471690000000002,
        3.701787,
        1.003297,
        2.780454,
        2.301588,
        2.2873249999999996,
        2.395846,
        0.272982,
        0.9135449999999999,
        0.789679,
        2.238031,
        2.600134,
        2.1956439999999997,
        1.014644,
        1.0822159999999998,
        2.233076,
        2.315112,
        0.18956399999999998,
        1.18974,
        0.194959,
        1.551323,
        1.2958640000000001,
        2.8655749999999998,
        1.4857,
        0.987071,
        2.0733580000000003,
        2.516476,
        0.92872,
        0.888599,
        1.481368,
        0.0,
        1.280312,
        2.605627,
        2.567665,
        2.047176,
        1.037741,
        1.356282,
        1.367834,
        1.354143,
        2.238359,
        1.154591,
        1.2446890000000002,
        2.282931,
        2.229038,
        0.046674,
        2.569982,
        2.688175,
        2.5675529999999998,
        2.446771,
        2.3896729999999997,
        2.034564,
        2.1948670000000003,
        2.25996,
        2.580163,
        2.674583,
        0.969382,
        0.7217749999999999,
        2.092467,
        1.604731
    ],
    [
        0.662413,
        1.4405530000000002,
        2.935058,
        0.749235,
        2.334166,
        1.7515209999999999,
        1.903462,
        1.1280340000000002,
        1.5532929999999998,
        0.705375,
        0.616707,
        0.9702200000000001,
        1.3323230000000001,
        1.260657,
        0.488877,
