[
    [
        0.0,
        0.4794,
        1.575738,
        1.4022370000000002,
        3.3102840000000002,
        6.356877000000001,
        1.7551189999999999,
        4.013485
    ],
    [
        0.4794,
        0.0,
        1.884062,
        1.710561,
        3.618608,
        6.6652,
        2.062762,
        3.800456
    ],
    [
        1.575738,
        1.884062,
        0.0,
        0.44009899999999996,
        1.898924,
        5.192589,
        0.338689,
        4.1203389999999995
    ],
    [
        1.4022370000000002,
        1.710561,
        0.44009899999999996,
        0.0,
        2.1639090000000003,
        5.011869,
        0.586746,
        3.903416
    ],
    [
        3.3102840000000002,
        3.618608,
        1.898924,
        2.1639090000000003,
        0.0,
        6.308107,
        1.9161890000000001,
        5.676654999999999
    ],
    [
        6.356877000000001,
        6.6652,
        5.192589,
        5.011869,
        6.308107,
        0.0,
        5.274519000000001,
        6.916455
    ],
    [
        1.7551189999999999,
        2.062762,
        0.338689,
        0.586746,
        1.9161890000000001,
        5.274519000000001,
        0.0,
        4.278334
    ],
    [
        4.013485,
        3.800456,
        4.1203389999999995,
        3.903416,
        5.676654999999999,
        6.916455,
        4.278334,
        0.0
    ]
]