[
    [
        0.0,
        0.6020460000000001,
        0.34948,
        0.625263,
        0.788363,
        0.36102,
        0.6703060000000001,
        0.506767,
        0.443839
    ],
    [
        0.6020460000000001,
        0.0,
        0.252565,
        0.023216999999999998,
        0.973767,
        0.24102600000000002,
        0.06826,
        0.150781,
        0.158207
    ],
    [
        0.34948,
        0.252565,
        0.0,
        0.27578199999999997,
        0.9124260000000001,
        0.011538999999999999,
        0.320826,
        0.157286,
        0.094358
    ],
    [
        0.625263,
        0.023216999999999998,
        0.27578199999999997,
        0.0,
        0.9969840000000001,
        0.264243,
        0.045043,
        0.17399799999999999,
        0.181424
    ],
    [
        0.788363,
        0.973767,
        0.9124260000000001,
        0.9969840000000001,
        0.0,
        0.923966,
        1.042027,
        0.9785929999999999,
        0.966634
    ],
    [
        0.36102,
        0.24102600000000002,
        0.011538999999999999,
        0.264243,
        0.923966,
        0.0,
        0.309286,
        0.14574700000000002,
        0.082819
    ],
    [
        0.6703060000000001,
        0.06826,
        0.320826,
        0.045043,
        1.042027,
        0.309286,
        0.0,
        0.21904200000000001,
        0.226467
    ],
    [
        0.506767,
        0.150781,
        0.157286,
        0.17399799999999999,
        0.9785929999999999,
        0.14574700000000002,
        0.21904200000000001,
        0.0,
        0.062928
    ],
    [
        0.443839,
        0.158207,
        0.094358,
        0.181424,
        0.966634,
        0.082819,
        0.226467,
        0.062928,
        0.0
    ]
]