[
    [
        0.0,
        0.933929,
        0.716871,
        0.365428,
        1.0572840000000001,
        0.163531,
        1.680392,
        1.333048,
        0.376585,
        0.59688,
        1.017895,
        2.655685,
        0.802493,
        2.091819,
        1.7318330000000002,
        2.51751,
        1.108459,
        1.444096,
        1.69622,
        1.237725,
        1.6195,
        0.940616,
        0.724967,
        0.661141,
        1.428107,
        0.372542,
        0.752919,
        1.854905,
        1.765057,
        0.754514,
        1.136171,
        1.182445,
        0.714033,
        0.71484,
        0.49547,
        0.6119990000000001,
        1.566757,
        0.708743,
        0.43295999999999996
    ],
    [
        0.933929,
        0.0,
        1.6459659999999998,
        1.205846,
        1.98638,
        0.770397,
        1.3463409999999998,
        0.466597,
        1.029153,
        0.722174,
        0.650157,
        3.4357330000000004,
        1.706799,
        2.606865,
        2.660929,
        3.310707,
        2.0375550000000002,
        0.541042,
        1.137521,
        0.38083100000000003,
        1.011021,
        1.8697110000000001,
        1.654062,
        1.5902360000000002,
        0.571213,
        1.062215,
        1.4461600000000001,
        1.5188789999999999,
        0.908163,
        1.547711,
        1.328953,
        0.325551,
        1.407274,
        1.6439359999999998,
        1.0390540000000001,
        1.541095,
        2.1883760000000003,
        1.637839,
        1.278612
    ],
    [
        0.716871,
        1.6459659999999998,
        0.0,
        0.7720220000000001,
        0.418843,
        0.7604420000000001,
        2.119758,
        2.030856,
        0.843684,
        1.119262,
        1.582402,
        2.017244,
        0.164052,
        2.08265,
        1.0933920000000001,
        2.146444,
        0.470018,
        2.141904,
        2.2021509999999997,
        1.935533,
        2.1840059999999997,
        0.302175,
        0.08652599999999999,
        0.055703,
        2.125915,
        0.810622,
        0.362222,
        2.294271,
        2.462865,
        0.22933099999999998,
        1.6421020000000002,
        1.880253,
        0.338606,
        0.0020310000000000003,
        0.6762400000000001,
        0.10487099999999999,
        1.4257929999999999,
        0.082161,
        0.714083
    ],
    [
        0.365428,
        1.205846,
        0.7720220000000001,
        0.0,
        1.143921,
        0.388228,
        1.936433,
        1.604965,
        0.17669300000000002,
        0.8550800000000001,
        1.2739369999999999,
        2.742322,
        0.88913,
        2.356766,
        1.686253,
        2.334623,
        1.195097,
        1.716014,
        1.535161,
        1.5096420000000002,
        1.875541,
        1.027253,
        0.811604,
        0.747778,
        1.7000250000000001,
        0.143631,
        0.942367,
        2.1109459999999998,
        2.036974,
        0.571626,
        0.975112,
        1.4543620000000002,
        0.971579,
        0.8014779999999999,
        0.760417,
        0.6986359999999999,
        1.229632,
        0.679724,
        0.07276600000000001
    ],
    [
        1.0572840000000001,
        1.98638,
        0.418843,
        1.143921,
        0.0,
        1.100855,
        2.44271,
        2.37127,
        1.184097,
        1.442213,
        1.9228150000000002,
        1.598401,
        0.331445,
        2.250042,
        0.706152,
        2.148731,
        0.082778,
        2.482317,
        2.542564,
        2.275946,
        2.524419,
        0.137936,
        0.33231700000000003,
        0.449441,
        2.466329,
        1.151035,
        0.5920850000000001,
        2.617223,
        2.8032779999999997,
        0.605472,
        1.982515,
        2.220666,
        0.639043,
        0.420874,
        0.999191,
        0.445284,
        1.709794,
        0.45830200000000004,
        1.054496
    ],
    [
        0.163531,
        0.770397,
        0.7604420000000001,
        0.388228,
        1.100855,
        0.0,
        1.665474,
        1.1695170000000001,
        0.333129,
        0.581963,
        1.002978,
        2.6992559999999997,
        0.8460650000000001,
        2.2222910000000002,
        1.775404,
        2.540309,
        1.152031,
        1.280565,
        1.498607,
        1.0741939999999999,
        1.604583,
        0.984187,
        0.768538,
        0.704712,
        1.264576,
        0.366191,
        0.951701,
        1.839988,
        1.601526,
        0.777313,
        1.0927149999999999,
        1.018913,
        0.912815,
        0.7584120000000001,
        0.6484030000000001,
        0.655571,
        1.589556,
        0.7523150000000001,
        0.455759
    ],
    [
        1.680392,
        1.3463409999999998,
        2.119758,
        1.936433,
        2.44271,
        1.665474,
        0.0,
        1.198856,
        1.893488,
        1.216981,
        0.733847,
        3.3477449999999997,
        2.1051379999999997,
        2.083469,
        3.1111329999999997,
        4.095893,
        2.48776,
        1.1046310000000001,
        2.0548870000000004,
        1.2941790000000002,
        0.550664,
        2.319916,
        2.1157280000000003,
        2.051902,
        1.231703,
        1.950926,
        1.844499,
        0.174513,
        1.340941,
        2.2313020000000003,
        2.296609,
        1.349459,
        1.8056130000000001,
        2.1056019999999998,
        1.437393,
        2.002761,
        3.073725,
        2.23987,
        2.011343
    ],
    [
        1.333048,
        0.466597,
        2.030856,
        1.604965,
        2.37127,
        1.1695170000000001,
        1.198856,
        0.0,
        1.428272,
        1.1353330000000001,
        0.7977759999999999,
        3.8488919999999998,
        2.119958,
        2.7418069999999997,
        3.074088,
        3.709826,
        2.450714,
        0.11104800000000001,
        1.207845,
        0.09532299999999999,
        0.685889,
        2.28287,
        2.067222,
        2.003396,
        0.238121,
        1.4613340000000001,
        1.859319,
        1.371393,
        0.607108,
        1.9468299999999998,
        1.721533,
        0.15060300000000001,
        1.820433,
        2.057095,
        1.452213,
        1.954254,
        2.5874960000000002,
        2.050998,
        1.677731
    ],
    [
        0.376585,
        1.029153,
        0.843684,
        0.17669300000000002,
        1.184097,
        0.333129,
        1.893488,
        1.428272,
        0.0,
        0.821471,
        1.220979,
        2.782498,
        0.9293060000000001,
        2.396941,
        1.856622,
        2.4619560000000003,
        1.235272,
        1.53932,
        1.358467,
        1.3329490000000002,
        1.822583,
        1.0674290000000002,
        0.85178,
        0.7879539999999999,
        1.5233320000000001,
        0.033061999999999994,
        0.982542,
        2.057988,
        1.8602809999999999,
        0.741995,
        0.798418,
        1.2776690000000002,
        1.011755,
        0.841653,
        0.800593,
        0.738812,
        1.3089469999999999,
        0.8355560000000001,
        0.24945900000000001
    ],
    [
        0.59688,
        0.722174,
        1.119262,
        0.8550800000000001,
        1.442213,
        0.581963,
        1.216981,
        1.1353330000000001,
        0.821471,
        0.0,
        0.551385,
        2.852346,
        1.110767,
        1.876781,
        2.116762,
        3.0071619999999997,
        1.4933889999999999,
        1.194051,
        1.703914,
        0.98768,
        1.152989,
        1.325545,
        1.121357,
        1.057531,
        1.178062,
        0.8621939999999999,
        0.850128,
        1.388394,
        1.515012,
        1.142571,
        1.467105,
        0.9324,
        0.8112419999999999,
        1.111231,
        0.44302199999999997,
        1.00839,
        2.056409,
        1.151139,
        0.922611
    ],
    [
        1.017895,
        0.650157,
        1.582402,
        1.2739369999999999,
        1.9228150000000002,
        1.002978,
        0.733847,
        0.7977759999999999,
        1.220979,
        0.551385,
        0.0,
        3.2639340000000003,
        1.6432339999999999,
        2.05664,
        2.5973640000000002,
        3.4302979999999996,
        1.97399,
        0.765328,
        1.7464069999999998,
        0.8862709999999999,
        0.601604,
        1.806146,
        1.590497,
        1.526672,
        0.892401,
        1.2853299999999999,
        1.382595,
        0.905261,
        1.287595,
        1.5657059999999998,
        1.6310129999999998,
        0.834582,
        1.343709,
        1.5803710000000002,
        0.975489,
        1.47753,
        2.4081300000000003,
        1.574274,
        1.345747
    ],
    [
        2.655685,
        3.4357330000000004,
        2.017244,
        2.742322,
        1.598401,
        2.6992559999999997,
        3.3477449999999997,
        3.8488919999999998,
        2.782498,
        2.852346,
        3.2639340000000003,
        0.0,
        1.9344860000000001,
        1.608504,
        1.884869,
        3.751773,
        1.643931,
        3.9645799999999998,
        4.145605,
        3.758209,
        3.5294589999999997,
        1.740977,
        1.935358,
        2.052483,
        3.948591,
        2.754076,
        2.101906,
        3.519159,
        4.285541,
        2.208513,
        3.585556,
        3.702928,
        2.148864,
        2.023915,
        2.44476,
        2.0483249999999997,
        3.312835,
        2.061344,
        2.6575369999999996
    ],
    [
        0.802493,
        1.706799,
        0.164052,
        0.88913,
        0.331445,
        0.8460650000000001,
        2.1051379999999997,
        2.119958,
        0.9293060000000001,
        1.110767,
        1.6432339999999999,
        1.9344860000000001,
        0.0,
        1.918596,
        1.005994,
        2.342094,
        0.38262,
        2.231006,
        2.287773,
        2.024635,
        2.238527,
        0.214777,
        0.077526,
        0.19465100000000002,
        2.215017,
        0.896244,
        0.260639,
        2.285776,
        2.5519670000000003,
        0.37513799999999997,
        1.727724,
        1.969354,
        0.307596,
        0.166083,
        0.667745,
        0.190493,
        1.5715999999999999,
        0.22796799999999998,
        0.799705
    ],
    [
        2.091819,
        2.606865,
        2.08265,
        2.356766,
        2.250042,
        2.2222910000000002,
        2.083469,
        2.7418069999999997,
        2.396941,
        1.876781,
        2.05664,
        1.608504,
        1.918596,
        0.0,
        2.873819,
        4.341728,
        2.382254,
        2.708989,
        3.488904,
        2.829931,
        2.3221640000000003,
        2.2317669999999996,
        2.0771599999999997,
        2.194285,
        2.836061,
        2.363879,
        1.9636900000000002,
        2.257982,
        3.112441,
        2.374772,
        3.185051,
        2.7821550000000004,
        1.964568,
        2.165717,
        1.63918,
        2.190127,
        3.558094,
        2.227602,
        2.424297
    ],
    [
        1.7318330000000002,
        2.660929,
        1.0933920000000001,
        1.686253,
        0.706152,
        1.775404,
        3.1111329999999997,
        3.074088,
        1.856622,
        2.116762,
        2.5973640000000002,
        1.884869,
        1.005994,
        2.873819,
        0.0,
        2.19083,
        0.6233730000000001,
        3.156866,
        3.1695219999999997,
        2.950495,
        3.198968,
        0.812485,
        1.006866,
        1.12399,
        3.140877,
        1.845162,
        1.266634,
        3.291772,
        3.4778270000000004,
        1.2800209999999999,
        2.664831,
        2.8952150000000003,
        1.313592,
        1.0954220000000001,
        1.67374,
        1.119833,
        2.0105589999999998,
        1.132851,
        1.628854
    ],
    [
        2.51751,
        3.310707,
        2.146444,
        2.334623,
        2.148731,
        2.540309,
        4.095893,
        3.709826,
        2.4619560000000003,
        3.0071619999999997,
        3.4302979999999996,
        3.751773,
        2.342094,
        4.341728,
        2.19083,
        0.0,
        2.199907,
        3.8214140000000003,
        3.6949720000000004,
        3.615042,
        4.028163,
        2.255064,
        2.248927,
        2.23635,
        3.805425,
        2.4288939999999997,
        2.517358,
        4.263567,
        4.142375,
        1.9855509999999998,
        3.105331,
        3.559762,
        2.493741,
        2.182677,
        2.746931,
        2.273627,
        1.4835260000000001,
        2.132721,
        2.2772229999999998
    ],
    [
        1.108459,
        2.0375550000000002,
        0.470018,
        1.195097,
        0.082778,
        1.152031,
        2.48776,
        2.450714,
        1.235272,
        1.4933889999999999,
        1.97399,
        1.643931,
        0.38262,
        2.382254,
        0.6233730000000001,
        2.199907,
        0.0,
        2.533493,
        2.59374,
        2.3271219999999997,
        2.575595,
        0.189111,
        0.383493,
        0.500617,
        2.5175039999999997,
        1.202211,
        0.643261,
        2.6683980000000003,
        2.854454,
        0.656648,
        2.033691,
        2.271842,
        0.690219,
        0.472049,
        1.050367,
        0.496459,
        1.791763,
        0.509478,
        1.105672
    ],
    [
        1.444096,
        0.541042,
        2.141904,
        1.716014,
        2.482317,
        1.280565,
        1.1046310000000001,
        0.11104800000000001,
        1.53932,
        1.194051,
        0.765328,
        3.9645799999999998,
        2.231006,
        2.708989,
        3.156866,
        3.8214140000000003,
        2.533493,
        0.0,
        1.219684,
        0.206371,
        0.591664,
        2.393918,
        2.17827,
        2.1144439999999998,
        0.127073,
        1.5723820000000002,
        1.970367,
        1.2771679999999999,
        0.56735,
        2.057878,
        1.8325809999999998,
        0.261651,
        1.931481,
        2.168143,
        1.563261,
        2.065302,
        2.698543,
        2.1620459999999997,
        1.788779
    ],
    [
        1.69622,
        1.137521,
        2.2021509999999997,
        1.535161,
        2.542564,
        1.498607,
        2.0548870000000004,
        1.207845,
        1.358467,
        1.703914,
        1.7464069999999998,
        4.145605,
        2.287773,
        3.488904,
        3.1695219999999997,
        3.6949720000000004,
        2.59374,
        1.219684,
        0.0,
        1.2080229999999998,
        1.544174,
        2.4258960000000003,
        2.210247,
        2.1464209999999997,
        1.092611,
        1.391529,
        2.328198,
        2.229679,
        1.050334,
        2.0543560000000003,
        0.858133,
        1.1527429999999999,
        2.289313,
        2.200121,
        1.9210930000000002,
        2.09728,
        2.3652550000000003,
        2.1624540000000003,
        1.613205
    ],
    [
        1.237725,
        0.38083100000000003,
        1.935533,
        1.5096420000000002,
        2.275946,
        1.0741939999999999,
        1.2941790000000002,
        0.09532299999999999,
        1.3329490000000002,
        0.98768,
        0.8862709999999999,
        3.758209,
        2.024635,
        2.829931,
        2.950495,
        3.615042,
        2.3271219999999997,
        0.206371,
        1.2080229999999998,
        0.0,
        0.781212,
        2.187547,
        1.971898,
        1.908072,
        0.276351,
        1.3660109999999999,
        1.7639960000000001,
        1.466716,
        0.6133010000000001,
        1.851507,
        1.62621,
        0.05528,
        1.72511,
        1.9617719999999998,
        1.3568900000000002,
        1.8589310000000001,
        2.492172,
        1.955675,
        1.5824079999999998
    ],
    [
        1.6195,
        1.011021,
        2.1840059999999997,
        1.875541,
        2.524419,
        1.604583,
        0.550664,
        0.685889,
        1.822583,
        1.152989,
        0.601604,
        3.5294589999999997,
        2.238527,
        2.3221640000000003,
        3.198968,
        4.028163,
        2.575595,
        0.591664,
        1.544174,
        0.781212,
        0.0,
        2.407751,
        2.1921019999999998,
        2.128276,
        0.718736,
        1.886934,
        1.984199,
        0.723201,
        0.8279740000000001,
        2.167311,
        2.2537220000000002,
        0.836492,
        1.945314,
        2.181976,
        1.577094,
        2.0791350000000004,
        3.009734,
        2.175878,
        1.947351
    ],
    [
        0.940616,
        1.8697110000000001,
        0.302175,
        1.027253,
        0.137936,
        0.984187,
        2.319916,
        2.28287,
        1.0674290000000002,
        1.325545,
        1.806146,
        1.740977,
        0.214777,
        2.2317669999999996,
        0.812485,
        2.255064,
        0.189111,
        2.393918,
        2.4258960000000003,
        2.187547,
        2.407751,
        0.0,
        0.215649,
        0.33277300000000004,
        2.3496599999999996,
        1.034367,
        0.475417,
        2.500555,
        2.68661,
        0.48880399999999996,
        1.865847,
        2.1039980000000003,
        0.522375,
        0.304205,
        0.8825230000000001,
        0.32861599999999996,
        1.6496549999999999,
        0.341634,
        0.937828
    ],
    [
        0.724967,
        1.654062,
        0.08652599999999999,
        0.811604,
        0.33231700000000003,
        0.768538,
        2.1157280000000003,
        2.067222,
        0.85178,
        1.121357,
        1.590497,
        1.935358,
        0.077526,
        2.0771599999999997,
        1.006866,
        2.248927,
        0.383493,
        2.17827,
        2.210247,
        1.971898,
        2.1921019999999998,
        0.215649,
        0.0,
        0.11712399999999999,
        2.134011,
        0.818718,
        0.338167,
        2.3023670000000003,
        2.470961,
        0.297611,
        1.650198,
        1.8883489999999998,
        0.346702,
        0.088556,
        0.684336,
        0.112967,
        1.4940740000000001,
        0.150441,
        0.722179
    ],
    [
        0.661141,
        1.5902360000000002,
        0.055703,
        0.747778,
        0.449441,
        0.704712,
        2.051902,
        2.003396,
        0.7879539999999999,
        1.057531,
        1.526672,
        2.052483,
        0.19465100000000002,
        2.194285,
        1.12399,
        2.23635,
        0.500617,
        2.1144439999999998,
        2.1464209999999997,
        1.908072,
        2.128276,
        0.33277300000000004,
        0.11712399999999999,
        0.0,
        2.070185,
        0.754892,
        0.30649200000000004,
        2.238542,
        2.4071350000000002,
        0.285034,
        1.5863720000000001,
        1.824523,
        0.28287599999999996,
        0.053673,
        0.62051,
        0.049141,
        1.4814960000000001,
        0.13786400000000001,
        0.658353
    ],
    [
        1.428107,
        0.571213,
        2.125915,
        1.7000250000000001,
        2.466329,
        1.264576,
        1.231703,
        0.238121,
        1.5233320000000001,
        1.178062,
        0.892401,
        3.948591,
        2.215017,
        2.836061,
        3.140877,
        3.805425,
        2.5175039999999997,
        0.127073,
        1.092611,
        0.276351,
        0.718736,
        2.3496599999999996,
        2.134011,
        2.070185,
        0.0,
        1.5563930000000001,
        1.954378,
        1.404241,
        0.440277,
        2.041889,
        1.8165920000000002,
        0.24566300000000002,
        1.915492,
        2.152154,
        1.547272,
        2.049313,
        2.682555,
        2.146057,
        1.7727899999999999
    ],
    [
        0.372542,
        1.062215,
        0.810622,
        0.143631,
        1.151035,
        0.366191,
        1.950926,
        1.4613340000000001,
        0.033061999999999994,
        0.8621939999999999,
        1.2853299999999999,
        2.754076,
        0.896244,
        2.363879,
        1.845162,
        2.4288939999999997,
        1.202211,
        1.5723820000000002,
        1.391529,
        1.3660109999999999,
        1.886934,
        1.034367,
        0.818718,
        0.754892,
        1.5563930000000001,
        0.0,
        0.949481,
        2.09105,
        1.893343,
        0.708933,
        0.83148,
        1.310731,
        0.978693,
        0.8085910000000001,
        0.767531,
        0.70575,
        1.275885,
        0.802495,
        0.21639699999999998
    ],
    [
        0.752919,
        1.4461600000000001,
        0.362222,
        0.942367,
        0.5920850000000001,
        0.951701,
        1.844499,
        1.859319,
        0.982542,
        0.850128,
        1.382595,
        2.101906,
        0.260639,
        1.9636900000000002,
        1.266634,
        2.517358,
        0.643261,
        1.970367,
        2.328198,
        1.7639960000000001,
        1.984199,
        0.475417,
        0.338167,
        0.30649200000000004,
        1.954378,
        0.949481,
        0.0,
        2.025138,
        2.2913270000000003,
        0.5408959999999999,
        1.849058,
        1.708716,
        0.119991,
        0.360192,
        0.40710599999999997,
        0.281214,
        1.805796,
        0.444383,
        0.8627910000000001
    ],
    [
        1.854905,
        1.5188789999999999,
        2.294271,
        2.1109459999999998,
        2.617223,
        1.839988,
        0.174513,
        1.371393,
        2.057988,
        1.388394,
        0.905261,
        3.519159,
        2.285776,
        2.257982,
        3.291772,
        4.263567,
        2.6683980000000003,
        1.2771679999999999,
        2.229679,
        1.466716,
        0.723201,
        2.500555,
        2.3023670000000003,
        2.238542,
        1.404241,
        2.09105,
        2.025138,
        0.0,
        1.513479,
        2.405815,
        2.471123,
        1.521997,
        1.980126,
        2.280115,
        1.6119059999999998,
        2.1772739999999997,
        3.248239,
        2.414383,
        2.1858560000000002
    ],
    [
        1.765057,
        0.908163,
        2.462865,
        2.036974,
        2.8032779999999997,
        1.601526,
        1.340941,
        0.607108,
        1.8602809999999999,
        1.515012,
        1.287595,
        4.285541,
        2.5519670000000003,
        3.112441,
        3.4778270000000004,
        4.142375,
        2.854454,
        0.56735,
        1.050334,
        0.6133010000000001,
        0.8279740000000001,
        2.68661,
        2.470961,
        2.4071350000000002,
        0.440277,
        1.893343,
        2.2913270000000003,
        1.513479,
        0.0,
        2.378839,
        1.7598820000000002,
        0.582612,
        2.252442,
        2.4891039999999998,
        1.884222,
        2.386263,
        3.019504,
        2.483007,
        2.10974
    ],
    [
        0.754514,
        1.547711,
        0.22933099999999998,
        0.571626,
        0.605472,
        0.777313,
        2.2313020000000003,
        1.9468299999999998,
        0.741995,
        1.142571,
        1.5657059999999998,
        2.208513,
        0.37513799999999997,
        2.374772,
        1.2800209999999999,
        1.9855509999999998,
        0.656648,
        2.057878,
        2.0543560000000003,
        1.851507,
        2.167311,
        0.48880399999999996,
        0.297611,
        0.285034,
        2.041889,
        0.708933,
        0.5408959999999999,
        2.405815,
        2.378839,
        0.0,
        1.55139,
        1.864317,
        0.50819,
        0.23136099999999998,
        0.76138,
        0.288076,
        1.2649000000000001,
        0.14717,
        0.515413
    ],
    [
        1.136171,
        1.328953,
        1.6421020000000002,
        0.975112,
        1.982515,
        1.0927149999999999,
        2.296609,
        1.721533,
        0.798418,
        1.467105,
        1.6310129999999998,
        3.585556,
        1.727724,
        3.185051,
        2.664831,
        3.105331,
        2.033691,
        1.8325809999999998,
        0.858133,
        1.62621,
        2.2537220000000002,
        1.865847,
        1.650198,
        1.5863720000000001,
        1.8165920000000002,
        0.83148,
        1.849058,
        2.471123,
        1.7598820000000002,
        1.55139,
        0.0,
        1.5709300000000002,
        1.810173,
        1.640072,
        1.617239,
        1.53723,
        1.9510619999999999,
        1.633975,
        1.053156
    ],
    [
        1.182445,
        0.325551,
        1.880253,
        1.4543620000000002,
        2.220666,
        1.018913,
        1.349459,
        0.15060300000000001,
        1.2776690000000002,
        0.9324,
        0.834582,
        3.702928,
        1.969354,
        2.7821550000000004,
        2.8952150000000003,
        3.559762,
        2.271842,
        0.261651,
        1.1527429999999999,
        0.05528,
        0.836492,
        2.1039980000000003,
        1.8883489999999998,
        1.824523,
        0.24566300000000002,
        1.310731,
        1.708716,
        1.521997,
        0.582612,
        1.864317,
        1.5709300000000002,
        0.0,
        1.66983,
        1.9064919999999999,
        1.30161,
        1.8036510000000001,
        2.436892,
        1.900395,
        1.5271279999999998
    ],
    [
        0.714033,
        1.407274,
        0.338606,
        0.971579,
        0.639043,
        0.912815,
        1.8056130000000001,
        1.820433,
        1.011755,
        0.8112419999999999,
        1.343709,
        2.148864,
        0.307596,
        1.964568,
        1.313592,
        2.493741,
        0.690219,
        1.931481,
        2.289313,
        1.72511,
        1.945314,
        0.522375,
        0.346702,
        0.28287599999999996,
        1.915492,
        0.978693,
        0.119991,
        1.980126,
        2.252442,
        0.50819,
        1.810173,
        1.66983,
        0.0,
        0.336575,
        0.36822000000000005,
        0.257598,
        1.78218,
        0.42076600000000003,
        0.839174
    ],
    [
        0.71484,
        1.6439359999999998,
        0.0020310000000000003,
        0.8014779999999999,
        0.420874,
        0.7584120000000001,
        2.1056019999999998,
        2.057095,
        0.841653,
        1.111231,
        1.5803710000000002,
        2.023915,
        0.166083,
        2.165717,
        1.0954220000000001,
        2.182677,
        0.472049,
        2.168143,
        2.200121,
        1.9617719999999998,
        2.181976,
        0.304205,
        0.088556,
        0.053673,
        2.152154,
        0.8085910000000001,
        0.360192,
        2.280115,
        2.4891039999999998,
        0.23136099999999998,
        1.640072,
        1.9064919999999999,
        0.336575,
        0.0,
        0.674209,
        0.10284,
        1.427823,
        0.084191,
        0.712053
    ],
    [
        0.49547,
        1.0390540000000001,
        0.6762400000000001,
        0.760417,
        0.999191,
        0.6484030000000001,
        1.437393,
        1.452213,
        0.800593,
        0.44302199999999997,
        0.975489,
        2.44476,
        0.667745,
        1.63918,
        1.67374,
        2.746931,
        1.050367,
        1.563261,
        1.9210930000000002,
        1.3568900000000002,
        1.577094,
        0.8825230000000001,
        0.684336,
        0.62051,
        1.547272,
        0.767531,
        0.40710599999999997,
        1.6119059999999998,
        1.884222,
        0.76138,
        1.617239,
        1.30161,
        0.36822000000000005,
        0.674209,
        0.0,
        0.5653680000000001,
        1.961746,
        0.7524,
        0.827948
    ],
    [
        0.6119990000000001,
        1.541095,
        0.10487099999999999,
        0.6986359999999999,
        0.445284,
        0.655571,
        2.002761,
        1.954254,
        0.738812,
        1.00839,
        1.47753,
        2.0483249999999997,
        0.190493,
        2.190127,
        1.119833,
        2.273627,
        0.496459,
        2.065302,
        2.09728,
        1.8589310000000001,
        2.0791350000000004,
        0.32861599999999996,
        0.112967,
        0.049141,
        2.049313,
        0.70575,
        0.281214,
        2.1772739999999997,
        2.386263,
        0.288076,
        1.53723,
        1.8036510000000001,
        0.257598,
        0.10284,
        0.5653680000000001,
        0.0,
        1.5522170000000002,
        0.187031,
        0.609212
    ],
    [
        1.566757,
        2.1883760000000003,
        1.4257929999999999,
        1.229632,
        1.709794,
        1.589556,
        3.073725,
        2.5874960000000002,
        1.3089469999999999,
        2.056409,
        2.4081300000000003,
        3.312835,
        1.5715999999999999,
        3.558094,
        2.0105589999999998,
        1.4835260000000001,
        1.791763,
        2.698543,
        2.3652550000000003,
        2.492172,
        3.009734,
        1.6496549999999999,
        1.4940740000000001,
        1.4814960000000001,
        2.682555,
        1.275885,
        1.805796,
        3.248239,
        3.019504,
        1.2649000000000001,
        1.9510619999999999,
        2.436892,
        1.78218,
        1.427823,
        1.961746,
        1.5522170000000002,
        0.0,
        1.41207,
        1.1582919999999999
    ],
    [
        0.708743,
        1.637839,
        0.082161,
        0.679724,
        0.45830200000000004,
        0.7523150000000001,
        2.23987,
        2.050998,
        0.8355560000000001,
        1.151139,
        1.574274,
        2.061344,
        0.22796799999999998,
        2.227602,
        1.132851,
        2.132721,
        0.509478,
        2.1620459999999997,
        2.1624540000000003,
        1.955675,
        2.175878,
        0.341634,
        0.150441,
        0.13786400000000001,
        2.146057,
        0.802495,
        0.444383,
        2.414383,
        2.483007,
        0.14717,
        1.633975,
        1.900395,
        0.42076600000000003,
        0.084191,
        0.7524,
        0.187031,
        1.41207,
        0.0,
        0.659326
    ],
    [
        0.43295999999999996,
        1.278612,
        0.714083,
        0.07276600000000001,
        1.054496,
        0.455759,
        2.011343,
        1.677731,
        0.24945900000000001,
        0.922611,
        1.345747,
        2.6575369999999996,
        0.799705,
        2.424297,
        1.628854,
        2.2772229999999998,
        1.105672,
        1.788779,
        1.613205,
        1.5824079999999998,
        1.947351,
        0.937828,
        0.722179,
        0.658353,
        1.7727899999999999,
        0.21639699999999998,
        0.8627910000000001,
        2.1858560000000002,
        2.10974,
        0.515413,
        1.053156,
        1.5271279999999998,
        0.839174,
        0.712053,
        0.827948,
        0.609212,
        1.1582919999999999,
        0.659326,
        0.0
    ]
]