[
    [
        0.0,
        2.148189,
        2.632891,
        1.364685,
        2.564154,
        2.186166,
        1.042114,
        1.1793989999999999,
        1.0411030000000001,
        2.354523,
        1.586286,
        1.161818,
        2.7969540000000004,
        1.775025,
        0.173986,
        1.3013430000000001,
        1.175546,
        0.7448469999999999,
        1.600111,
        0.40973200000000004
    ],
    [
        2.148189,
        0.0,
        2.1151489999999997,
        1.195484,
        0.5591820000000001,
        0.1005,
        1.098827,
        1.075337,
        1.6810129999999999,
        2.317835,
        1.019842,
        2.1604650000000003,
        2.075109,
        0.868245,
        1.885194,
        1.0009890000000001,
        1.293277,
        1.487608,
        0.81668,
        1.725824
    ],
    [
        2.632891,
        2.1151489999999997,
        0.0,
        1.5883209999999999,
        2.078523,
        2.2127339999999998,
        2.02386,
        2.340937,
        1.974286,
        3.689238,
        2.379841,
        3.2552600000000003,
        4.026186,
        1.6467550000000002,
        2.695764,
        2.311688,
        1.776379,
        2.205585,
        1.801045,
        2.5089430000000004
    ],
    [
        1.364685,
        1.195484,
        1.5883209999999999,
        0.0,
        1.229214,
        1.2427739999999998,
        0.511568,
        1.056759,
        0.485529,
        2.405059,
        1.095663,
        1.79762,
        2.742007,
        0.416286,
        1.32659,
        1.02751,
        0.264087,
        0.690399,
        0.5168659999999999,
        1.051303
    ],
    [
        2.564154,
        0.5591820000000001,
        2.078523,
        1.229214,
        0.0,
        0.565437,
        1.4424190000000001,
        1.458951,
        1.7147439999999998,
        2.727738,
        1.449084,
        2.5797489999999996,
        2.228558,
        0.889019,
        2.268808,
        1.4202739999999998,
        1.401657,
        1.919613,
        0.94497,
        2.109438
    ],
    [
        2.186166,
        0.1005,
        2.2127339999999998,
        1.2427739999999998,
        0.565437,
        0.0,
        1.1368040000000001,
        1.1133140000000001,
        1.7283030000000001,
        2.23794,
        1.057819,
        2.198441,
        1.995215,
        0.9025789999999999,
        1.923171,
        1.0389659999999998,
        1.331255,
        1.512511,
        0.854658,
        1.763801
    ],
    [
        1.042114,
        1.098827,
        2.02386,
        0.511568,
        1.4424190000000001,
        1.1368040000000001,
        0.0,
        0.186682,
        0.57574,
        1.942356,
        0.786462,
        1.252927,
        2.295849,
        0.858975,
        0.802231,
        0.505109,
        0.28346,
        0.347371,
        0.676352,
        0.642861
    ],
    [
        1.1793989999999999,
        1.075337,
        2.340937,
        1.056759,
        1.458951,
        1.1133140000000001,
        0.186682,
        0.0,
        0.702546,
        1.776989,
        0.604174,
        1.327521,
        2.1304819999999998,
        0.715514,
        0.929037,
        0.35376799999999997,
        0.38162599999999997,
        0.474177,
        0.532891,
        0.769667
    ],
    [
        1.0411030000000001,
        1.6810129999999999,
        1.974286,
        0.485529,
        1.7147439999999998,
        1.7283030000000001,
        0.57574,
        0.702546,
        0.0,
        2.363739,
        1.207845,
        1.514012,
        2.717232,
        0.9134950000000001,
        0.945106,
        0.926493,
        0.292568,
        0.359526,
        0.945273,
        0.767695
    ],
    [
        2.354523,
        2.317835,
        3.689238,
        2.405059,
        2.727738,
        2.23794,
        1.942356,
        1.776989,
        2.363739,
        0.0,
        1.34546,
        1.365021,
        1.293082,
        2.039837,
        2.2131619999999996,
        1.4369390000000002,
        2.147876,
        2.2050929999999997,
        1.890883,
        2.103312
    ],
    [
        1.586286,
        1.019842,
        2.379841,
        1.095663,
        1.449084,
        1.057819,
        0.786462,
        0.604174,
        1.207845,
        1.34546,
        0.0,
        1.298891,
        1.682408,
        0.730441,
        1.3616700000000002,
        0.309849,
        0.995907,
        1.049199,
        0.576936,
        1.2023
    ],
    [
        1.161818,
        2.1604650000000003,
        3.2552600000000003,
        1.79762,
        2.5797489999999996,
        2.198441,
        1.252927,
        1.327521,
        1.514012,
        1.365021,
        1.298891,
        0.0,
        2.1360300000000003,
        1.867896,
        1.0204579999999999,
        1.191465,
        1.58676,
        1.210462,
        1.672623,
        0.98189
    ],
    [
        2.7969540000000004,
        2.075109,
        4.026186,
        2.742007,
        2.228558,
        1.995215,
        2.295849,
        2.1304819999999998,
        2.717232,
        1.293082,
        1.682408,
        2.1360300000000003,
        0.0,
        2.3062289999999996,
        2.5346640000000003,
        1.715804,
        2.426741,
        2.483958,
        2.152724,
        2.375294
    ],
    [
        1.775025,
        0.868245,
        1.6467550000000002,
        0.416286,
        0.889019,
        0.9025789999999999,
        0.858975,
        0.715514,
        0.9134950000000001,
        2.039837,
        0.730441,
        1.867896,
        2.3062289999999996,
        0.0,
        1.5323710000000001,
        0.701631,
        0.63647,
        1.1183640000000001,
        0.182622,
        1.373001
    ],
    [
        0.173986,
        1.885194,
        2.695764,
        1.32659,
        2.268808,
        1.923171,
        0.802231,
        0.929037,
        0.945106,
        2.2131619999999996,
        1.3616700000000002,
        1.0204579999999999,
        2.5346640000000003,
        1.5323710000000001,
        0.0,
        1.157606,
        1.1348340000000001,
        0.704135,
        1.349749,
        0.15937
    ],
    [
        1.3013430000000001,
        1.0009890000000001,
        2.311688,
        1.02751,
        1.4202739999999998,
        1.0389659999999998,
        0.505109,
        0.35376799999999997,
        0.926493,
        1.4369390000000002,
        0.309849,
        1.191465,
        1.715804,
        0.701631,
        1.157606,
        0.0,
        0.724654,
        0.767847,
        0.509292,
        0.920948
    ],
    [
        1.175546,
        1.293277,
        1.776379,
        0.264087,
        1.401657,
        1.331255,
        0.28346,
        0.38162599999999997,
        0.292568,
        2.147876,
        0.995907,
        1.58676,
        2.426741,
        0.63647,
        1.1348340000000001,
        0.724654,
        0.0,
        0.446803,
        0.479416,
        0.849962
    ],
    [
        0.7448469999999999,
        1.487608,
        2.205585,
        0.690399,
        1.919613,
        1.512511,
        0.347371,
        0.474177,
        0.359526,
        2.2050929999999997,
        1.049199,
        1.210462,
        2.483958,
        1.1183640000000001,
        0.704135,
        0.767847,
        0.446803,
        0.0,
        0.93909,
        0.456386
    ],
    [
        1.600111,
        0.81668,
        1.801045,
        0.5168659999999999,
        0.94497,
        0.854658,
        0.676352,
        0.532891,
        0.945273,
        1.890883,
        0.576936,
        1.672623,
        2.152724,
        0.182622,
        1.349749,
        0.509292,
        0.479416,
        0.93909,
        0.0,
        1.1903789999999999
    ],
    [
        0.40973200000000004,
        1.725824,
        2.5089430000000004,
        1.051303,
        2.109438,
        1.763801,
        0.642861,
        0.769667,
        0.767695,
        2.103312,
        1.2023,
        0.98189,
        2.375294,
        1.373001,
        0.15937,
        0.920948,
        0.849962,
        0.456386,
        1.1903789999999999,
        0.0
    ]
]