[
    [
        0.0,
        0.367527,
        0.378335,
        0.274026,
        0.462805,
        0.473618,
        0.28217000000000003,
        0.189942,
        0.503833,
        0.261258,
        2.6321260000000004,
        0.47700400000000004,
        0.342372,
        0.15306899999999998,
        0.704929,
        0.67929,
        0.138295,
        0.42716899999999997,
        0.079192,
        0.430439,
        0.423152,
        0.133721,
        0.17907,
        1.814099,
        2.132092,
        0.886126
    ],
    [
        0.367527,
        0.0,
        0.010809,
        0.403818,
        0.574605,
        0.5985090000000001,
        0.26064499999999996,
        0.31973399999999996,
        0.48230700000000004,
        0.47212,
        2.2645999999999997,
        0.109477,
        0.571006,
        0.520766,
        0.933563,
        0.475011,
        0.423143,
        0.169912,
        0.28833499999999995,
        0.54224,
        0.651786,
        0.343161,
        0.308861,
        2.042733,
        2.360726,
        0.900014
    ],
    [
        0.378335,
        0.010809,
        0.0,
        0.414627,
        0.585414,
        0.609317,
        0.271453,
        0.33054199999999995,
        0.493116,
        0.482928,
        2.253791,
        0.098668,
        0.5818139999999999,
        0.531574,
        0.944371,
        0.464202,
        0.433952,
        0.15910400000000002,
        0.299143,
        0.553048,
        0.662595,
        0.353969,
        0.31967,
        2.0535419999999998,
        2.3715349999999997,
        0.9108229999999999
    ],
    [
        0.274026,
        0.403818,
        0.414627,
        0.0,
        0.214421,
        0.252152,
        0.31846199999999997,
        0.084085,
        0.545763,
        0.068302,
        2.697975,
        0.513295,
        0.16718799999999998,
        0.176491,
        0.529745,
        0.878829,
        0.266901,
        0.5737300000000001,
        0.194834,
        0.20897300000000002,
        0.247968,
        0.317515,
        0.094957,
        1.638915,
        1.9569079999999999,
        0.6646599999999999
    ],
    [
        0.462805,
        0.574605,
        0.585414,
        0.214421,
        0.0,
        0.167056,
        0.313961,
        0.298505,
        0.460667,
        0.207447,
        2.612879,
        0.684082,
        0.18345599999999998,
        0.329051,
        0.491456,
        1.0496159999999999,
        0.41946100000000003,
        0.7445170000000001,
        0.383612,
        0.123877,
        0.259858,
        0.535037,
        0.302319,
        1.600627,
        1.91862,
        0.579564
    ],
    [
        0.473618,
        0.5985090000000001,
        0.609317,
        0.252152,
        0.167056,
        0.0,
        0.324775,
        0.324005,
        0.293611,
        0.245179,
        2.445823,
        0.694896,
        0.34406400000000004,
        0.353368,
        0.6586369999999999,
        1.06043,
        0.443777,
        0.755331,
        0.394426,
        0.043179,
        0.42484500000000003,
        0.517107,
        0.313133,
        1.767808,
        1.8987349999999998,
        0.412508
    ],
    [
        0.28217000000000003,
        0.26064499999999996,
        0.271453,
        0.31846199999999997,
        0.313961,
        0.324775,
        0.0,
        0.234377,
        0.221663,
        0.38676299999999997,
        2.5252440000000003,
        0.370122,
        0.485649,
        0.435409,
        0.805542,
        0.735655,
        0.37757,
        0.430557,
        0.20297800000000002,
        0.28159500000000004,
        0.56643,
        0.325659,
        0.223505,
        1.914712,
        2.1520230000000002,
        0.63937
    ],
    [
        0.189942,
        0.31973399999999996,
        0.33054199999999995,
        0.084085,
        0.298505,
        0.324005,
        0.234377,
        0.0,
        0.45604,
        0.152386,
        2.584333,
        0.429211,
        0.251272,
        0.260575,
        0.613829,
        0.794744,
        0.285341,
        0.489646,
        0.11075,
        0.293057,
        0.332053,
        0.23343,
        0.010872,
        1.723,
        2.040993,
        0.7365130000000001
    ],
    [
        0.503833,
        0.48230700000000004,
        0.493116,
        0.545763,
        0.460667,
        0.293611,
        0.221663,
        0.45604,
        0.0,
        0.538789,
        2.396293,
        0.591784,
        0.637675,
        0.6469779999999999,
        0.9522480000000001,
        0.957318,
        0.5992329999999999,
        0.6522190000000001,
        0.42464100000000005,
        0.33679000000000003,
        0.7184550000000001,
        0.547322,
        0.445167,
        2.061418,
        2.1766509999999997,
        0.493255
    ],
    [
        0.261258,
        0.47212,
        0.482928,
        0.068302,
        0.207447,
        0.245179,
        0.38676299999999997,
        0.152386,
        0.538789,
        0.0,
        2.6910010000000004,
        0.581597,
        0.160214,
        0.108189,
        0.522771,
        0.8688210000000001,
        0.198599,
        0.642032,
        0.26313600000000004,
        0.20199899999999998,
        0.24099500000000001,
        0.31417500000000004,
        0.163259,
        1.631942,
        1.949935,
        0.657686
    ],
    [
        2.6321260000000004,
        2.2645999999999997,
        2.253791,
        2.697975,
        2.612879,
        2.445823,
        2.5252440000000003,
        2.584333,
        2.396293,
        2.6910010000000004,
        0.0,
        2.1730329999999998,
        2.7898870000000002,
        2.79919,
        3.10446,
        2.342127,
        2.6877429999999998,
        2.329016,
        2.552934,
        2.489002,
        2.870667,
        2.614531,
        2.573461,
        4.213631,
        3.105915,
        2.313397
    ],
    [
        0.47700400000000004,
        0.109477,
        0.098668,
        0.513295,
        0.684082,
        0.694896,
        0.370122,
        0.429211,
        0.591784,
        0.581597,
        2.1730329999999998,
        0.0,
        0.680483,
        0.630243,
        1.04304,
        0.467885,
        0.53262,
        0.173893,
        0.397812,
        0.651717,
        0.761263,
        0.45940800000000004,
        0.41833800000000004,
        2.15221,
        2.470203,
        1.009491
    ],
    [
        0.342372,
        0.571006,
        0.5818139999999999,
        0.16718799999999998,
        0.18345599999999998,
        0.34406400000000004,
        0.485649,
        0.251272,
        0.637675,
        0.160214,
        2.7898870000000002,
        0.680483,
        0.0,
        0.189303,
        0.362528,
        0.949935,
        0.27971300000000004,
        0.69296,
        0.362022,
        0.300885,
        0.08075199999999999,
        0.39528800000000003,
        0.26214499999999996,
        1.471699,
        1.789692,
        0.756572
    ],
    [
        0.15306899999999998,
        0.520766,
        0.531574,
        0.176491,
        0.329051,
        0.353368,
        0.435409,
        0.260575,
        0.6469779999999999,
        0.108189,
        2.79919,
        0.630243,
        0.189303,
        0.0,
        0.55186,
        0.760632,
        0.09040999999999999,
        0.503657,
        0.232431,
        0.31018799999999996,
        0.270083,
        0.205986,
        0.27144799999999997,
        1.661031,
        1.979023,
        0.765875
    ],
    [
        0.704929,
        0.933563,
        0.944371,
        0.529745,
        0.491456,
        0.6586369999999999,
        0.805542,
        0.613829,
        0.9522480000000001,
        0.522771,
        3.10446,
        1.04304,
        0.362528,
        0.55186,
        0.0,
        1.312492,
        0.64227,
        1.055517,
        0.724579,
        0.615458,
        0.33287599999999995,
        0.757846,
        0.624702,
        1.17783,
        1.530084,
        1.071145
    ],
    [
        0.67929,
        0.475011,
        0.464202,
        0.878829,
        1.0496159999999999,
        1.06043,
        0.735655,
        0.794744,
        0.957318,
        0.8688210000000001,
        2.342127,
        0.467885,
        0.949935,
        0.760632,
        1.312492,
        0.0,
        0.670222,
        0.306599,
        0.668249,
        1.017251,
        1.0307149999999998,
        0.554646,
        0.768127,
        2.421663,
        2.739656,
        1.3750250000000002
    ],
    [
        0.138295,
        0.423143,
        0.433952,
        0.266901,
        0.41946100000000003,
        0.443777,
        0.37757,
        0.285341,
        0.5992329999999999,
        0.198599,
        2.6877429999999998,
        0.53262,
        0.27971300000000004,
        0.09040999999999999,
        0.64227,
        0.670222,
        0.0,
        0.41324700000000003,
        0.174591,
        0.400598,
        0.360493,
        0.115576,
        0.274469,
        1.75144,
        2.069433,
        0.856285
    ],
    [
        0.42716899999999997,
        0.169912,
        0.15910400000000002,
        0.5737300000000001,
        0.7445170000000001,
        0.755331,
        0.430557,
        0.489646,
        0.6522190000000001,
        0.642032,
        2.329016,
        0.173893,
        0.69296,
        0.503657,
        1.055517,
        0.306599,
        0.41324700000000003,
        0.0,
        0.416129,
        0.712152,
        0.778595,
        0.302526,
        0.478773,
        2.169542,
        2.487534,
        1.069926
    ],
    [
        0.079192,
        0.28833499999999995,
        0.299143,
        0.194834,
        0.383612,
        0.394426,
        0.20297800000000002,
        0.11075,
        0.42464100000000005,
        0.26313600000000004,
        2.552934,
        0.397812,
        0.362022,
        0.232431,
        0.724579,
        0.668249,
        0.174591,
        0.416129,
        0.0,
        0.35124700000000003,
        0.44280200000000003,
        0.122681,
        0.099877,
        1.83375,
        2.151742,
        0.8069339999999999
    ],
    [
        0.430439,
        0.54224,
        0.553048,
        0.20897300000000002,
        0.123877,
        0.043179,
        0.28159500000000004,
        0.293057,
        0.33679000000000003,
        0.20199899999999998,
        2.489002,
        0.651717,
        0.300885,
        0.31018799999999996,
        0.615458,
        1.017251,
        0.400598,
        0.712152,
        0.35124700000000003,
        0.0,
        0.381666,
        0.473928,
        0.269954,
        1.724629,
        1.8704280000000002,
        0.455687
    ],
    [
        0.423152,
        0.651786,
        0.662595,
        0.247968,
        0.259858,
        0.42484500000000003,
        0.56643,
        0.332053,
        0.7184550000000001,
        0.24099500000000001,
        2.870667,
        0.761263,
        0.08075199999999999,
        0.270083,
        0.33287599999999995,
        1.0307149999999998,
        0.360493,
        0.778595,
        0.44280200000000003,
        0.381666,
        0.0,
        0.476069,
        0.34292500000000004,
        1.442047,
        1.76004,
        0.839547
    ],
    [
        0.133721,
        0.343161,
        0.353969,
        0.317515,
        0.535037,
        0.517107,
        0.325659,
        0.23343,
        0.547322,
        0.31417500000000004,
        2.614531,
        0.45940800000000004,
        0.39528800000000003,
        0.205986,
        0.757846,
        0.554646,
        0.115576,
        0.302526,
        0.122681,
        0.473928,
        0.476069,
        0.0,
        0.222558,
        1.867016,
        2.185009,
        0.929615
    ],
    [
        0.17907,
        0.308861,
        0.31967,
        0.094957,
        0.302319,
        0.313133,
        0.223505,
        0.010872,
        0.445167,
        0.163259,
        2.573461,
        0.41833800000000004,
        0.26214499999999996,
        0.27144799999999997,
        0.624702,
        0.768127,
        0.274469,
        0.478773,
        0.099877,
        0.269954,
        0.34292500000000004,
        0.222558,
        0.0,
        1.733872,
        2.051865,
        0.725641
    ],
    [
        1.814099,
        2.042733,
        2.0535419999999998,
        1.638915,
        1.600627,
        1.767808,
        1.914712,
        1.723,
        2.061418,
        1.631942,
        4.213631,
        2.15221,
        1.471699,
        1.661031,
        1.17783,
        2.421663,
        1.75144,
        2.169542,
        1.83375,
        1.724629,
        1.442047,
        1.867016,
        1.733872,
        0.0,
        1.643138,
        2.180316
    ],
    [
        2.132092,
        2.360726,
        2.3715349999999997,
        1.9569079999999999,
        1.91862,
        1.8987349999999998,
        2.1520230000000002,
        2.040993,
        2.1766509999999997,
        1.949935,
        3.105915,
        2.470203,
        1.789692,
        1.979023,
        1.530084,
        2.739656,
        2.069433,
        2.487534,
        2.151742,
        1.8704280000000002,
        1.76004,
        2.185009,
        2.051865,
        1.643138,
        0.0,
        1.768229
    ],
    [
        0.886126,
        0.900014,
        0.9108229999999999,
        0.6646599999999999,
        0.579564,
        0.412508,
        0.63937,
        0.7365130000000001,
        0.493255,
        0.657686,
        2.313397,
        1.009491,
        0.756572,
        0.765875,
        1.071145,
        1.3750250000000002,
        0.856285,
        1.069926,
        0.8069339999999999,
        0.455687,
        0.839547,
        0.929615,
        0.725641,
        2.180316,
        1.768229,
        0.0
    ]
]