[
    [
        0.0,
        2.2602379999999997,
        2.6907020000000004,
        1.8053810000000001,
        3.777812,
        4.210677,
        4.219062,
        0.980444,
        4.011602,
        3.6491860000000003,
        2.991896,
        4.001614,
        3.973056,
        1.183307,
        3.070294,
        0.658778,
        0.642907,
        4.491387,
        4.432183,
        1.6378620000000002
    ],
    [
        2.2602379999999997,
        0.0,
        1.440618,
        2.492025,
        2.010277,
        2.269275,
        2.286763,
        2.2588649999999997,
        2.079303,
        1.974667,
        2.174667,
        2.069315,
        3.707816,
        2.410049,
        1.90405,
        2.767226,
        2.9414890000000002,
        2.438329,
        2.69851,
        1.082678
    ],
    [
        2.6907020000000004,
        1.440618,
        0.0,
        3.653598,
        1.292174,
        3.085441,
        1.992345,
        3.147086,
        1.9008699999999998,
        1.039218,
        0.8758360000000001,
        1.890882,
        5.110177999999999,
        3.29827,
        0.63938,
        3.388019,
        3.260943,
        2.895743,
        3.569228,
        2.355106
    ],
    [
        1.8053810000000001,
        2.492025,
        3.653598,
        0.0,
        4.454825,
        4.021604,
        4.731312,
        1.0296269999999998,
        4.523853,
        4.467026,
        4.286097,
        4.513865,
        2.396362,
        0.730603,
        4.05328,
        1.472056,
        1.938356,
        4.464333,
        3.711788,
        1.5045229999999998
    ],
    [
        3.777812,
        2.010277,
        1.292174,
        4.454825,
        0.0,
        2.86817,
        1.1158130000000002,
        4.085167,
        1.212484,
        0.106496,
        1.367396,
        1.2024949999999999,
        5.762427,
        4.236352,
        0.8742150000000001,
        4.309948,
        4.166894,
        2.583602,
        3.725788,
        3.136876
    ],
    [
        4.210677,
        2.269275,
        3.085441,
        4.021604,
        2.86817,
        0.0,
        2.447084,
        4.1146769999999995,
        2.255585,
        2.84744,
        3.722367,
        2.076701,
        3.743642,
        4.248024999999999,
        3.318154,
        4.673004,
        4.770734,
        0.994658,
        1.040119,
        2.854545
    ],
    [
        4.219062,
        2.286763,
        1.992345,
        4.731312,
        1.1158130000000002,
        2.447084,
        0.0,
        4.330869,
        0.323849,
        1.100665,
        2.362316,
        0.447804,
        5.890231,
        4.482053,
        1.869135,
        4.754058,
        4.847512,
        1.645056,
        3.451488,
        3.327029
    ],
    [
        0.980444,
        2.2588649999999997,
        3.147086,
        1.0296269999999998,
        4.085167,
        4.1146769999999995,
        4.330869,
        0.0,
        4.139956,
        3.900608,
        3.719679,
        4.129968,
        3.372534,
        0.299024,
        3.502172,
        0.759984,
        1.1682270000000001,
        4.484636999999999,
        4.196101,
        1.5486769999999999
    ],
    [
        4.011602,
        2.079303,
        1.9008699999999998,
        4.523853,
        1.212484,
        2.255585,
        0.323849,
        4.139956,
        0.0,
        1.195259,
        2.480582,
        0.185092,
        5.685697,
        4.274592999999999,
        1.9879939999999998,
        4.546598,
        4.640052,
        1.4945,
        3.259989,
        3.119569
    ],
    [
        3.6491860000000003,
        1.974667,
        1.039218,
        4.467026,
        0.106496,
        2.84744,
        1.100665,
        3.900608,
        1.195259,
        0.0,
        1.2572940000000001,
        1.185271,
        5.6519129999999995,
        4.12625,
        0.764113,
        4.199846,
        4.056792,
        2.566377,
        3.7085630000000003,
        3.026775
    ],
    [
        2.991896,
        2.174667,
        0.8758360000000001,
        4.286097,
        1.367396,
        3.722367,
        2.362316,
        3.719679,
        2.480582,
        1.2572940000000001,
        0.0,
        2.412808,
        5.890294,
        3.943054,
        0.48779,
        3.6088620000000002,
        3.460328,
        3.516715,
        4.348458,
        2.9998899999999997
    ],
    [
        4.001614,
        2.069315,
        1.890882,
        4.513865,
        1.2024949999999999,
        2.076701,
        0.447804,
        4.129968,
        0.185092,
        1.185271,
        2.412808,
        0.0,
        5.554344,
        4.253297,
        1.966698,
        4.525302,
        4.618145999999999,
        1.41988,
        3.081104,
        3.0982730000000003
    ],
    [
        3.973056,
        3.707816,
        5.110177999999999,
        2.396362,
        5.762427,
        3.743642,
        5.890231,
        3.372534,
        5.685697,
        5.6519129999999995,
        5.890294,
        5.554344,
        0.0,
        3.0251170000000003,
        5.721477,
        3.8007150000000003,
        4.2670140000000005,
        4.635363999999999,
        2.71946,
        3.055923
    ],
    [
        1.183307,
        2.410049,
        3.29827,
        0.730603,
        4.236352,
        4.248024999999999,
        4.482053,
        0.299024,
        4.274592999999999,
        4.12625,
        3.943054,
        4.253297,
        3.0251170000000003,
        0.0,
        3.688679,
        0.822785,
        1.2890840000000001,
        4.584604000000001,
        4.275086,
        1.661463
    ],
    [
        3.070294,
        1.90405,
        0.63938,
        4.05328,
        0.8742150000000001,
        3.318154,
        1.869135,
        3.502172,
        1.9879939999999998,
        0.764113,
        0.48779,
        1.966698,
        5.721477,
        3.688679,
        0.0,
        3.68726,
        3.5387269999999997,
        3.10273,
        4.1786080000000005,
        2.765926
    ],
    [
        0.658778,
        2.767226,
        3.388019,
        1.472056,
        4.309948,
        4.673004,
        4.754058,
        0.759984,
        4.546598,
        4.199846,
        3.6088620000000002,
        4.525302,
        3.8007150000000003,
        0.822785,
        3.68726,
        0.0,
        0.46629899999999996,
        5.013243999999999,
        4.934114999999999,
        2.062565
    ],
    [
        0.642907,
        2.9414890000000002,
        3.260943,
        1.938356,
        4.166894,
        4.770734,
        4.847512,
        1.1682270000000001,
        4.640052,
        4.056792,
        3.460328,
        4.618145999999999,
        4.2670140000000005,
        1.2890840000000001,
        3.5387269999999997,
        0.46629899999999996,
        0.0,
        5.140045,
        5.057833,
        2.263512
    ],
    [
        4.491387,
        2.438329,
        2.895743,
        4.464333,
        2.583602,
        0.994658,
        1.645056,
        4.484636999999999,
        1.4945,
        2.566377,
        3.516715,
        1.41988,
        4.635363999999999,
        4.584604000000001,
        3.10273,
        5.013243999999999,
        5.140045,
        0.0,
        1.906296,
        3.1495189999999997
    ],
    [
        4.432183,
        2.69851,
        3.569228,
        3.711788,
        3.725788,
        1.040119,
        3.451488,
        4.196101,
        3.259989,
        3.7085630000000003,
        4.348458,
        3.081104,
        2.71946,
        4.275086,
        4.1786080000000005,
        4.934114999999999,
        5.057833,
        1.906296,
        0.0,
        2.935734
    ],
    [
        1.6378620000000002,
        1.082678,
        2.355106,
        1.5045229999999998,
        3.136876,
        2.854545,
        3.327029,
        1.5486769999999999,
        3.119569,
        3.026775,
        2.9998899999999997,
        3.0982730000000003,
        3.055923,
        1.661463,
        2.765926,
        2.062565,
        2.263512,
        3.1495189999999997,
        2.935734,
        0.0
    ]
]